id,prompt_tokens,completion_tokens,total_tokens
56622f1a6309c52b2389d9eaf9ebdd78070d709073fccba54037f1db5a35a8f3,947,205,1152
67c77b9c341ed6bfd0aa2bffdb123d8608375a2a63021c9bb8c69a0b8d8a486b,1483,202,1685
466dc664164df4b819907cd00ee7600307d4bb78a3012954726c8856166120d6,1154,204,1358
2ba8fe0679ae18a651f3737688bcbb6eefd4e9140c2b093dfbe53cd873cd7c3b,1171,214,1385
ba5968ee3e9c0385921b9b7001f55ce1933c9d3cd227348bcb75c19eeb32b908,1310,145,1455
f3d8bfd044860db6ec262238071e46aaea5d51bbc990df0632a3cb5fc9a439d2,1066,137,1203
6a2a6545fe60bc88982a80c64a7747853c32a4b301ed18291dfe96e41f5867b4,1466,273,1739
4fe93dca7689fee205e8e5d4b38aa7d7b761cf778c09344b5d938d12797803ab,1093,214,1307
c2280afbac78aefc1ce906e18c5c195a81dca48236e7e9a4c1e8b76584941cd1,1122,210,1332
a3a2bc9888854783fc3e278d0d2a9c1c815ba393f3f2887a807dfd09df40ce4d,941,212,1153
8cb5949b5a26600602bdf3c7f315679920edd41c3da557cb7e9173ec476a6878,1878,320,2198
45e9fee6e3ae6d417b35e0b6cdc39d0e82e57b5a7357711de491469e928e9269,2280,318,2598
e3d04dd735df09d68dbb2647b8775e4f060b22624306705936b5fa74f60f69fb,1126,245,1371
3a253f79d36d4cb4e9b8a84da0eac662d094870d7a9b556b6c7ff1ea4a8c08eb,961,201,1162
d0cd58659df641c65857446e0f00af81377ff6d89adf18c4663418bdcee99aa9,1244,214,1458
146d684c9b455a8c2a63e8aaf3406d43746637fb720e4eade3f5a97d0f8d34c1,1081,221,1302
74964c46b6bdfb9f3c454c1c214c22cdb7b9eaf1a49580397df05b4d459c3d90,1447,222,1669
dfa276c3cd8b62e106d8b402fe73f313ddd7dd5cad7095ca5a5748d77bca5b8a,1382,262,1644
6d58ef16c2503aba68dbb26d3f96e1c021484f9b8c0f28602711faf794c493a4,1591,438,2029
2f54c9cb7a9de4913d272e0be9e5c9a9f0576a593eff5b8311aa4561f1b9c57a,947,215,1162
b39e5f47f3ff4fbca63a37d8f5ecdd0d1bf34e003a9393344e90e1dc1d237cc0,945,290,1235
7068c267ab88352c53864b352d6eb52b3faccae10eb7743529735f999e31cbd0,1342,282,1624
fe0f5a7f9f4cfebc9f1c00fe4028984a572c66990c834cac48739e83efebc1e1,1339,212,1551
52bbb4b5e996349d754c2e049063aed622595131bc530d416665a19a0639ca0a,1010,218,1228
091a476fd18a54c1e45d1889c8e7087bda07adc864cdb387a083486508fa404b,1178,322,1500
b3d2d65dd0fb3b889e32768958b6d02600d8eea67d5c59150a83cd6f73d5c5e8,909,206,1115
006e14bfc906ee290c7d10d74f367ded3835d95e100153cf2cd955026bac755a,2502,317,2819
ee997328bc77cfaa8ef1b623e641e9840332cb19faf1bd4f82d6f18c8a0f874c,972,208,1180
06aa398984bf88854e0432b17797d8de1f45fc32a441fbaab9ea9c9a09b21af3,1123,211,1334
13c736a8e3e34ac0dc91881cedcca17a16586504d478577f1d8ef27a08920aaa,1608,212,1820
68c32833fe9b74b4f221a9b6df13019cc63351de0fff181375e6c7870f96fd63,1013,340,1353
debf8ab8027412d33d9b44e7ac9fb1158c7c1281b0d1bc8c335aa90633e88a12,973,205,1178
999266e1c7c4eb38b42feb3d13f29eee588a97b0a247817faa52d1a2334b003f,1012,231,1243
944c9d2c2478704a97f2c968bb684ab27812b34837040b26e4d3f5a6af03efa3,1293,216,1509
7de551ececb24a5a8b2c19fe9479f77743c1c2919c7ddb721cb29067d57179aa,2011,538,2549
4ceff611ff7d17efeb3ffbcb068ecc7560a458ba6421a9fb39b7c740fe8aa442,1488,466,1954
8c9f3e8dcf960290ebcfc3ea06312404b2e85f7e80cdc47592ddcbc772e32f9d,1031,368,1399
ca9a131e707877df0b0da173ef35a897b3458da6fc4949237c3df062977137e0,1116,210,1326
ca7610d094679de43ceb6a92580cf0c3b9639a5019ecda61d860334bffaf2a09,900,211,1111
cd8c131a9ddc20f30d9fa13d9db42a9970e4c899cf964c2dc4fdad0d6b7cb6c9,1073,211,1284
0fe5e3a5d4eed8edc03b73495a92df7fccc7ac68ebbfefcf87677ad566ca276c,1091,227,1318
c8e76578eb1949e6b920f9cf8f8c49a36af8f2001c57c6fb3895f7da166c883d,1674,324,1998
f44d4a28a17f343235ff10f0b5ea840d6e6e555e4a95a04a9c760b2571bf367f,985,210,1195
b598e76b3e3f03bb6719440a9267bd509576dd77dd6c700f3770a7a67f3683c4,950,231,1181
3183e43f59701270835baf0cfff1831b2c46135c989b93e779296a77ceaa7b63,1277,206,1483
1eac4c2beeb0fff39dd20a810a942b80a53c0e0494d9a000ff2a9b39f29d3ae2,1360,210,1570
7ed81dcb8d0731f093dcfc1394bff4d7c424c800010c9e791b761f3544f14243,999,209,1208
8d16fa2f5ca1db0986919b1ab9c555c08098362c53a0a52650a166b4482cdda4,1013,214,1227
24e29554921221efb0a4d089ce2d5464309f59fa11f75b9efa05231fcd793835,2147,309,2456
e45796540d2ff54620b7c16421bd336991cfaf5ad867b721edacf5252657fafe,962,213,1175
315908d9169294f43865efcd8f67cbeac60d78099b00fca15b6fc06a805ed0f2,1389,772,2161
2cfbead6ac1128c22fe7c719fbb9d623b4b874a9950ed9c368bcbe01edead7f0,2027,661,2688
7e23af3917a25994caa624559d6a6fb814bdd44e6f4145c0740d498356961d55,1090,219,1309
6f909b38f8eda1a87b9111d37c5c69b06141142422c0b9a3d7860ccaef475a46,1790,685,2475
add0a9c5c0bfd99443ce2c3f58cdc3b446bc0d070db5da923171fbd01839b979,1646,323,1969
2dace6fd53fa0fe556062276910836cde86120356269b49348c7c618936a2dee,1292,220,1512
67dabe4a7be2fddbb12bd463d0eb0dccecc24c5d24d5c9e7f3ef96ba38974218,2051,328,2379
6518faff1e4f3e055b1708a9e85581598eb3dcf6dc202451e62c7c46d4aed2ea,1188,450,1638
f41098a0aa82428edc918d611920aa716af48a32682bb2d375a34c8015056102,1065,362,1427
ccf9d83f1519236e95791518f2a52bf158c65e2b5214b7cb80ac28dc0bbaf620,1090,202,1292
4285e6b93890846bf480aed7535d5db744fc5472c1b2a059f2204df9ae33540a,923,230,1153
a2b71ff02a1211eb0d287ce49e66bcef542cc7e8395932710b96ec5fe3ff21c0,2300,1019,3319
29d8a3d0ac240d549bfc10f41c5813c43959af09657fba8e4966b8c7c000a9e2,1003,291,1294
3e82017ee2d8892603318daa018721b00edd3f002ade4dbca8ed1a360713acef,1358,353,1711
69e5f7a37e0efbed5c372e5f475b267f884abac4d61fe49cc9fd68c9ca5ab675,1371,302,1673
2f97708456b4e668e9f4f9667a69806c26a5a7c62b4ed82403b86df5955df859,1561,212,1773
f139659739f403f62ba216239cf97b281652a14919d888c659871728a898efb1,1272,366,1638
9574720f18bf902493252365a481e3f64be6f95955b2d98ca4dca0c0cf7c90b1,1010,303,1313
3f93cba8ef43a157a76b73508ccf724ee727b7ce5c98df1db6425e92a5a944f2,1298,211,1509
4a94dee5d51f68ce9d1c0fa9fd3a107ee972d90a55c45a8365c07b98f5db6b0a,2129,425,2554
930f35fa93f4980a469da671ec51173fe02e3eded251dbecc7ee758dc53122c3,1040,285,1325
3c6b68b2e36cd31977ffe81335c9d448e1df5835e3d060ca92ae51edfd5de96b,1122,494,1616
83c0065db5672ab84fd679b598fab0396976c4ade8cd008245da6208b18cfe96,899,206,1105
04c6ea183eb0ddf51d5b472031124074a8b7b9de2755c19320fb9934e1ecb6af,1662,880,2542
8e12a399a7f0b84df1aba1077eb7ddbf9b1c2d412da39705d89ee59e2be7bfbe,1615,210,1825
26c338894d11affc5f0c61b7dad934d8df37f7a7cbb83c80d08988622f2cfe3e,1148,340,1488
2cc8fbfffc2d5374214b939fa159bcfb91efe42d0b262f772491ab1d556d96c9,944,217,1161
39ba33059f8e9b98e8a366ac5567b5ab9a2400868e0fedbaa26d2443de4e2238,1486,392,1878
73d45dc1eee3aacf825b2f100ebfa8e770c1876166d970b47ac169bef3dda49c,2078,516,2594
97f36791198ca3843b67910e1c545d31fd3feacefb10c7f6833576d5d52b9e7c,1954,438,2392
5fd9cb7f756b2588d4b24cc93c65c924829056410b735057d443af466899a95d,895,202,1097
b3924d602a71102309aff2337baf4e1232b91a00a4330b22231ede7c1b830f69,1269,377,1646
f8e8aea3074666c8acfd31ab575df7882fde28be19127ff4231dd6a85535b6a4,1201,1321,2522
64b1ec918027756abffefbce46436423b0d09cf718de6cd4926798c5eb75fa9f,2168,592,2760
33336e5a1ac2eec48d96c0d6f09836ffebec1afd661bd58154429f1f799af602,2390,874,3264
b9e60efbaa2c5a4d5c8f7d0129f3c9b061f6d4350ca9aeda42bff3edd0d96fa9,1233,366,1599
0b144ba3ae86a9b24243517ff3cf73f3335478abfad148489272c5b554148ffc,991,354,1345
f6c383938d3ffc48511892bca6e3c6d0aee6f9994c1b87134cd98dc58868c33d,2457,1617,4074
2af87efb98887f3e57c946111112cb27eff6dcf2f37e9fc18abe4d7f74222cf9,1160,210,1370
80a7a7920171f91eb523f145995e6a6c4871be53a1833e87b0002fe9b65f7589,1718,313,2031
df1115d2d5cae1c8847a65691c13faaca312ba5a55dca2ed033c28e3a91f1707,1123,205,1328
d45817c9e1dc81391de459c262e7da1c3cfcd3b4daca8d33f9ea8349a6b06188,2160,667,2827
d9d18b728fe46404548ce7297ef192da223b59dfb385bb054ac6074890b40d76,1004,208,1212
d267f212b94339c98c8a910fa17a2f05f6270259787040b947673fc7a0caa264,971,208,1179
7a2792c9a5a67de4e8476d70679e4233c2deb59eb1d7a13eeeeb84561e581c37,1150,204,1354
edbe1e8ae99eb8b9258d1df68cad95fcf1219bcd0ceed344888d328e3b6a2451,1021,335,1356
7aaa446a1c1f17fc4cdef185d3361608912e6da0058ebf50fa250e7c0c7a9002,1409,292,1701
dd55e14c7b8dbd43deedb22498bb752117d6fd9be403a8a7d3c69a69dcef07df,1072,218,1290
e9da1e93eb8301bfa2ee2ef6669265fa6909d90959ac03dddbb08e77aabe73a1,1274,287,1561
23e5ff4cf1143d57ff20234e9ef195c6023bcc2bcbddf26cb9e8a7f3cde1488f,1340,292,1632
5f1e78d73905508b380418cb6c3acb53809e2729856cdfb9c6ddef316ccb2669,954,216,1170
08e6d17faeb8702d6ca6a9c267889d4f973c3b8e65c31f5314668258faf68fa7,1300,211,1511
da196adc8f3a1f25fa70f021bf9214da5f648ae78c44f3b30f180d30e9c75674,1270,222,1492
580dd01764df5b4b9d7d83816a4046ee5033a8298a5b1a102524d5ccc7ed8a15,965,219,1184
69a97a4746be166a12d7ac96a5203bf3aec1006883bebda134dc2cb9a3ac753c,1037,283,1320
58c86e9665b8a9080ddfaa7a337e416ffba4ac7bb677578b3799fedf3adac0b9,2217,331,2548
1e306e6f210225e925546c2f172f81e7ddae4423139d1bd72aedd4db73e2cb97,1143,314,1457
c914c6870e44be51a0df8208441565525b4e8e5d1b1366597101658368994c04,1161,204,1365
6a9b5d2b8cb47acb49387ccfb45ad55de6424da9fd376673a936d677cd0a616a,905,212,1117
97c65a677e8beec261ee605ab61f901beab5120f54ca801dc885aa2bc058a048,2256,319,2575
6e2b8197e998c24481e960b995aeaf3e67c1300b66c977d1bf8ea648849a892d,1589,312,1901
92815dc1fe36261d28e6d96d199f6cadb6e0018e3e70a8419562e7d65412177d,1849,318,2167
e03fa1fd26b740d28e8f640ecebe0142e19070d857adc5dd87aac20ebb5559cf,886,209,1095
b05c285c31d32f1ade9ab79ce2de81f5ee46f57e76f2a7463c0c6f218e841eb7,1555,506,2061
94a12e9e587b658d2c27060627e81c7493e2a55f02048836778899e9f903d389,1123,205,1328
cfd52a270900846f75f32c0c0d87c51ce7392142d1064a15e6679ebf3eafe9da,2203,541,2744
769983b13e757c3fce3a121efea29449d2ac21ee7695f8b75ea04b04ac7a801a,1016,207,1223
8154e0729d68d5b1831aad2e9556b2a4627efedd4b77ffc24d533a66d01d5246,1070,217,1287
92076f5ad96b450c31195fef42df6a774a1c670595bf5bdd415869c3e11dd348,1193,212,1405
c4599315d45a259c90c52fc66cff7ad3e942abf8a09ce9725e77e1f1d6f1d445,1146,210,1356
6a55fbf7a07c252b4e6383ca99edb7df680adbc51ffe7b8404daf8b592b10464,1206,252,1458
737f014b9424cf6d060618dcc08791bc6b89b7f790e03036cf49c4d307c7f1c8,1005,210,1215
7783a001568d8a3ce34688c3ee27fcb5669aeec7121561f87e163e12228edde8,1486,1224,2710
5933c155964fc8c7d0f256f69eeeda18ce4d561ef4480791a802760bffa054ca,1063,269,1332
3385fc149712e7f1b1de473a2dbf70344559c4f3114930f88e0f2eeae202a1b2,1113,214,1327
53a865d39ebe200c236e60897c297d0f43577be55357ac83b8c4a10ac3455024,1076,216,1292
5177ee8999d875a3c9f374dd7f7f76a2b0be766103d5106e1d50610017c2922a,1088,211,1299
23d8275ad2d1627325972a2022c21c101c23c59ebdb1620e89575416685cc17a,1365,317,1682
5fb8b3cbb66e15d6bbe8d9c4cd8b51768eef805e99a9c09c90a3face187f659e,1072,215,1287
de77a40207b455f29f8f235816316a81b3908f81ad41981b64361b8ddc76e45c,1386,290,1676
4a9ef2c93c922d87d7d7db20db57cd4a68db3c28004a5799fe162951209cd2ab,1333,297,1630
231c42e6fd608e116cdeff6e75ca0a755c0e08faafe2100de00c6b352399c592,1323,298,1621
aacd5a0928abd9e9b2619c8cbc5493cff971437a7e20777abba3a9704f9aef82,959,212,1171
4961cbea487fbad1dabd98ecf20fffe78263ff25ba5838bede0331ed04b8cabf,1188,531,1719
f764c03a1c5dc96643c70bc26cad5022a849e8a3bc2081dd34619d733a8f08ba,1452,209,1661
eef20cfe9390589f8234238f19a24f0a2bf11f33ba5b001d6e8ffb77a37a039a,1155,318,1473
8b1e3d99d40c149460e65b4415f2b576d8cca10e78a455a57169254731973ed2,2301,730,3031
7aa655bd71d4a6b932bfbd213089e9b48d3963a5edaf3a8e6174373702f12777,1214,330,1544
a64df0fbc855919d5ee9683bbcf77375389c6cbf4184f4078ec3cee4aba30771,1474,449,1923
3c4f2fd54472d59877cb4cd2781393618e96e58220faa6f8f9805d519b7fb31c,944,211,1155
9972fb39c2f268d608782e42f76a76587c84b434b157ee9a6c01f2a5138728cb,863,206,1069
4cd2fd390eae2c5014d6aa2949437d0d2d687ed5d71bd2f4af7506113c4b4449,1034,205,1239
605832f38807f017745dd40dc9a157c31d2ecc08aaef8107e0849fdfef4c9709,1000,287,1287
c1210604db5af23d93975b1617a57f31ab4b7e21df2367fd9b77973ceebbfad0,1123,205,1328
f23c4b21b5b15dab3a7d4f6e68aadf83bf9b51d1d3c6f24fff445f4503911aa2,1129,218,1347
f1f48425001c0d7a582c52f5beedc0e7b3ee3ee242be63b1d12a80594318a6a1,1281,380,1661
d9b3b847d92467367145661c920166f2c04aeafd6d30da40c44df73b9f297309,2206,559,2765
0f99baaf6fa9f7ff474ad6c7d7a29a1a704c00448fcfee703ca0d2b077eb2212,982,296,1278
1be2eb99fcb031b80064b4f65e17449f32c8b3516882195f06117920802f508f,1110,215,1325
0f76701ed325c06a58a3522186b13b32e94ce2376e8fa988762fe0d367a0ec15,1196,213,1409
a0f66c119623238462c138dda08babdbb83406758f1cfc5b2bfc3ed56e85799d,1162,910,2072
8caf18a45656e28917408517815b1171fb6b1a0d23b04d2ae5751b575f54b193,1033,210,1243
205ca2e64961eabc96a7d761dd8a51cf1d41acd486a6cfc7ba10ee6a33579303,1179,224,1403
b424ac103b63cef3640d85ac1373030f7dfc4074b5eec33a0dbe7df0e057beab,1049,358,1407
9ce51ab71b648c9e440afe6c02545227dcf1a5bf96dcad4ab961a98b7ad869b3,1205,328,1533
446bf9f3594158485908b284199fba7e45406eab235d25338a1d1ccf3d1215e4,1121,332,1453
7af650831716d4968ba591411624d5b4f0d5da7172a93ed85b8e6bfc65ecc0cf,895,212,1107
041623461d6b3d0e9421d55023ba3a41418974aacfdccb1a7d978e57b5ff01a2,1273,220,1493
f2b12fd0a89eaef74681e89363133fe9fe16f65d971e9e42d403b29e6cbf24f1,1808,711,2519
2d43cc21c07cd1564b7757d86eb5821973c0f22e7aa61ccaa9424553ed66c635,1105,234,1339
31c0b082af37914a13fbceeb54e65bf730a04bc39412e36b3ce48e51f8daac68,1364,208,1572
a0259445af22002683e1002fe6e63264739475772aab0da0bb63d80d541584ba,1000,208,1208
55bd2b74d5393845fc474def04c1742ebd0b36b4847191c919ffcfefd90a9d87,1463,524,1987
0b8824d5cae81a5ee5fae8c2126353919479f55c4ab8594cd95ea35b85ecd40d,1143,539,1682
09b60c6c39065a0e6da215799af0bcd175f2aa15b96675b0317445182608f69b,1015,221,1236
ebf0f7b38e4a6c12abf3d629a154de6bb487f334a921be3313540f8a02a46c1b,2144,930,3074
422258b694b598c93c3e3742443384998f91c6fdbf3df971831a00eb019c4725,1241,208,1449
0fc928712f25769e4e3865256dc3482464b0a41a650c663ee10200efb1dddb5c,1247,300,1547
83234ce7f6544e82609264cca21d458dfeff88139528d14b4d04d92a2131fb67,1976,662,2638
007c8f2418120e55e97f48e18161e110552188fcb64fe8d27ba0aac679060de5,1792,438,2230
a326505f2c2324061539450bee3845b04b7e429554728989222c3dd8b804fdac,1254,213,1467
88b3f27daa4828441b95e967747abb7728a2dc45a98f591a639f2317ad9faa12,928,218,1146
d42470365cbc837546215fa24bdd22f96d254acee6e7e4b5069c1e1be0f2430b,1119,203,1322
44a154437854f0142d07573d2ac8b183672afaae8990e6171b7099d7c8d944cc,916,208,1124
ad23ebaa2151f3b43c354bc103709a27d0597d48d79b39479001f664b63e2f9d,1243,246,1489
0159e511177fd64f2a5548b21b449737513a9e45e54581497056a559cdd38e94,1376,267,1643
0edc18a91f4236a21ef822399340e9968287b696ff4ac0ecd9feb1b14b336662,1377,459,1836
2f5f9a1f3c3b0b9bfd94a7681e09644f63dba9c4ba9cb00f3d396a6dabc1c0b8,2350,311,2661
99475546682f61ea482e284da7cd0b840b4c2892b44f759bf3ad5e1e6b063075,1133,312,1445
1b425c9e710732557c4ec0e02d5f532758805d31d89cc457ba063138923b122c,1146,213,1359
f4e0b7d583b61f6a396dcfe1b0f6ab77af90ed8c69ba6e9657c243266651e23f,1216,210,1426
035886e132b216d474983ba9d18f74e3d0e4e84ae56a3a24118e149eb1f74008,1061,215,1276
52e9a9db1b5879d5663aafa9e04f557285a05b569cfd28556d00d66367d2c920,1211,488,1699
21030ddada4753e8afb458d1b9d86f6d88485f7db09b021152c05065f078279a,1123,211,1334
97d317eefb35462d34c3bbfbfaf0419afeade27bf97372ecc62f9210c74f896b,1399,306,1705
200c6a1991537ad52facf9b6b7ccce7b06f35bd4d2de2865a37a0904b14c8bd7,1498,440,1938
3ba838a95fb33c26411a68a27e37fbaf73166ffceed2b41c9dd14440ddec9284,1106,295,1401
7e06a95b2f089f140a5bda4eff773fd863f38a03840415d8ad21abbf2c579f3e,926,205,1131
806f3b74f0b8f8d95738924a8ea538d63024dc42c0274e8ea7ff23d39e06605b,927,201,1128
03cd8af6d1dd3c944f5d9cae9f9c068fb0b05316e2f403af9af1867f4a361828,1015,215,1230
abe1bf08f7c11dd80c3d1dbace450e6edfb4c58d2cbcca6a9e699e66db2dfc84,1007,204,1211
ef8200e46d7b672d4b8eb4c13d3df973d52ab3e309c44893807b1a2ab610a62c,1220,583,1803
fa4000c564ee1a405427d38d750d46d8f79cb671961246bab30bead55e849bc0,2107,677,2784
f2d85083ae53e6c80f1523d0f5c7ba1a2fa6e9e2af12a48ec9884d60f84ba6ae,993,216,1209
487de33a6a73525244943319a7c1a6f64325302328132621a4f9503149da9345,925,246,1171
fc36941041af0b6be704ccab5d73943cb0e64782bfb850a85734b286476a18e7,2218,433,2651
8a475458a9609f342b6ad75364146a6624629220cfc0515b4950988cc452fd15,998,200,1198
e0fb802591917eba9ad3fbf418e82a4db10e906943273a5daa408beebdab06c8,918,210,1128
d480800b9d055840cf856923d7e773de856883e3d90ec819350691bb8463f470,879,206,1085
02084889bc16386b8d5fa0d7fde99014c42c14a586a185879a4a492f1780ce9a,962,210,1172
5e47ad4ad63daba457be62ee40d898fa4788e6fc2ecec8d972e36d039d54ca4b,1123,205,1328
6f54d53c8c5f56ec064ce16540065495c29ae1bda8af24ee540a5159f1ee4866,967,204,1171
14ed5030155089e0c113aad67cd0d23a6653832fdcc96f06b899ad4aa52cfe30,1018,208,1226
759d90720235b86755b0b96894794b0eca0945f0ee6d288e6bf3c4d53fc79807,1048,204,1252
c028e49932d526e9cbf25f6aea7c52c099732e8cbf549f29bfea63e4e5825a77,1102,203,1305
ece5fe0bfea378311bec2e5272aa09380e746e54919cab60aed86528ede90246,1687,783,2470
87f63eece939e94f2e8af2377e8b56fa0bbf96454b246848356dd205ce1f8176,2283,1448,3731
a7fccebc70bb80fb410c2c7728cfbf5941ec9ee3374c75fdeecfe6040a0377e8,1230,290,1520
8887a2037e30c62b98b9891038210636197c70d8cc6e2c8a23c3f65003013589,1200,212,1412
5c186eeb0b08f1b580c4f13ef73e0b4595a869f3149923d9d06ea76b079d2f70,1336,449,1785
a7a75a2fee6bb7b384b073e962ab7a2a57540d8e6c35659c8d743f429e84c97a,1306,217,1523
848fceaf319975a4b10b60840030d8e3bf9c38ee6c3deb5d3d4deb656bbe52a0,1607,333,1940
b48392fdf7e70a7a7c65012b362e677fef18a14fb1d8558bb16d7f1d13d6a5de,1308,217,1525
2c105b22da3eec10a1cf8c0f1d6963dd085da02d56319e770f51c37d6dd9e395,972,213,1185
52bbd44e6175eb1c79ba1062ba81ade5ebd014e309d7c4b241153c442f302bc1,1706,804,2510
4eeb7d34050d2e3bdbf8db72807df52e0191baad4e4899e6bf4cf1bc1c723d24,1315,286,1601
39ba741c172b32c269ba9fa5d4992aea16512c3a764eace22c9896a387f901ae,1055,215,1270
1ec1edbc2fe36d96279e29318d36b26e44cfee1aa591cc6cb27b0976eaf52f7d,1018,210,1228
8565ee8a5ca6bab8f2b39b5dc921ae32e6f7642f2c6a24b23ce899484b0cb65f,895,202,1097
bc312740fa4ded40b33c97104da2a1c839b37c57f7dd41afead107e079eea2cd,1160,214,1374
8531eb60f6404944052474112b15b7c448f155a1f3a605f62fd1f98d0b96244c,1063,284,1347
e6a498bdabd3ac157005d96ba0951ab149e4e44cb75047d18b4658d66d585819,1538,449,1987
f175566b1019f68b2b30a135b8c9963f82b2e157e80d1a01a106d465da4b3a7f,1293,461,1754
9c8da58163f35798f2df155f94e40df7237ae25aca53b1f4db21ba3e5872689b,1087,223,1310
bf42ce64268b8ac4c86492475028668ad2fa0de2a17170783f98d0b38338b4d7,1167,863,2030
12f73f0e6e861b1e1a444f28dd4a3853f9b0a1807a98390c0fc44a080fe85184,2213,766,2979
2efd01637746d4a02c8ef132d5bc4091ca9174a6e44e8df52c3c612128c115cc,1425,527,1952
b913028a33b444617b4d4e8c1bbf48334d048ed494c8366164debec2821a61d5,1101,215,1316
76cdb76ec5164954936aeec68dfeb822b2bc54fa57171ede9ec5d25a5e0f8f6f,1401,786,2187
f052d6d4d71045c26a31cd44d7f72715f4c82defef0772f6976299b808a8b435,1053,290,1343
4fe66f6dcb0d8345bfd290e6ae07ad1f7f6b899ba316bf460751d92765ac753a,892,215,1107
13e24ce2a54d563c1e08e93a4d32b9b2ecc91a25e52cf64bd7ec685aacc832d7,1123,205,1328
daa7cd24d7e7540c975b7e7b72fe40b7367a8615e3832f6675e0affdb069f74d,1399,449,1848
cdf3564c7c0f214cc5dcbad529fb1c33b8a5723ffa19239d10a0c33f5d2594da,1514,276,1790
3de3767cfe831d149fbab545745f321e634437f4e60284a13efabff69d6c6c66,991,208,1199
59e4c23c499814df3e2b52922a43e85f0b947c4b345bb4cbdb0c1c15cfc6edfc,1102,199,1301
17119d9359fbd7180e38d56988a5d9753b59b5ac7e5abe81ce1d220e032aeb0c,1159,214,1373
ff5d3862363666f5a381e4339c989c4762d42071660934a75bdd88491f882d5d,1126,204,1330
e871dd18f152017710523306eb988bd0a271cef9c5e2ee0a6428917188e7e4a5,1087,203,1290
eccf1c74adb543b384f8121663f6af0f1070d9bd1036c168f297db7d7601043c,929,208,1137
ff295df899e0e60d3054e19469393065cd6e99da94fb0a94acf3165fd485aaa6,1172,206,1378
7951a16dc2ed1ac95b80f97f6264ed6db876aa685d2161a5f21de6558e900afa,2065,319,2384
df5430dd48ab70ff50aee677ca2f88957f4d176ffca44e76c47d00b38eb0bd27,1184,205,1389
ba70bf55c898532d2ae156d064e495868d427f2f8a819dc1a239d8bf1667e7c1,1186,213,1399
46305ba25b730b3c9620f025b911ff66733d54d1b202fa805fd6f72792c0513a,1212,287,1499
2f835ce143326d1bfb3d982fb188dbbc0f74cac1c70e9f27fefad57e5f989d7e,1898,320,2218
19a163cb606792583c15ec42d8c11ce2bcfff5eb599ddd4a17b09022de04d9a2,1132,224,1356
7ab10068d8a83f77b0c19c3c676e06b1795770da235e6ed7c2888f7ef4d380c0,1450,293,1743
cd286374c41ee37c5c520053b53b03fd01e84a360f85c45265550f73bc3c8fe2,894,202,1096
8289e07f53dfd0da294428522d3ee6d743935d469677e232a0b0b7fdf348944f,1133,296,1429
d2bf7e3a7337294cd5298dfd94ee8928e26bfbb96e66d9ba4c6d87df0213a581,1122,207,1329
e51ec339dccbe78d1aa9829fb923d3009cca283daaf588212688b2c46b36a45a,981,209,1190
382ef0d59124abbc59e62a933d139ff99bcb12f61fe66ddb623f0a67c88a64bc,1397,216,1613
982957a4f6dd2dc4014f66c7cd9b49adbbb78a9f3274a2d25c1140d0bf7e7a44,1123,206,1329
5b64ab5a6b75656c945a48ccb22fd9b026f881070ecb0a354131615b5470dff4,1477,752,2229
a23dc5a694f09612895ff8398fff08a5e9e87050f721a2708c61d64766c55bfe,1618,665,2283
c50dd48b554443b265c2b7f33a2a3e5369d5ac96e8466b9d82d6cc9e3cf77017,871,208,1079
bd1e2071fcff9e189b8f30e8b34d9549292bf64fc41a48a0e6072dc9cba50159,1236,208,1444
925a023b017b346759703f482c280298f81cd98f882b82368d1336221dec87aa,943,208,1151
a41a0377359180e9c68f56152038ca94523c30a762607790086b5288ed7031f5,1130,209,1339
bb8ffcc9fafc87818aaeaadf5ce73fb8326af447b8621da7c1915249351ff7d5,915,203,1118
3fb90b5b2274ead40d5a7b68fd39012144bddd3709bd609396c2b816fb9145eb,931,211,1142
6e65ca87707e730032a11361d6849d7a7086c6528a56fd29c74960bd21e61120,922,257,1179
c7acc6833caaaf650604f66dd4edd65f38ec637d5ca551fa419e4884961324e3,2052,314,2366
86c4692bf4f98c410cf4ee81679896dd1e665856c666d67b534c0ab6591954de,1897,656,2553
2e32f6a476945d2a3c3ed121200f71139dcdcd84e9a7986b18faec913585731e,936,206,1142
7571a91d021081bfd8bcd910582072a86dffeb7d83b359db58b0e4a013ca780b,1145,210,1355
94967a3175e4b66b6a07a093b7a4334a9268f1153e36a77736b17312066a1962,1094,208,1302
6ad0b97e4a0ca203683a3e9f0df90c2d0c0d89be17931cb05083f6fad24fac56,1120,210,1330
7bae8d562b7e973ce9e908b129c3972642d7f4de1e70c42ef54e245fe252d99b,1619,629,2248
6e1ac5ea49ae45623d13361e24cdf045541b6a8f43cc70e174982b0012b04e4f,1151,202,1353
0df3f58d48120d6f59c20b60e3ae72709f1592cbd24c49866dd42bc845933102,1494,456,1950
b937e9b8d533f5890af8c801ce3d8c54d606ebd723eeec8f6da413d8038c2060,888,207,1095
6e47050b2903e9c1f5795c0f0fa9fdd647a45e32dfbde3a6ccb5fadeb89e1a45,2204,752,2956
d6d3159f1040ca883cabdca30e5c26f37a4f0a0b0992445201c7ef6b9c70e7d1,1444,203,1647
7b24a85a70fa14d9be357863dda142d8c818975f3e601f3b6b4f2e608fe7c48e,1159,288,1447
01dc17202de5a30c5bc991a362f44fcb4dd61fddb65c5f35e829725bc88133f8,2002,323,2325
c76321fb7ea0572a8966672342dffb0c4418ddd54458ccbb1c1d3c656653e41a,1387,778,2165
07234a5d65af99beb6dbdca44d22f0374dbe54d83353b3eef37a3cf62eecd5d7,1279,204,1483
eec736e3ed28bf609ab38490610b813b27fa533f055258779e5ba597509a36f9,1137,295,1432
0e8b9acd40a428dee62d72468a2622e77ee1958605c706cfc2f64a5e9bab05da,1062,215,1277
e6f1680cef7c921ba4adf00f05555aa802950d18d8175043b7ac7a10fe6e0290,1503,285,1788
c199e1c04b71b960092c6d22b3daf7585227e0552eb22e0e6523c1e959cac4b4,999,285,1284
5d2e5cc364ad87875eb6330f12a2a4ae0ca8f1c5c3f65f9600014152396d2607,1239,206,1445
a4781fca7130366adf880bfcea709f8505a0c672d2b35dd88e19d7d450c56957,1788,675,2463
5c0feca292d2a54be6ee991c5abf13c88f4eeeec2040562ad3ef2e475ce67899,1322,925,2247
a5413e0cb8a8099663e040c8a8ccebf707f146225b483fc0a4411c9ac863f540,936,201,1137
5640c8639dcaa2ad7082655f6be8c8ae505e25ebfca7d69e83f3672cb35978cc,1637,313,1950
2ecd11b954993d2c55be0f825be28f938a0d9c05512e1cfc6f350c1941e28698,1489,210,1699
f997d9be3db2419afbc1c12ee5b0db7328f03cb06a38a851ffbd9555462c83e4,1235,212,1447
9d3ce7c501e3d0c305b41cf973e3b192d3df8cd57cd9bb75256edbc88e89ee86,1081,212,1293
eccd53232d668a37d171154d1f87ce84e8d6532043c01209dee2babb468d9633,1003,280,1283
0769286073135e93746be0f98aa25e5a8eb396b782a74b7937216dc78528e922,1133,210,1343
4ac7563267eccdb96ac51f935723274267c6392f7dd6293e203dfdd49040721f,1101,1043,2144
50d33e78d8888950c6de6c19bbc5e874179b6447c2535f187390f6389debbb62,1268,214,1482
832e07d206d6026ae2079d99c86281e66e644cb9fe16ab52f5e5cfec7e5125b0,961,362,1323
fb1716452c6d262c8c0148e13a26fdf1d58f30a0bbab6989b59c85e37c446852,903,209,1112
14f657241bad89c5d2d324ff0866786134faeeacdcccca141602c7b169777036,1063,209,1272
e8d3c9c3eedbb76341d5ae79c2bc9a407df1d84848529e0a009e4290f4c1154e,2097,659,2756
2e600aa12ba195647834d4a5579afee6ebdf42127702a1c80ddb8bec77a41102,1043,204,1247
e1b15910da58e23ce004236d3d771343693c3f7fd17da03a5f4900205892faf1,986,211,1197
b92bf4505e9c67d3b91d02a85a650ed196d7f220217b35ac8a81942c8836a66b,1123,205,1328
5d9d6ccabd7fb59d7e84d4a0f259c1efaccb002bab8286d709038c2be9570cc5,1713,553,2266
35a378e52828382acebb7e8963191e99299997810d5fd317f6653f4c4841f1c7,1101,210,1311
f66f5266869d8212e882f784c7d1a5d2bfd04c36a2fe1db067796c2c63f895d6,1086,224,1310
b5a803ee4c08a032363860b4e7861e52820d77cee936cfd53b41d4e3081110e1,1555,201,1756
e8ec90795064e4b31319b0ac0e18e4d90b4dcc30dbb267f752166f14442829d9,1919,322,2241
6d5f0f358f1dde874fd87c7e4ead2a1bdb9b01018deeb5014fb9243a16a88b14,1248,291,1539
276c4b46b2f62830ceb643c1a382c2abf055a1225ac1df6d2cbd7dd75c6f51a7,2060,447,2507
ef166d7a926613a81511ee272e25ce53c36cf3bed32bbafe1da1229bf6eab501,933,208,1141
638343410ecbd5d4956cc242aa85c055f4a06d7ff09cdd3984d97445b53338a2,966,208,1174
55400b4899594eb465648b2801cc827b56df3d79e8edd5f7bc51a2da03b19022,1196,214,1410
ac76c6da5fbaf821edd6a40a977f31eb353be75d043d48e663864e736fad0355,1105,225,1330
5d0f80351cfccc3d417949678870610ceb1aaba7c28751a9e31bd0d10e8e075d,997,212,1209
6d85e74fc850d268c47bc29dc75a04244ec370cee8dd6139c0725609e439d205,1546,297,1843
57de86b3c8371f56fea35f7896642f1fb19672f5eb89bcdad8a37658591d5a16,2133,318,2451
2d322105ef540b91a4082159039dcf57683f1eff4c134005a98c5bca004c8735,1044,211,1255
c878b4d0baa573663aebfb8344f02acdfb42b678c5b07640b9e106747a7c8263,923,212,1135
3afcbf01b4f78f57df9a39a1534d3755bc2faabb369f392bcb6607cd0bbf5ede,987,210,1197
ba1dae87b02e5b58be60fcb610dd5aeb1b61313c16c466683995401c871d5f6c,1037,210,1247
72813335f2d6fd4328bace0a8e62ea9548129235b63308ebf4989cec42ee2763,1542,210,1752
ed90b5734158c3ca42ca13158c8a9a1a9f787853a7802617c1cced31fb0cdfdc,1136,498,1634
0bd8a7f719574997a0027a1fd441897f4b322fc80ba99b8e6ed37c6e59b03ead,972,203,1175
16a62f0522e6e17b7f71cdc50f5cd77b71db846eb35ce3e1dd06aeb9abf77fc9,1712,310,2022
2ac503133fd63de631bd0e3d170c87838cc53f27e7af7b59221581ea4c18f1ad,1346,214,1560
ffee45cbf2e770597429ca0ea527b1a6e40f6237126920ce641925ef1566d25b,879,200,1079
5fb235f314c67db75552b4da798a4dcb612b4039fc45f8119f793a0833f0ccdb,1186,209,1395
cb8017a75294f16f8a8c42cea1cfd75a9b9a0eb1a6c7274337f28b6935807d3b,1402,219,1621
832bf8b3e36767e23452c0b8cda7873d10d39fe2e1fb57fb884c37454687977c,1263,205,1468
9e6718d84052c2d0b7fae3d921226d77f6225e40f7b58952485ad554df809497,1264,223,1487
92ddf2146b046f927cce76fab25b6324084bb80c5ec18b2c5c206808baf9dbd1,1841,780,2621
309f42194fd93fea21c8fa8c034c0c23439b5a4d7ea704b9a3e137e91f181c0c,1020,211,1231
80e9c4d92ea76b05b96cb5cc6e8fefcebf2e6f2992e8d9fd9c1569ddafa9d238,1742,659,2401
a72ae5d43ad82c97b3588820aac10371a11ae3e03ae99be6d99d4e36af123ba2,1850,318,2168
73222b034d1fdbfeb8eb20aa4073d61349302634a03747abb6f3a19aa16518a4,930,285,1215
37adf4f0a01b24d824c8acd678168ce27438cf42f76bc176ce93fe1ca32ee14f,1134,208,1342
f1ed5be7bfe39ac0f964a0968ad109bfa90af7d8a079a7b0f140323c12381088,1057,295,1352
0ef1fbabe639667f381fe6d0a3211e4803eb7c9171f9ea8c7d05af7909a15bb6,1899,667,2566
0ac326fdfd9ed95154160f3455683f76fdc45efdc446f110d85b0b8fd00dd27c,1020,252,1272
37d85d2f1d148f68c1f5d3922de357b7bdaae38cdd6b5ddf38f6e51ff35e0c2a,980,389,1369
290ae0060076f9d91d795969c645935b6449729c0414270db6b7e62632b4a78b,1951,317,2268
44ce8eb2423d8b0a8f58fcf3801190f8ab63c42af31e44ae732fed0cd4b75133,1121,296,1417
6aaa6dab6f253a3c286d64c2f0bc317c28a33606c766279dccb2b9bca8e01d37,1105,283,1388
3623e71c0db3ac5e4b49e98099308e23770af497798cd9af0d9e7bab665820cb,1385,202,1587
c663b2bd3c70598e5f992a672c43200bcefd4f4ad9c6fb3efd2e4ce8516dae34,1016,208,1224
8972c719f45ffc35d0946b741481cbb6f080f92e5555a717e3336b138560c3c0,1420,524,1944
9cd5a4262be1ad5cccecdb159a98c98d7aff05b2bae5a2a8b130b17533a15572,1051,210,1261
f68b9c14c23e30e834d629e7cb8bece04d48c6da7731f096d9ba4c90877bd018,1123,205,1328
ac354fd58883940ea5b57a322cca8e6aadf80612cfa0e24505165b41c8a0bed5,1795,320,2115
441b3524feb6c62fd8e049bdc46e1388e8563274fe3f8b7d824ecc411135e4d2,1008,286,1294
a5b99ef939e7dccf0bf5052364992c8c8b4912ecfebc24b01668824473c0ca55,976,314,1290
f9fba70640cc29f6e72bb69b66f3b992b9b7852ae4474a70aaebf5afcbccc872,1387,931,2318
0a871a29c396a619a7cb063b6adb7ef03a1e453a50726a5f1b66735d4f74bdf2,1182,212,1394
7145213ab24107b4d912f9f7801dedc37999d1cff1910f4f2f2cd78343346376,1040,281,1321
c9655298473734ad2007a277352a88eae5244b000e96254466bb71e8844ccd53,978,298,1276
65113f3069b7c4c170edfe4aaf329d4060fd032d9b89dac15c739c60adff6f27,932,205,1137
b826ef1ebedd381cb85bc15d6faaa87bb407331cd761b7bdf49442b601f5b3e8,912,303,1215
485d5838c8cf7b697c0db6962ddcc56ee9c4dea7838ee163bbaa1263506310c3,1056,715,1771
46dc6cba77800dada2ce0cc7b8059c0f64e2f722b6fb2a0f7db9b3b6027c7a72,1319,918,2237
b758095bd4014f055d334d64ed2f0bd3cd819ea84906f33a40a3aca012f30635,1038,209,1247
2ec043a78b8192b74dffff10320c4bc0f57631275feb6c4a2a43f3a0ef4dc085,1406,207,1613
0b7c483926781314881cdce5811c82620bfcdf45e52a17ec6d9921137ce3b327,1240,207,1447
9f162ac30320aee3c5bc5ffa0ed27e5f99c17fe9a2512057732257d3ba715f66,1212,207,1419
cfa37ffd30ecdac132de0ef368f0f03a2b51a97d033b63e6b60a383301cccfba,948,207,1155
4b022084ae942b60aeec0a0e27e32f41f584ec898d9b56d318813ca37b012842,867,208,1075
b474ff6751430678f6a12fabd7d5c10d2fc815fbf78230061a77df7bfa1aa376,1347,213,1560
620a623df3304dc6f8bc02d18640e25587d2231873883cbc323449ed1bb7ffe6,1159,209,1368
476de7987a3f50c7be19be307247602fc53886eb97d632cbd08df7ee883499a1,979,204,1183
acf713f49a9a41bb4ef06a7f81a59d2cb192d9a6e012f4c0fb4cde042883ca06,952,207,1159
98f3d6c0e2818c51f33c752a7ff37aab402137098ecce142fd5772cb7556b050,1508,1723,3231
08334e0d757bc81c465b439c588d5585255932e8067a87a670b8b23d10ce6fec,1128,203,1331
561a61441c1fd22b092c67423a9f7401afa2b26d454508ea9f885ffa837d1104,1624,440,2064
687b7581bc3741aeaf1cdb58e9589eb21f3e278b009fb78cc4d718d0d01285ba,1123,205,1328
615ef5b364d27660c388ee3fbcec5d0eae973bde52db8d01320a0458e2386862,1591,211,1802
a2c03e2658c45568c1b1b310c3b52cbd785511fac70f3d0095a8e562cd87636f,1453,463,1916
577cd489467f70ef3ca7ea1b3d274f9e7b0a7e8e5da76005c3fbc129f2b04ef6,1354,371,1725
79d23a3522a18ab57899a8b91bbecf91ed99db5902694dd7f6ed3138426fe412,1253,213,1466
6cc988d1fa374530b0ef0de47c9bc128320b6b751bd437ab4c7e0592b3c8f7b5,1266,1172,2438
4a97af518faadd6ce97b09d5056b5c2944e5b1641dc72c07cb1d19c15ae6481d,2178,549,2727
7c9666d7e7cc0ae16f7743f3c71fe9473cc9f75b153c1785512f2024ab4ac05f,1617,649,2266
8617fd3412aa2798e093dd23aac0d42fa91b4524374e65985cda5bb6ca4532a0,1462,214,1676
28d9e03987a8b24cf8b24836434133f46953d06b68bfaebe4c6b9f8c1dc70380,1184,132,1316
43b08c79dbf1cbd6fb20670e41618bd7270a07d983d5caa7b8e3029a5e6dfb5e,1125,210,1335
56a9668dedfbbfefe89d99cea8037784488b1e7eb0ad907f3d68e5b04f5c1317,1248,214,1462
4c618e4c3337a17252ca167fbc872c22bcce6d8115bcdef56842816628526c5d,1026,215,1241
4e200298538ed0ff7a17f13b7d624818dce0c20312f283e41342591ff1ec8e2c,974,390,1364
ab27722628c5df4ccc32c66d950c9bec9a75eafa1d46a49199aa8b65475754be,1056,214,1270
90736e63a5995948d180fdaaa1a23cfc3c953cfb9a83b2b8dbe300324e18e106,885,213,1098
bd15711281079636f9f6b1056551b7526cbf79a9a6b4b7f5c3001959aa518d4a,1253,296,1549
7495ef64edd712c92f5c798ec98740f05dfe9682a41a5566ddd3cbd60d6ec399,1002,205,1207
8f30220cc245b1a472f7aa13aff1df1cdce413bc3893178bbabcbffc57506071,1573,210,1783
1955ada2fc58d65fe01260b786a25cea9a6e27bfc54f9c864fe9eda8f54e145a,1073,295,1368
935ba6d7f1d24a8da46db6176cf3dbe0e88bcdbc23303052a90f93b99246143a,932,201,1133
a3d9050bc218369c8850f3bb34bfca8ec7b03e7340c2577971782d2a1b3c1603,1434,247,1681
cc490442a48477028b0de33bf0537179f3fe217407a064b1a1e37d2416d42210,907,207,1114
dcd0cbdd91e277be7319f63fedfbcdf5f5101263a967254e71c57259b8b82f75,1555,247,1802
dbf6635e2ec3e2b96e8407dfd674c769f29dd8dd0862a52669e2e5da047787f2,1188,208,1396
4c394e28da5ea96911dab867a524dcf98229cacc796c69ae5c6c5bf952b92c86,1398,289,1687
bd9c899e39b9e00ea6a1af5d62af1adc018afacc614c4915f924e3de6f34d86e,886,210,1096
3de4f8d6b63e8efdfc3bf82a8dbf311f88e1a318f097a9e367e0cca4a0f2c094,1398,364,1762
31f9a0ced75387b329d7cf032ffd5a729e9df55f18d25849782f089ee65bc619,908,201,1109
81191e80385f442757de8ae5337f79c2d249c368b134279bf3978bbe5b962628,986,210,1196
8434790ae10cf033546481bbdf545ee3bbb43a082075947ff09795b141f64e9a,1027,281,1308
33f015e44444f78d9e52e6c0504aef78b3b39fc54e5c6079e4259941ed52ab5c,1101,831,1932
638c3c7392984356c13ed552bb195b2e2c02c8cb145e842d096e32e7151fe980,1150,213,1363
dfcc574937114725b90c4313abcbc47fb596b3d9feb147b5f9f10a56276225b4,1311,863,2174
47cf514e2d961c9cbe5f954b9b214aeb9c911000fcd00bf6f23f517c8606819a,1058,445,1503
4eaa7d03fe5f25a417e19a3e54dd1446ed05070d61bb2ad73c0c380fcf3d55f1,935,211,1146
2f902cdef6656d2b8516f2dbfcc46de349592534c1936d6883d23296cf5c516e,1084,218,1302
e5b2d0323faa138b2e8697c6cf266d903ccf32fe9b569113036511857291dd27,1123,205,1328
eb4dba810f2a5d0ea947e96335b8f8bf66716c4434aacfde74360b2d860a5cdc,1284,449,1733
54cdbaca2cf19fb400341910d760c2ed6397aa2c1a08832bee47facda67ac267,1014,312,1326
79a35e166b60201ff42292be619ac55ec7e56d52cb8ce826db558a023a2dae9d,1903,318,2221
bf90c5c85e4a72af94368a760742401f2334ac434c72911ebbda6b75573233d0,1337,208,1545
36e2b64b2a9c162fa23274dec805120585c2e41e7be6b02ef1847d7a799d55a1,1295,215,1510
478f7d62c395deb0f1bdc6a4f918e01b886461d80d67dd4b582b66a1f18b1b8f,1447,295,1742
7c940e812746e758e6b805c789ec643bf6a2d8bbea75285dc9bdbda63736f6f1,1894,206,2100
d3d1b2173f1b0df6e10be44e988e4f2ebe672d53279c60a05ffa07e56c1ec450,1256,220,1476
02d462a68377023675fdbdbab80efbf69aa070ea965246a8a545ae90d3d39b7c,1144,295,1439
a1a4d43a664b5a940cceedb0ad9bbf2fef74666b098a8c2334a776ff3c9363b8,1053,289,1342
0ce900f05a89a305cfaed9d5bade8a6f18c824d87148f4e9279ddf2b0809c196,1250,307,1557
36dca5de0cca9ac73c9fe1c789bffe516506c5b96e70f36ae5770c47f5b6eb8b,2096,333,2429
754094ce344e34679a7b7e67638e25a3cd1c2b3891779beda4edc2fec0356756,1009,295,1304
162e76975ae9f6087e9c9286cca27bed6cfb5f5edbb475bdda20e68075f6bbb0,1678,197,1875
5e946715eb7a2ebb1a45568c717215024a67cbcadaee9722f7f25000c2831abe,1365,369,1734
8f76148f76c15a15a66ae8a3303ebff910ae2c2d1bdad1ffca72c4131dc44adf,1730,990,2720
404c514879936021733678998a625d49b5daaabe70967c3ae9ee484f79fd6383,2122,1247,3369
5bbe986abd3af9fa92f81303992da9cba0b85305caa61b1857621e0be7d7f339,1249,291,1540
7e369224ecf29b4073f4bcb0d46668c90f72605bbfdd3a6728ecfddbaa37a4ae,1875,945,2820
ea7af306140c749978977bd0482d23916a0e859df6056c573262b74bb5ae7e02,1856,320,2176
6ae9ade777604ae7e59982b1d8741be754336bca4a78aec1497df8cbd412c463,1076,301,1377
5bbf6a784f276459aa8cde9146d33b9309829e953de121bd7ad9b8c587566107,1306,531,1837
eefeeabccb0b39fde79e1018d2aec65e0cabb93ee5896c2bba87fb980c4f8b7b,1020,467,1487
494c9ca4de58662722fa3a4b418e8bdbf8bcdfe78869133e08b919388e75e68c,1018,300,1318
def3c0b7cee70942a8adc80e90518889de8c400964158033f1629f5259a78ef0,976,294,1270
42f0947621197a5d8cf8c49cd6429911bed08522d5890412f1af0a53de6be8e4,953,302,1255
d2c8c7cd2db7d0f5d06059dc6f0c7962565aa106dbb743e914de98b6d2b42855,2252,1126,3378
bd647475a21aaf275f0cc57ec07c1f4d2616c833fb7765cd7e3176ac65de3eb2,1790,783,2573
d0ab2b538c03822786e627d14aee60c5a6b70bacbf84fc5e1c1666b140ea583d,1123,204,1327
f6733a6eb172c0e2a20bca872f5edb5a77b47e45cc81d17094a4864bf25a8725,901,208,1109
5d4bf5e4837635d85e33ec441bd41724c47850ad167a593cd7adc06ee1b65097,964,211,1175
78a7349ab2f741b1df8439cbbaf6e7782fe08976c7e2549a7cbd97cdb499832b,1107,518,1625
d0b0320e785b40a613d9646599f54ef00fe68661821dd401e6b42831e6c42745,1014,298,1312
ca2b82c2180176981372eed0ae2c6cc64f3282261ba103f3eb823643f788f6b5,1237,210,1447
5fd880eb289e719525e3c9a4ffde75ef1c5bfa3b8fd979d7061d060c127e8eb0,1097,365,1462
cbe5bec940f3f5b9e5a87eeb13200b813e1ae9d39f1bce72a9e2bbc2f58af68d,1076,215,1291
09717670556464aaa5255740be25c422e97c3463e8b0b1a60ad470bbece6df5a,1481,213,1694
abedf210d7f5c1833e409b3105286623acc79902f1a7ac7fc0bb4a24d17f3cd7,1043,294,1337
ebb094f95ed03609f9d6b252dc8c6c37c78927f786f8e8e4dbbbf9089e4ea65e,1041,375,1416
28701378cf3358feb4fd0bdb223b63cf3f8a3729a9c16323f1faafe37d59fac1,1128,393,1521
0f67a19531da2f214d6bedc235a9b8d58bef4b579b1b3543d99640a1824b76f6,1131,214,1345
1010191d26bab0536f0864fa2e4f87648e39a8c0db70d2cd0d855a32cb379fb2,1131,293,1424
91cd82c6b813a692ce250defd615262e9260a2cf692148daa206b1d721b21e65,1697,315,2012
ef1ae349f8be5ead164af0a61e3d742ab40d3d83f1deec871441351811f63a6f,1217,432,1649
d4938aa41a697fae805fc7129d444373beb184287c1d6d0883706df732ac4f9e,1023,288,1311
73cb079d7b3c91d8f591071aa3fe3571b037c127fa94171858d32e6dacd0a86c,1871,1595,3466
552d623c0c0742408028f7e7a0536363ab6b719c9dfc09e63982f1765e9743e6,1353,1017,2370
d549e1721729b5c19b256afcda32423b542c7e929cac52306fb7ee29c9fa5246,989,283,1272
c24bec0eee4ba892f735fc80d0121c3c5d0a4c6288dcb3c675905573347f2c49,956,290,1246
afcded8c350dab92c4c493a7f7ad6d12a998a71cb6ae00949ddec001c7a991bb,1329,471,1800
9e93cc668ed592060e4eb1a5dfa842bb5c87b92791e2da35199ce1a987da1bfc,1248,262,1510
203dd9cff61cd3f20e5a275151fea113eeb3c5caa55e2b2b381b2e0ce24e410c,1098,798,1896
d78c12fe8d412d4784c0517f76a77e140497889ce7718d04ba420ee80804abfa,1045,293,1338
fcb2c8ccaea75d7bd8938504017d525cc4b7dd37539e7d58c792b19bddfc825c,1431,208,1639
1584a9fea6d20e96fc2cbe9088690370f35c8a723eec61e575978bdab6e196e6,901,346,1247
184a7d3d8c7e8211bc798b84fa4236220c47d1262a8a6229211f39e5686a75a9,2253,1358,3611
d998947632665e71f87ca02c6ca035fe8b0558c393c8446d211256e874ac24ed,1393,342,1735
45989bbbe41dbed74180d6276e40d2c3090a04e6f2f4f159d096a371a6abfc4b,1063,292,1355
abc89deab0ea7c05949e3d16c7793417a2a201f7c36fd40dcfc33b4a49cb7c20,919,288,1207
03687e504f2cafc38e45c6f7ea64aa7e9e67068b3ead6664f8cc872687298cad,934,302,1236
73182ece2bbbb19f9ea06ccc89bac2f13511a700c57f19302eaf2ddace8358b1,956,384,1340
c9d30709daae8c4b9178a18c95797eb2bd7c46d3ebb3f20ff8a762193563fbfa,1020,293,1313
cc7ebb329335aebf7b6d8d27955cb3fc0e03e6b3e179bf1782355269fbec9bfa,1120,282,1402
578ae824819dafe29b0159c1b99a4c3ca04f593608917b0cbc5bdca0a5d98c57,1139,286,1425
470610efc03cd4385cc510b150480d8d2141a9a470399044b61452eb14a7bac5,912,292,1204
ffe6c37dfcca81d7cdd387f895313973a4788b18d314f8686963a3466744d38d,1734,808,2542
438c44024765a07a98d60cf50877dc9c18d82cb80323296a7469edb76e250958,967,302,1269
144ec46eae548ce5bd0d31c086e029ade74c7b5fd395e0ca831c3f916830466b,939,216,1155
fbccd4cf11ba9366b08e2309df7a61016f3bdd781e69d64849f65c52a71d6ba3,1216,134,1350
494ec5b80239c8c85de1667e86ff6287e5ded73a25309a9eca13b7c7b0631811,2313,342,2655
82c6041868ddac128a59bb79d0559ec2ee3db8cbe19133f6ed27dbed81999245,1217,303,1520
504a6a8b755629a3c9e0cdbe8aecb9cce6964d0d8c40e4bf2e5fd48ff5bdbaa8,1008,206,1214
a486ce78c0220a0059c1617e3c923478ba8385c38e91227b5741e15d7893e23e,978,224,1202
2cf5e1cf9d4ab2e26912c8deae0454e0f342548eb03f2cb1f17171b468e433c1,1276,434,1710
c14ba2ae3aa566549035cb1374843caef035c7aba81e33599a288940cec56a9e,1123,264,1387
9f52a2a2d2275d2fc5338b9d533749c275733d0bca3e23595993346e7d4c15b7,956,293,1249
9b49bd55a094b577ed09d5f2e2465f65c1fad7aa691938536345290af8421fa2,1210,307,1517
277e41bb5c222ca2ee9fb7f9f848ea9c5c29ce4e217b3a5806e7f34abdd88a60,1051,215,1266
47de022575df622343edb546f6427569b29b3e2ec27823992c62144beeeb6057,1614,743,2357
9c552483d6ce5dbbd435602b916a50611fd463f3d9e225174b0216ea8300ff1a,1072,230,1302
c2ae1acd555c6aae50302893b1ff3c324cb0a39f096385800c623e53d79a559f,1265,231,1496
3abf48c909231c53f5b285d72e69599acb5a98d3d715d463499c721ad1ed181c,1080,306,1386
575616393e83a4bf78d7c59a564602056bd9472614005ed7525cc73c3a9d733d,954,284,1238
ba793ffeb498bb8f270e011e37850820d4e8960822b7c3169da8037c66e56fa4,1860,353,2213
871cc17391e1d7d423ab8f30a983e4dd6902a4ee5a351b4cc767e8fd57491b87,1537,203,1740
94cdc865b77749cbde59fdbe3fa375140e22f6644e235e73eaee681ccd0129a9,1079,211,1290
9d14628fb781ea3b4b502320885de936e21d06f9655980a84f4b39653a82fc75,1160,309,1469
72e987ffc9228096f947229f504fb0a6168b5b1d5aaac952bd91cd9175ec7a41,1288,212,1500
9f386fcf1fea6c4695bad1a5b756ccfeca4f4fedc47a476ae7ad13ac7730cba4,1123,205,1328
02d2304a1e2ddba447f7f9b4b420842af57f2f62be86a90168046dd72deebdab,1867,536,2403
a7dc70bbc3ac557648042094c6f62dde485a146c84070ff4cacc61d8acf010c1,1143,289,1432
9f07e69c2e87e36b6500bc1fb104d5cac9322b6f4101885ed835520043a1c7bd,998,420,1418
d7962cb23519094edd2a3dbf6e438922bc302bea92f9443193da865780df9e24,958,284,1242
869a51573d5920bc8181ec5b1cff596e2c111ebaedca3ccbc989d9a33db02910,1040,459,1499
eb6d2cff1a5bff85d476e654f1feea05521acd96997a1267223269d84c57d753,1518,450,1968
1ea082505f7eca9fabe07ae3f7ee3300f5860fae5f683e629c42349c156ebc38,964,301,1265
582a2d215fe1907bb294a42ce5e666d643f5efd7067fec959866a08c391c360c,2167,551,2718
53a92b1de0b8c8d898f7fa4fff0354ba04e669861fc194f208fa3e5c42850a18,922,285,1207
47d6a4a756d7fa670f217e9ddd7595921c4803ea91b71c2d966a0868f8371ff8,1140,216,1356
0ef66b285e7d67efeb6739e41fecc47b1285fd4d6caccd7356c8c5358bc66c73,1072,299,1371
1e17f60ee2f9106f0103462927066ee5fdfe6bebc6b0de3358cdbf76b31e74f2,1109,561,1670
749352e8b701e2c06b53e73c61baf6719a385b44336ed714f952322214796741,1360,299,1659
7f520160af8db263fe492efada5f12b27854f37268ac124835c47b3467c68129,1106,290,1396
8e8d828bca1b238a61d9688486929b720ac3248b5b0d8dad8c0fd838c9defc6a,1001,209,1210
42c23775b83de2fce5270cb7bec41f5c1c2352895da9038595fb67cdabcfbe5e,1576,230,1806
d34027da8f7916664660521e40dcb036356375d9a919cd1cdb17c68f495fb7c6,1095,212,1307
edf39410b7589571f7f5228fd93ffdafbca0d1051c4d30c394d94ecc9079b1c0,1059,210,1269
517ffb63a99c8a6f3310b5795ec8e8abe982fb4aac10c25a00f170f3949dcee9,1215,311,1526
8041cd56d09be416c6c2f69712085b07711b945fa2183bd7abcbf2375f1774d7,979,281,1260
21b3d5c4527ad70773a57990293bdcb12bf541d23d427ce065432f022dfc2acf,1026,300,1326
d12b1ec008247215dd4025b95437df7bb66501d516de32a4f3e725d9d4270124,1324,292,1616
c504480d067e135443aece8bd6aef6f4560e6f0d07d88b6309044bc7d81880bb,1219,325,1544
377f98ef659530318c0c84cf039af8b562ff522ba2a0de7bd04436b2f313c950,1133,380,1513
32bb5d2609805a5038073abe0e62208423f4efe6d755e52d4efa5dfacc89f8b5,957,393,1350
08dd3984f0ed7f5af65a926477b4ad940f94d7d7e897a4c47496dbb18f5e2987,1004,367,1371
a5e77f98ba5dc83d05bcd9f5eb0967ca62043e4234d7b52260941eaa452587e6,1133,286,1419
5582e2631f5a7da543b1d4c4a6d4b92f2aaf0346e54c9404839b47281f015012,1507,287,1794
69cdada3ff5df30cb1193be95035b05c0b844c613726b79ff09a6f1f3ccbdf03,1062,586,1648
c35f59600fda2195a15dbb30a22b8c1b21424507907b45a1dc13fa0660c804e2,994,215,1209
a194d92f7989c6c795ad8fb132c3dc1ee70440fe80abe3c88b018d7ba8770eba,1076,219,1295
1c752683c371cdfb7d26975dd68cf6033f39f742ac0d4ea630d70b9db0c64b6e,1133,519,1652
2e2e8a8eef8efff92da505a7ca0586b03ff89ae00e021f35f310096235c0ec2f,1423,252,1675
22a9860506639c7ee0b23fcb61b8539a594c2a49afde937341b0a5b1034ae784,910,205,1115
2b12275d59cb00474d6d9b1f27c0c88414a38f0b296e2e8a12f0501170a10da7,1211,206,1417
02f9a7509b8634cb503f60744b97c79ff5dee27965753ea082df08bffa80a947,1218,211,1429
f8ca00067120f5e44e818c09ed044e589b0c23e90056e86dd3e303847c8bf12d,1700,311,2011
5c49ddc2787ebc26dded605fc935f43ea8ccc907eeff20ae56d9e8fa50ec5984,1123,205,1328
99dfc4875ef7d1739f6d32e7abfd5a4caac7c0508fbc9a59f378934276183b5d,1468,213,1681
4084939a527cc579ba55a36fe78d02f04d986c673de0c27550e286ffdc6d0680,1447,292,1739
e074c61a58fb00a44d7f580fded97917654adec8747ec493df2e68d7441a407b,2224,540,2764
fbe120ee7b37979b4d78ab6df9dddeaa631a7805c81dd8762eeee2dcf43ae4ed,1543,450,1993
08a7466640c57f399d4e7b49f1d1ea6596c602772589f60c8a9e7273c0ec8aba,916,277,1193
bd247f709ab172a9b8d57485687272646ac0fc5151c206a2d399cddae509068c,1034,300,1334
831729504a441ef06d330d14acc711e15f805bc7decf50486a9c74b9f4abe3bd,1173,211,1384
4e241118c240957a17085d55c55208757b22555f57099d6ec3f47500e2223b03,935,284,1219
9bb74d787b368e8a39c93c013f29c15f74d1d96c6d9d645ef446d11c7fe302ef,1145,372,1517
c70dc456243b7afdeed19e4c8a416e170da0d460f5206926fa4d5bced6042590,1468,462,1930
d496b133fbf28db3fe0f55221115e1c466b055afd06a1de0970c1705aef59364,1350,562,1912
94d205fe2140bc59ea078d0ca00261d5051afced713bf21e314a9a25a86e30da,1271,212,1483
70f5b2a55d9ec9f12602c96322ecd9eee3ed3c2a6c152309d28a17d1148b9fa9,1147,208,1355
3e18d3553fa07abed10ac023c16cbd681655372e3004a92a6ac0efa8e8079a90,1024,218,1242
7d69515b27f491ac396e80358cae17dc7ee9b727432e7c9e617fcaa36d881265,1037,204,1241
03a427d3d1115dcf4d7c7a1f22a215093c2f5ce27cc6951aadf489ce62c457bb,1208,443,1651
d6dbdba777bd02ad4e2e5e698e709ec8fc33fdc979a9a38182839bf5adb6a98b,1305,209,1514
9145fa10d4d6a34d5f84ca6ba96e9b2ac30e7aee6f412748c39fbd10005964ac,1110,204,1314
88017e902f515f0dd215b31fb9bdc5d6a55e1c50ab576ec7c088342cbc559382,1123,205,1328
62054a05815db84f95b3ad93f5ed6f3e3c540ad23dedc7657db7c3c866492b9c,960,282,1242
04a546296b06f21fe3f34fa28058ede9a6e579ef63544066cff8132ba9a93019,1573,203,1776
892abdb94f70940f0cfc7a45a2a132f2833fcccb7269bce0f8740dc9a0fdfa27,2202,1698,3900
8f237230bd705bcd85d8e964152bdaadccd8b7374a5629e72ce2efed208104b0,1061,210,1271
c35d622c1cb493b29e45648f19c6bf556ae1a72f7c949138f786ca333d0beb73,1019,215,1234
b918fc6039839588ec9a1eac7a5d3a94d40d49a2e719022db571e191955084ad,1439,217,1656
6805ef0e0ecf24820d4020299fa67ab3113c5bddf2a67af4ab432051e7440e0b,1242,207,1449
eff87d64c0033f0750be1b401441d16dc4f6814d58b77ab046acae274166b86e,1753,969,2722
5bf82740d1ac73d606297dbf1fcc64bed653ebb8923e8903cb6fe9c89968aa6c,1311,210,1521
e8a3161cc6fdaaf272af153f9349cdd9fdab0ad405981cf6e76a0f52ff4032fc,1484,462,1946
9d4dc03810aba2c264c62db745bba21e5f1320fc961fad81dddf0dc8fc731bff,1582,364,1946
8e89dbfac4f0b32c483946bbd2b26732c6c04c09ac972b76c73c3babfa27c3ef,2235,324,2559
c48b5428f78a9414a34c59c94edb82d97dc66949cd1fe9f0af0f71024ecc0912,922,210,1132
434d1cc6782cd94a03a8cc0d28219002613c8eb8ef5914da3edf7281f27f53dc,2099,1344,3443
4d2acb804430537d80dfb3c922c7f7c5c16ad7a4237d8b1abe16278e89097c37,999,281,1280
b0399c8eb0ea13c74f12cc85c3e548c1fdfe8bd54aaa03bd88bc4edd025a6933,1123,205,1328
d306ebc9b10bea4fadbf7fc8d030d73306f06f8b287eaacac99ef41532feb0d6,1012,296,1308
103a539f9869c4372624d479fd282f0a6a5ae3ce255d2737711edc9a8bccbb5d,1218,250,1468
c4c907a9ac0666017d4d463c5d92e722480cd2c2f2e91f55b4b8bb8b81babc09,1841,311,2152
15b53366caee9725aa9bd0c1a42ce003c1466e254fb9fd1efc8624d5785bd727,1144,211,1355
bdda4a17460f2dcec4418e957e31a27750a2c062c97ae731dab5d197f010e5f1,1258,212,1470
c8c57c88faeccb9d0a5910aa30da9e28a2052dea89d65549fcb0d8efaa90f675,933,202,1135
9b2f94485bf24d5ddb78d055af53c285f5149bc87f93e57023dc127e1a71dc6d,1134,215,1349
259a218daa34df8b0c34e739f050aff8575f839101e769aaec8a3a0940629046,1881,750,2631
efb210c0b8679885434bdb3dc57f6d721420ae67bc074e5106b207781f81f8c2,1025,295,1320
9f76cbf88cb0aa135dac0043e072a050a11478a363e63821d03bfeb628f3ab2d,1250,374,1624
9a537813a4d463d7db4a9a6a7921817a1ba7ddb18de0e5ab9079d1efe20337b1,1004,216,1220
f9e4ea85fc65b2829a67b5b850ebfc98d7fe98c0b198955fdd1da06518cb72bd,2264,1435,3699
242dfe90357f652797b43226333248ce74e9ecf90673b11e20ceb8260664d22b,1430,690,2120
4ca249abd3f484d2f79c58ead7bc67aa08b0882e3d2a9effe11ec56fa48e96ca,1523,450,1973
eae88d75ba9437dd9a0f73d094721f961a14fbdd8634474099e4ba69861e4204,1115,216,1331
2d240e325e77fcfa9e6fc49d852d82178fa67f6523a1d9b0c2b347228cd2cb69,1195,206,1401
3345dfbde1e54c73a39b31022832163ff99aed57d16aa936d1cc57600d361cc7,1117,447,1564
1d31755c442bdfc986b0c7cac09a6bbaab21897dc8cd611bd5bf53c7de779d23,1234,205,1439
3dd1b09638398da06e6354c0817e0da37a3c093cffa494449659dce0fb35131a,983,297,1280
ea12c9d48a89f6f72714e3bbdf95ed1d14d3ea7c033d48931ec8d0a3dc6b9bfa,2450,329,2779
406e7e9e249d19b19ba5a5e80581ddd441c206d8d4ad4737c723cc90923f0789,1462,287,1749
b958b741937beb04deaeec08b0101d1c6f8f63babdeb9399a4e5ae9b05411737,1967,549,2516
4412f0732a206a7a74de7eba69c5491a257270ac9a2b8cd702506dcd726c55cf,2245,842,3087
259bce811b5e2654e0de2eeede0a3a8a20029b43ce832083247072ebe4581160,893,212,1105
6937c092d73ac0ff63f7f97b16d5e5abb05929e41bdbfe5437a3f58f9aa587f2,1454,453,1907
6b44c821c5973c384c27ea76478e4680c9535760917198c3e320f58d8e23a8ba,1187,344,1531
4ac50ab36cd5c756f4da8e913eb52e84542b0c7a0db65c20e4153b62c1424fe7,1833,431,2264
525874c835461db465b4fe8698161b6bbd729e46ac666795efb4416df7384ad9,916,210,1126
c4218c2985e8c768e5318786f2fecd078b63f0141b533ec48701fb1474e6de66,933,212,1145
f3f8e37549a8f436eaefd9f66d759f8ea0846db5d78b4c2c0abdcaeaaa0f94a1,1223,280,1503
1959cee6da6fd1aa2de60db26f617aafaeb426748c106f0bcd62364731f92313,1003,280,1283
e73a665b478baf2bce83857132dd9f04a8cebb8c3b254a00199be4f233bd8d60,1929,1210,3139
b5d78c2e7a1c2c085ec1ec91dcf4db5265a6a5f52c14ce4279e5feb62345d0c4,893,293,1186
18347c67666871a352943c5f1ef15861ceeb013f5e6a4c7b081ae1685fe7e126,1123,205,1328
528540c152b1d7b555104a91047a48197034d5069c6dab03ea715d3295cd4cac,1049,598,1647
9a198f62f724089126b55136267bb402d7dc5d39b79833ec1f1059a4443ad54d,1098,200,1298
bf2a9a7a75993c60e221872aeff2dd424a0b0604ed5da018b06f479c84cea358,1209,213,1422
510398419dd5d4bf6cc2e9112910401c6ee7fff07ab2429f46e3d67c8b90c842,1104,208,1312
26cf35c939cf11e96fe1f6be8d9babb2293481e441ead5b25d98d0357c0b2b54,1224,207,1431
ac018de8f94c83ead190edd8cbc824e845f490b9dc11f18bbb41acd9d42e31eb,1074,133,1207
a2ae66ffbfb2d2311bda8286bfdac512d0c774662e5298836e27372b26ab1692,1307,217,1524
4c288a79aeeee8cfbc8d0aac1c60a2caef67c8d9708c763749bc4d6c535361db,1184,524,1708
f17bc8b3100946e9c97f5274017c486a3ef4acc24e829835cf55121f8e3067d0,1132,210,1342
f3228fe1a3bf4f0677800e169f4a223abef87896f7c60ff948ec3c7b024f085b,1059,133,1192
0d0dae7dd404d9fee088a94664c004540b872a86905d32a88529d8ab0c36cf9f,1717,989,2706
dafab40c909e8744494fa9c95ea0c2179a4b8b90daa5bc467277ca3072b12baa,953,215,1168
2e651da2c55384c007c7bcc75e8c20741385cd9da7e8e666b336813bfb304d46,1338,884,2222
231214257625ecf01309b1e88dc1f9a57dc81d1e5e37ffa5b81cf490d16c835d,1555,944,2499
8e3da7d078907df2010298644503c30c0ec93ba4730878afaa61b67fa414050f,1416,448,1864
2c9735b477154b003a01c1f2605b92ff9c50f29b5c3e0b0bbdf0f5c4c9c303db,1522,630,2152
f541ffd4198de856740c6fcee2ede91d9926f7b39771267887d911cf35afc09d,1662,435,2097
a4f852079f10f7670e55c637b96d1475ecb439ff8411dfed82a2c90c38a032ed,1900,965,2865
4d9ef6c7320cf158bd19e16b1cc6bf1a836d0ef10f9b764952dbe5ae5b7b9a75,1156,290,1446
174079aba5dfe786d0246091529ba8ae1123985f8f059ed7609bed5fa5b728d9,2008,454,2462
8b10328bb822e04d2584b22a134777f1dc25e17bb95c621b51d75bc5eca6f1a1,2251,1265,3516
76e931bd6e61bdb6e4d66bb24c40c4fe605359a17bfa7c14b8ce09b5b44597a9,1371,290,1661
c4a88be49cd64133e816f60aa4c6b0dc465f1dd6c3aa8ac374a215406764d5ac,1231,315,1546
ebb2567b89838a6ae8a48430acae89a8d95c2bf03dad7e7b4eeb01b35028c215,2311,586,2897
5ec15fa1f20f800820ade0aed62e15a59fe42abc5566625935594ed0842ef319,978,205,1183
0c5b6bbec68cda114b1d2d3687364fa90f9298d99d4d15df423e776af0e1e8fa,1210,287,1497
044e2edac4fa0014a6b8b0b7c19d92b2e604ec077193b370c35c6ed258755574,1526,377,1903
3b5a70b9bec08ac3c72474d0e1ee41bd250e2bd6988002f410ec42292f282df1,2244,927,3171
42c99d3ee38c675999e051291bde7ac46b747e0e88dfc96b1ddb486c92e5111c,879,218,1097
025d564233b3d0babcdd1efe14da970d569700e8f323a08e7b27c04e8bd1a963,1122,205,1327
9776fb16045ec243b9ef64360e04ae7adcf1dc56502171e4ef13770c59a7fe00,1987,720,2707
116727b263dda5b2d92edccda1245739f2db4d24fac9075c519f21a1bd6cc9ca,956,216,1172
8a1172575075403ffe9107d3b975147ab4dbbee03e287b32ddfd61eab43878f4,1184,297,1481
363ba4456ae261017b20f333527ac788f71ba6f03129ed2268e09c67c7f2de86,1099,216,1315
9a3c6407523ceafdb83bf23ee5d7a4ac487449114f0732d3e25f87be78e573d7,908,210,1118
e1dfec23fdb728494f2b92cfd9561afb22d289be563c31d8b49659480b66794d,1131,290,1421
90b2d77cb773d8cf06517cc7990b2068d58e115d78ce2804d1a1bdab6de8a944,987,268,1255
ee2c6e19a04164a7dda4238b963f924dd8a0b700a29de2989fac2406c41e4503,1074,211,1285
e41771162407e313077dc15b841ce95636555447725985391ac3752d9514dc5a,1210,391,1601
69f6ad09829286a89bf6a1a1d9059b3270b4798aea7d28b322a017df13e4205e,959,129,1088
b8cff38a7c292d8aebbec4f28e43dd4b3ce92933ea12e5a594aa28575d9ac9f7,2191,1892,4083
bf2e023e070334e7c30342f7ddbbd5180b9f503cc80c6a344398fedf504ecebe,1042,295,1337
157b9fc9177fd922774bfc40276e8dd98820941dea9491a7fde01b2b093d1c9c,1069,307,1376
59f87ef8a111ebbf3474387e73516a52e8dfe236f547d17dcc59bea2f72c48e6,2464,912,3376
215412af86335fb428ff29972006db54d9bd5860fd7683f932811f93bb0f0313,1527,218,1745
0e7b9c2eac026bae5152bc36e7f280e2861a89ede294acb92295ad3be2ca2b12,966,201,1167
1149b109919313af462e36f9a70039ab6ffc880b39357a4584d7c11db1d67018,1397,202,1599
e45702d58b99150b4ffa917dceb036ac2f42fe201e7773c6cd2ecc4faa3c2d1d,1563,450,2013
c300369ed7a08e52c00bc48d1df182e39ba6ae3df8fd2497053f58c93bd56fd8,2202,939,3141
0bd4b64c670ce7bcd0e81c57d5defc2d6783fdc211f88cf3de4c96332bc3bdbb,1148,461,1609
b689fb9f2ebb541415ff0ecdebfee27c670aaacae698bc531564fd0143e26198,1512,139,1651
20493d781729ffb76a849076f67378a595450a4faab9651a00f857a4f2bf4434,1218,211,1429
5b54c7556cda66228759fc68ba93c7e559fd6da8cb33b415717ec8d06e1a36b9,1287,376,1663
fad0eddd59767ea9989e2dc14e0e99f8968420bcaeeaa54728e45c1652d76df0,1495,924,2419
9610ca7ed133440b7b6cfb7ce29d66f38d33611f8d6f480a4da86eaab8bc17c3,1210,212,1422
eff4f7578f8e98d1d4693c8444e3c672b624250e7dd8f513b1f335fc2bdb9a5c,1163,252,1415
f8198b31ad1786f160ecef0851d60c7e44b2b63762e9d9a820f62fdee0d3f1ac,1987,1700,3687
c46819d3789cc31976c23e2ad9bc8a9664914ddeefff608874acbffef4b9c308,1046,289,1335
a2cb348ed353208eb97a028ad9028544d83ccc6dfddc679f26550f5d4b7901de,1280,290,1570
3abc34b4b49271de29fd0f2437f4cbf5bdb9a4e0a04d19abd5ddab9c78e12275,1736,669,2405
dd9c0d5ad303e1cd5998c381dd75c7167dda29eb92d32891634371963764f02a,1179,204,1383
0a0e610b31da9b0f96c74b7bed68f9666b49799552f2dca9e402b0cb8bcbc533,931,203,1134
b208ed988ca6fb371bee007a6b13abe09031dfc686c8b8e7b03a63e25d2daedc,1093,225,1318
d16d9f3d7b97eaf28def90bb2e262d069ee4470bee4c4fe2bf78bbd90076fb21,1157,622,1779
6e327b093a5bf542c11c382ab3e5dfef9e9de6b531fedb27664ca540702726f7,1120,205,1325
eb8ffe3e053910557a0705e1d4201c08a4e2dc3acef7bd63e9796b7e87c4ef6f,1159,650,1809
9bbc81c8b2d7d917054d51fa3a13f66609aa00dd2bff04bd65bb200906a4401d,1005,292,1297
a27939906644dedc2245a929a4937c7d5b9565ac94c21ee9e955e602e7b78cc6,1112,286,1398
4217c37de51274592002b2dfd6c4186f5f32b3ce109050fe4587d306fc094a51,1122,291,1413
447a7c01493a386fb761f8e6dc041306f2e178ff90395b846cc43545e00c5fdb,1138,220,1358
68557a1b0cbcdf0d4ef1a8e461e9d7a3a1c5825e99b584f484a2b318f5e0741d,1083,213,1296
1d4fa0f7a54451724a02b7694a750732cfd98bf3782f2d6ffc38d2909d5aa510,969,216,1185
98a4625f65f1f89e999b0b732ef6c30369a4b3cbe1e283e873669d25fc1f57e8,1066,212,1278
fc941c0aefff9690f33938b9f6ecc01538e1ca380006cbc3aa7dfe84f914b7f8,1337,215,1552
0decc515dfb6b6c1a876b5f88c0b2afb4e9af6ac353a35c051e4eb2cf4d2cb56,1223,207,1430
b6605acf900e2f895d88774040fb679d8275dc1ab4ab22a0d4540ecbdf1e33b4,2211,2066,4277
47172b243423485ef46023e7459adfb6caae8ea02b01591522887aa2d447868e,2166,2047,4213
ad686bf3e04037ff98e5174c9b93d4a87ce38a29d39e0b5fda4510e2d138e680,1248,212,1460
d616ca32105876a46f767201896db372c8dc6b78daf71ebc5afba7bce1da8f50,962,206,1168
6765ea6c05333a24beac38905051b20b3691c6a4fee7acc51212665959ad3777,1010,214,1224
c551c98a7560d5bd045e20c4a387ec41962abf2ed64d73e9f62b979f88d1af9a,1190,205,1395
6a1bafecc035dd1bc13af5556f32a13fd0549aec8367e8277798bdc2dcc6c44f,1080,204,1284
08bd629e3d4d61b9d2add5c2143e75b4ff58dd8659843d56d9fcd8e1b48d1d81,1488,303,1791
279cae671cd1aede7216d95cfc7cfbbb2922b756d2b8e0755eb0bc46b9848425,2058,322,2380
46a1749590df66c930d3341d369249065076fc6f6ed07b28a3535ff2710f0124,1116,324,1440
b72c670f79a08e555a712dbdce3ea37238cf29dc873206879fe4a8abef280ee4,1120,205,1325
91e8656b77bf4ce2a2fa4e557eac3478b2c8b9751dea580d3a5d9a3a8f0fd334,1164,220,1384
59549ece1364334bef33ed65dd57650b1108967080e083b7574dac3b2a32e31d,885,212,1097
349d7c06d8074518a9e47195c36412714cdb20c0160fc4f2dabfe85f7df0003b,961,212,1173
820f48dfd3c637211478d12bb8348cc756c55a4a3e76984b55a6cc5f20b09af6,1116,211,1327
a152b528411d500fe656b544eea32fedec0d772e2b4aad8e316178dce1792bd4,1316,384,1700
6965270c5f90392ef7d6efd9bc6499a584f1bf40efcdf9531e00dfc1f344451f,1038,524,1562
bbbbb0de75b1d115797a11933c650f442718ce2d60e6043584b94b916e25bc9c,1119,232,1351
f7ad4ca4b9db95fa351ff842db0175bf9ee03529c4f8650b1b4b9b6ad2659028,1047,214,1261
773b4e85bc2a426cc8354bf62f09ae16484948dd769e2a0e3df9e08f0d5c4126,1008,358,1366
9aef40842478e5c19d4cec3f1d203db5bcfd654928510cdc73187a267ef74c5d,1052,214,1266
50456fea0b7d6f4d573e72a67b3aaddd64bdad23daade50957ede084a0696986,971,289,1260
6a9d232a069f254252c501a8dad0f4fb4f69883bbe5746a24fbdf6c4d73f41a5,1030,211,1241
b566a5951a351c0292531c620ff777c148d8e4ce4c0f9bdb07d80bc16b806bc1,947,218,1165
1998d9e9a9b7d9fb4492a7c1a48a852fdd95bae7da118fda895ed0cc9496e095,1340,212,1552
5eeeab0267c299e5e4a7ee35096a8c1349a458b399cbdb14c8a0c027e74cc6ba,1159,703,1862
5c7d4e1a1096300cfb0a88bf310c9473c87d08943d5219103cd19e0bd28584e3,1121,1343,2464
df9da2de3def08863471f2243d8f1ccb3d6dc69bc00dcc3233e6e06c95145702,1105,225,1330
5390d22811bcc684af7d6a46764a43f95b2b35fee34c60a0ab516a42efda21e0,1724,791,2515
424bd41d37bc3bab943ac12ec82e47a2e9023f3665f6006fc8ef45ed1c55eccd,924,212,1136
5973a20ff1248b08201564b893709d4b5fa846b5418c84732c6350418adaac7f,1305,212,1517
baceefd1f794a478e66cc971ab763ad0131e1476a3400059d52c0cedb2839823,1343,215,1558
bccff3ec2598eab7642c2a6caaba61214a5775d40f15901ee2ce17c8c8c5126b,2258,1447,3705
b9f6d11efeae71642cce29a834b1e3530224d3fb9aa535835ed190fee114083f,1091,209,1300
00502f4ba98269efc219c403e19af1d26c87eb1b0c647a8d4e5e67c6417f7968,1052,207,1259
38bb9d9a47dc3ae1efcfa3aa36a6f3e8bec559ac3bc1fd8bb959707fea864372,1482,449,1931
18aafc1a4cbdaba4b41cf805373840b51def4f8a15a8010675f557f26221c256,921,294,1215
f7b542dea0a86d882c3d0768aa66d498602fe6ae0714ff9cc9d3c337f6a9aea2,1120,210,1330
1ee3cea2d49fc46a9aeefb0bf2bdba695a7048cd926254d84f7e59e960fbeaae,1028,211,1239
47c541b3821cc8a3f1d1bfd2028269c17eeb70d89bd303217c0b0f6634e387ee,1268,305,1573
19e39195daeab4b2c9bc0d5d55d76f054b25325f358be409ec08a557a8aeaefe,936,212,1148
8d5dea4d78833603be5803f568636ec0effe95cf95d2b98cc6df947968f1980d,1258,636,1894
1ca493bfd86a5e2ba7b039109f7de7c30b950e4efbed1d0b372b46752c953ace,1010,212,1222
adc87d0406a79e3497f3345ddaa0faf5e1b1f4d2f5a9d50fd2ace79e91ef16cc,979,201,1180
fcba19037735ab401df26ab0b5ed75db5f26427f428b1cf50ed1b13e8551b68e,1034,360,1394
d63c7fa3d27e5e3d28041e472b6928cbfec4c9e280026b12076e0f1a7a51838d,1081,296,1377
30ce7a475ed35d601a589a84e38159a52f5bc267da82cbae765acb1369fa25a6,1120,205,1325
2089562ba67b6e83ed91b722f6368eb06765d4aecb1faf9085958d7e9891a351,1239,220,1459
180b826b3b85b1e0a4558905ecb7c78affa30a95af9253f9752a33296ed290f4,1007,296,1303
395f85c87e0806bca83139bbf3e56931a9d91af6f3dcd0600630af7ade6f3031,1131,212,1343
0ea4486d9b391f22324103e9ac298db81c78a218890ec90f21b86c374adec67a,1060,358,1418
4cfb944799bbf2518600ff7b78997ad5fde1798f5df41d66d541e878cd677505,1275,204,1479
ba4810b6ab673b98364621fca8e5a296e433647b7f72ec93f2d6d970cb807f38,1188,213,1401
3f56a74e58d8e7f902cb7ee00bbdb6de17ad1e3592825c0ec908d108e448880f,1086,205,1291
d1d1159907fda88fa0d0444a4e5bf207bb60a20bd4dc8578f473bee9e51c8292,1004,410,1414
2c5977dde4ee572d4402f9b199ea2e3191e58fa10b106f3a5b35e7754c35cb86,1071,281,1352
610128f4591c1b6fe38d01080b0f8aa1b8d46d3da2776ff2bba573e472d42c2b,1043,211,1254
2a52552742d497cad5326c3e81fd98a585c02569f7aca81d79a6b2a17a1d0dcf,1124,210,1334
d30bba5822dabe12ba5a1fbdaaf972498365ebb2c22e27acd2d6ec26f4a0cf40,884,209,1093
73d0c38bbbe6b4d530b24fc6c8298f4f7d9ebf2510188ae3e560fb79f52e904f,1325,299,1624
ede85d05c7019d7cc2d43c4ec53e6251b7adb1398a780dff16d71824ae1e7521,1131,264,1395
a9863689f7ee04f3e962d0a63b9e09d6e8d532291f469bb0965ab16e1c3e6173,1061,217,1278
bf0cd2039d67bf813bcf096171e8115d38ba93c501563e5d275e76f175eea231,2112,1015,3127
bc5c933c76ea34ebaa32302c062ae5f07ffe3bc2e4c8ad687912a413bfb03e54,1240,215,1455
7e1b668a14d5c15fdd2a4c25495c2b94deb0061efa5e36b92481c1be15786b1a,1068,460,1528
fc68c5b54e3541b6e1424452ec5354372e9229303c87a5b6356843d1909198b7,1150,419,1569
8c34e73ac447fc92e403d73846212b1e1494cd3aa1d5f2972f61aedcbbbaaf22,1109,379,1488
6e1fb7fda74aa6e38d9917571dd72d6edd359da180d0c858848fdd7e013a725b,1335,859,2194
ca6285fd75cf926377060c866a22bb069b1091b2d1995706e8f2841dfcb0fb19,1101,209,1310
2b7587f34fc872e2d3cec8a6cd055e1ab9185b4c560491a10a8616c78e004de3,1385,208,1593
c2d1f8d26e3eda0646169b16a721ad6d8ac8812dc7253f2b5cbd895bf9ccdb2d,1504,463,1967
4495b0437b05bbe69e99e77171a4244ffc3cd532510484b6e783b7fa206b111b,986,244,1230
43da7fdf1b0034056773df4f026aa2454b5ca9bdf81265ac31e6998324646515,2248,940,3188
235b2997f8a74c7d337a36b8b5ae8fbcabe2f3e9b77b2155ea02ad5cb11aff0e,1218,217,1435
cb08af46d49850e38ed7fefb858587035bb5f05022e459d5dad3910b2bbe28e9,1573,449,2022
49bbc95e9539c605addb07303c5db30e248e12189d1d97a6faaa07a03deeabab,937,527,1464
0bde62b236c5727719aa71059a8660aeafcae1506a3b693140e2245f1fae27cb,1120,205,1325
be19833fc2b711abc73176b93d7618113c71f69a6596a2e50a9bb19639f05b68,1067,301,1368
f9aa63f22bdca0020d64620b5e7ae8e529fc457f97f97f46a3069d5e22b4ea5c,929,226,1155
7e22a0a8c053442f2dcfeaed0e7dc381e109bfbe480a69129a4642dc00b00c15,2251,1475,3726
0b9268f4b92253de96cdd2244518c03c73df078f6561f078a70421b9294dc769,1473,422,1895
fcb684a9c54264c31c2f91f17e92fd507e073911f7333d20eeb5b1cb7adfd07c,864,208,1072
03eb82d457827d8ad0c78a0a6330a7b88d1a3cef43874425a29ab68c6e2644fa,1251,367,1618
4c4dc74b1ebad5c882dd997df3681a68f6e520ec71f32c20fe8518f79f8a0466,1037,403,1440
c5e04b56d604d35c164238343623a47dc79b695f3bcb415880e6a712c99fcab9,1353,289,1642
33740b86b5082865c8863dc56473877deaeb69d02a61cfce9e9fb1f217b0271a,1288,687,1975
c79d9979c44553881ccce1ff41d20072932606d8735b563ef9517189dd12f030,1205,565,1770
c99bdaf1a5ca73f62039f428ec8b38b96d14e7309cdd2f1ef286f322c5c8b067,1400,371,1771
3a99e088439b1c4da9a16bccf15611d1a13bd2797a881ddfdbe1137d147ea0e4,1120,205,1325
9e6761edd061632707c05e0fe899e4d66602ad1015bdf97d6b89704f9f1bc816,975,201,1176
d1ab92c2a1e5ec5215932928326047b76b3c25bb81374a068cca04bca0bb3a94,1381,371,1752
64fe8ef0d1e7c766980da5b390ce042906bdc0d31b6b213571042b01d47d950a,1396,202,1598
4de1ea1b5122e3db9682437e7f8361817de2d428cb1b4efd74c0e663d705b459,1126,618,1744
6300cef8804b79b78ffbce43d676cd6c08b033f0529bcdd5e6267a752a51bc6d,1847,793,2640
db0014a6ecd3dea3c7e8014f66ae9e0149c7c7d26c56625d3fac2eb942b3bc44,1062,205,1267
188f3fb862591c0851f48c885b10741037bc0f9423e3c89f782d86b094c45dda,942,210,1152
369d053ba990db415a9e06e80fbd4d010ce48929ed4ad14d1330f1e750b2dce9,1246,543,1789
12064cc8f7f152a82dcef41c6e0a984c6fc393acd4ddd72c8c920752dcf7be7f,1106,365,1471
a23f60d83b3e48fac198bff34798a5d0532c07924b7c6a9f9b776590b7c835d7,1362,452,1814
c87975b98be97f6f416758458ba9d1f10362d410fd244427b4049469a35e66d4,1287,297,1584
78199416c7c61ff19d61809cdb824d3a4539c08858f4c3be3bee5fce5bc841ea,1494,449,1943
fca45855fcc45cf3974058268d04fd610cbea601b246764ed6d757fed91af3f4,864,207,1071
e9a2c5309c8d0d2f5fb365b66f8ab8de72b1b42dd930f3ceb75394a98ce10b57,1041,209,1250
2dfca4091da83ad11ff84485096a8dc57a7bae3063c6d25bf627677c9a4ed8da,1059,202,1261
272e56e8d697cb410490a9aaf269a892b86535b89d838e2f3d6275cd6496c4b0,1046,450,1496
49b85ead8ba2062ab8827cbd0f05224e50bffc11edeaaa31456083e64981ee1b,1120,205,1325
d6447fdd03e28358d4f9c1ec3c6f82a35fd1e79c4f305f9b23ad9183b96bb6a0,1006,216,1222
51e08840ed78879f8a8bfc60c19c49a9672dc92db432f20c3ec076176c996f0e,1163,637,1800
ba8e556386fd6f2017862509b1ed965f8a1a1a1650f722ec8fe743bc0e1b47e6,2211,545,2756
67b8b82d3b1ff67ea19107521923bf42bea11be5f8699f2158a6a9fabea34a21,1439,296,1735
d7b1e24e72df7e55f7811e4d7b6f7420c8a41f4fb94529ee5b13ccde8c3dbfe6,1431,493,1924
48fa1d2250fd3e785a875ef7d14468660c08181a43f77ba8d43dfd1be97609ba,1856,1103,2959
27d62980bed3de48b74e8e08ff14547c1ff7125e05989127aad7449610ecc81e,1050,305,1355
f2e701c1adb51a6845c931d590633609790b41cd51d473efe97ba70f0c5e5827,989,375,1364
fb6509447b43b95589cd2aa8afc1e2e527615efeb32394fd162d422aecbba5b7,1013,203,1216
d28c0b34ac3f0de5aa3195c41e0c20a0aa9ab50c0c00bf1330807f953fc1f995,1090,221,1311
b4a5f383eff4d7621fd86715184a61cf91c02a54a4c8ea17e7ff8e32e44efb14,1321,539,1860
d65655b6527737274b2f2c393a84fe9b8b4a7bcd506dd20d3e6bb3453c3044bb,1089,861,1950
29afb88bf2374a475998c4947161caa02a14a824be07d901e742e4097c8e3ab0,1535,741,2276
574c9c34b4ef74589d6531b28f9f48e00178c189c0d3f5d5aba7eaf98dbfd3d6,1190,428,1618
c07c4b0c5c5fb3192074f385d7e7c9bfda032bd4c621906bbac6cc2ca4237625,1002,373,1375
9de8856803a15c12cc23dd44a034c32471c73d4dbd8b10432abc0fa61cabd0fa,2359,325,2684
1bc399afeab2130b73658bc0fc0e834d3149925a7eb263737962102ab651b1ec,2221,1384,3605
3f84aca149913218a1e58b87259caab1d9aef7c849fdf890669154789facc7b1,1767,800,2567
d799c9c364c67fdd6e00bf3f3932cc7c3528173e72e671bd182033c0919bda06,1258,238,1496
4792383bfacd31a3dd4d3512be1847620ec0b93bacf2b49fbd3673a55e773e66,2228,1065,3293
0abd828347cd2d970ce769a609b061e6ac6e95b47f2baed143a36f8434d690eb,1691,308,1999
d988b9ff4b8362142950025fd729f53610981a49e51b65b66960b94a141d9345,1233,319,1552
830938417ad6633e8cbacee8fd00fb6c48de86a879557ef2c42b25b64acea404,1272,374,1646
e1945de99b392da54ca5d1affe87f609b790e965bb3a1a515e69e048e69b5a3e,2189,1496,3685
9f44378a4f80147459bb1fc572e009e0c6c6b1c79067c36bb5970badfa777842,1137,286,1423
2d975b0f6d3fc082e15ac53fd02de30842f01e90961cb052b24027fc29471a8d,1156,318,1474
c5c64bd4af5be9b31809c3392cafaac892c0d3354c2189fd50c4eb4a82c30bf4,1017,212,1229
e62a4c1652916cd6c119dcab6eeb8270020483d5e796a6eec28852f624ab622c,1025,136,1161
a2d6c539706a4229912f7c75051cd81afef0edcc46b7791229e9c6432c1bbf2b,1120,309,1429
3fd9765ee2151642a3256365cf38b89beaf1db32675c4fee999faef76621ae4c,2440,430,2870
cb97673c73b5d31b988ba1e5cbbd7e5e48da34c1fd512a32cde8c4aac8a14d95,1056,444,1500
ee3190d10897975060dee6fdd60a123aa2e57377a1a023002db9d3c9dcf130d3,1477,616,2093
3deca73cc1aacf06d3b2f60ca8ee9bcb03056f7399d1d21f3e9cbb7e479c78e7,1226,290,1516
1ab81dfba48c68ccb6025e0a336cb5116cfff8c8df6131ce57c24059f1c3d181,1269,449,1718
7bea5146b385381684399e04e7c71369d3c23d7071aa8bac7c38075a5744e801,1340,222,1562
e0f2298e17d60178c9e1583296ecd8ec74090f64e4b32521eaeda50c0ab421f6,1210,359,1569
90b684722fa9c6eb5a1fac8f939da5516d815d161ec38f6b0675b2fd3b0f1388,1109,218,1327
abba07606bbd6657af9052d3bdcad72a0768b8148f8d0f7eed2f0e230357c248,1112,375,1487
4263b10aca03618ccbec87068f63add99c3a1a892a648745cb241a56c18bdb3e,935,459,1394
95064acedb38b93c402c027dcf7e39ec442b016cf089db5a2b32558fc14b0040,1648,329,1977
9e4bd1c97d40fb46d4f94eaae8a1e6e430d2e226b16974b2f8ee1406dfee02ac,1072,286,1358
40f6bffc4736f5cc960d06569d941e55fa0b1acd20528723de8237eb763ea2ff,1046,214,1260
bdfc9430b29234e2d62f4140c7d01aa01dae05571b7eb2de6aefdb3eaafd948b,1052,365,1417
a64c5bab3d6dfda4291a00448289ed429fef3c0028346f084b1ae74a2e711092,1190,533,1723
ff9e10963a4dbaffa046cffdc2e920fe96302f020a43b1144aacf868246a0113,1274,238,1512
0f0fc34acf76b18e7b75750c22d87e9326415136bdd2cd8d9f20e75747895f57,1554,450,2004
557009e7cd11490558d9d457c44c2b33cacde9e43118e879dd69551e7478860e,964,190,1154
e9d21f232ef8ea8830dcda5fe7304e790db252429e8d6ac009ed449ebba3f66e,868,211,1079
35735ba6231f8ec70332d26b7131a67ce446ee84d1dcc9b0fe76693580839b7b,1215,285,1500
220c7ee3913909cfc3eb2e97c117677d5af9cd8be1f4d69d30efb4784865ae06,1400,438,1838
b2cd10e6a3165b1a7df8e9e1dc0cdb80ed0868fa527a3adde38b3d6f7457e388,1108,639,1747
3b1375266e87fe0bd3f809cb1779d85073b54231b1c5584f5677bdbab7820725,2341,889,3230
36a673740a8589f50f6d1f003019fc5e454bc7e5375d9a49478b135812a6230c,1243,217,1460
36361752ed9a06d6370096225754f58c21d0efeb072ad774a88e0987e9a489ad,1120,204,1324
f3b5d17a4a468e007799ef4690b24dfd8eaa6f2327f7f929f579b944bb837429,1241,221,1462
71312fbf6019218a5aaec7fb8c720030a0439807618ed4a014d7b6b411034d9b,1592,539,2131
0be710e2758e0835f9bcd0190b8b03fbf5162d11cdc51e02dbe863115e98f025,1018,364,1382
3678bfb1f71239cc91a37dfb1500174f1f79060119df8a79f470a7c2aef3ab24,2234,1337,3571
68b491fcab31aa61971e65d196c7dcf9d57b65e2b8b732efd509e916460f46da,1293,364,1657
13d5e235765cf36e2d7695e13c699b41917f55525a5580b70867282207871680,1406,600,2006
77498163e1398211daeba8a1c75378953b75515042c07cbcecace1f5d1e4a453,1183,874,2057
17314b8c7db084272bfafee882d638a0dce9475f16071a7cfad2fb1938a51358,873,201,1074
a6a0bc9482ca6f7910a91d863fb7f656c92cb029cdd1cc728c5b692a0c56d697,1587,453,2040
cf5f9322faa3469af474a1b011840d5a60604452ab4abbee1f3e3c93ad5bd110,1985,556,2541
452cee627f4fd266ae93e7811918a202de8c1a7a3460b163f22d6659f28da194,1398,604,2002
261dfd64dd08960256fd4338d1c1aa30d5262869bc1eb2ac9a0c23e6d4082fed,1464,760,2224
acdab1d30fa1da25e773852672d72b8286d2aa55090a9f4f4d1de3453c59c2ad,1000,206,1206
708aafc07680f20b3883aca9f6afa2267209b4778851a24327d4e37a14a97269,935,315,1250
911cb4c1ee772371579962f7e8c25bce62db4ab41fb36ee7c480502585b0c53e,2371,1586,3957
d820a4c4c681353900264b3e3379d40dff25d1a7a6f94ef321734bf99f30f243,1283,215,1498
084a61472a0ea68ec7f1936e644cb3bbce524102648d54abdf38a8b57ee6ddb8,1326,372,1698
6f35e7989e2136ec246ce138cd7b658d13fc60a336c8b90608b322229e694559,2396,1175,3571
db2b9e51b0736633a64fb8ee8c340e9b2e00f88d3f9b16dca311177421b54fca,941,206,1147
ab1dd75a731aa2fa2a350c5949b53641453e0df3539be5368557f9aa9dcbda65,1941,1302,3243
7ba2ada2151d11c241497b98aa13f8a7f90b85d0755a94deaa4807f9add95a73,2298,793,3091
2382959606f863d1bf215829e1a460b2c4e7e6a61404fbe06bb261123c175a18,1470,301,1771
b783e6e4ac8b5775d6ddb2f4dcaea152921c64e14f39ab331d5fa1e8ea6af6ab,1730,778,2508
504794aa7717d126c675c6b1b0fe23f20c93bf6e0843ae036a8f13b9d2f6f32c,2038,765,2803
14cc5909257842cab41c4b28c0611c72c8cbb7d24ddbb4c0952c102abc1678a3,1134,547,1681
a5a0dd647de0fe557f85016e4837c3cb0ce4a6acd41370d5f79e6ca1c7492cfd,2238,313,2551
2118d1172073b8b8688dae5be86d018560b9e0095a0910bc6231a51361c183d1,1537,294,1831
b1edb408567f63e5f5ca9c0ad3460da612411922782d84684a86ff6de3993bab,965,212,1177
4d7063c4e4436c3ea501fa5a3b43940aa12ceeb3a76231a0e809e007a767e1e5,1283,223,1506
115e0099e8f7233c7c94ef6acebe39109a6fee08a0a7f5729c2fcd88acbfebf3,1617,531,2148
a1bcf860c70cc47cd54d77dbaa0a74f356cb28e2281df5e171fcb68431c59e50,1105,222,1327
e3fe14b032d852d0694f5f8ed66149bacb85d32521cc09f28b507158973fa646,1229,204,1433
ee1eb77fbedd1a80fb1c3d8437c59b5af577b1749fa30db9646fcd375d778dfe,2064,1153,3217
3169d1a8c9349653628acb65c81abaf173ee432589560d0ab3b70582c4cbbb07,2202,885,3087
6d2c72faea251e851d7ff00e0c416fe963505a339a8642673a21f375b121e251,1059,290,1349
328a40bfb18694492ec00c0a6a4c7e948529886e7fea7539a50101893676ca28,2156,312,2468
6aba785b97b4eef7dad7a810477f006210f951d4f57ce30559533ae76f91a737,968,210,1178
5bc2308caac18fc6d176fefb2aee716e5ebcb5538bc426998f819b4917b06b9b,2377,1140,3517
59c154ac902aef85bf4e09a4917594d66827747de5ece72c16f150a9d4cb8eb9,1400,295,1695
c2aba3d5e55c2c45b1269c1fe9759b3394774955551f1ebe6022cf68b9a79f11,2007,1025,3032
474b386b0f7acdd42642b8faf42856579df7065d478e9ed671dd5ae61dbbfb8a,1071,212,1283
b9a4e19f8dd94cf9f225a191dbf16560a1c4133b8831a4043cda37b0b16540d8,1085,210,1295
19beba6657fae0ca3324e24324c35b5800fc52ef9aa2fd9dacfd5e36423da48c,1975,770,2745
62bfd234f8fdda572c7a16e13ef923d5196fa57c83678f42866db96779c9df47,1120,205,1325
fd94e50cc573c98ddc47ff3a57359b928d550602977372916f021329a1e5f784,1329,221,1550
78a0c0791093f656598109792302470058a1e2d8f6b4043aaa14cd6a3fa04d5e,1338,532,1870
cdec0d6a9c43d3280be0444dda73e6c2f097dfe32f952ac907455bceec0a9426,1227,209,1436
38715d140fde781d3c8e5055fde6472d60c1a28135e251bd50bf3181f1a50d36,2393,1249,3642
4bd9eb4e3de131d9ead8096cfe9d72c8346f6d68fe37a07788b60818cdb3adfd,1305,206,1511
e7ba0f14bee82855e4b8ec7e83840f59f2119c5ace1d50a47e85191e0deac70a,1923,678,2601
6668d9ad63b5812be9627ce5865af0c90bed87105bedde8e980acc8a08892154,1048,206,1254
cce47d18951ef47fe0c0346763d3655de681fe56d6d53f446ddc3aa71c509582,1238,217,1455
16964bfd2d5b1e6e6c99c9eac12e125489e90588683791d5bfc5e981957f3e9c,998,1066,2064
170cda477fd81db0e5b7e4ab5240d48e488c36a430bf4dbe3403fff59621871c,1501,449,1950
a24a765843cda64203988162c3fc4808a030780e9566ae876f3936676844d076,1269,205,1474
2ed1a1c4cfe5b24846851d253ebe489ddea17f12ef82207ccc78799f90745094,1254,205,1459
6b27ad51ff91b118c58f74ee2f3449b7e29cdb05c852b8575a6a6ddf7fea9d9f,1464,207,1671
995c603f7aa44309ea799f1dfce1f1160b3db70f21e03c29c717bc393a85d7c3,1707,317,2024
630febbfb6bb82da17a5886a223bad086810889a5540c8ade129a7321978072f,1232,204,1436
0fb6f1976c2f0e5aa2b4956d4afc7d62d9583693e37c959d1d3691b3f5200920,1202,211,1413
28ecdc5db9cab0318c1f742b662e5587489cac9c48b4f4fd89db053c289445cc,937,300,1237
e0292bc362c09dbc919f95bdb4dc7c7b10fa74e2911debd6b727aca6ec452fce,1534,208,1742
3a446f8034d51097608edd582f2b5634c35f724405c355cd3599334cac2c212c,1637,1723,3360
d8166321021f2ad08194a1ce87255662595514ee9c3930966dafcbecbbcc73db,1634,322,1956
08e672b4fa1184b978d575cc7c5af676f5fae5f463e63f6de642c9dfc6aadfe9,1052,205,1257
02ee0519ee155ff0516905794c50813b07ff72b9dbe63ab8f9336991e7e42970,896,201,1097
cd448910145a5b313ec887161621b441597a0ee2cd0e50c5335742f1a08eaa4a,2245,1212,3457
6bc323f597521833ad51945f8e5c18adb3835c0c46951e65e76a01477d925e9d,1436,374,1810
182fa1788c24b31956b7a71e3808886910f34173f9f7d39f45b2a92db12225de,1430,134,1564
256e39281fec58a2ea66b13c66f04671a3092dbd7dd039945991ccaeb2deb7f1,1235,207,1442
a648f6acf4ea73f1f14bfc61c1a7922571c4514376edf8a3ea60eb191ee6807a,1349,605,1954
1848ae7bf8c06d95f8a4f0e217306b0517911693abd781c3857599a3c7d3b31a,942,209,1151
8a090034f5ef6c413cadff0aba20ba5505330b7447440af99e2a085a505587d9,1165,543,1708
b5672874e6de7a1a7055751e5380ef13fac0cbb292f7eb55f35a538defadea80,1136,485,1621
fca45135fa09a904658e0595659c95f2699607d9d155b8434e9391c00b4fbfa0,1060,215,1275
605b306c2f8a5ef7657628363b925e624154d0ae293f18fcd3914febf8341759,2216,1738,3954
ec0f0c11ec95de2c0fa019bf931544d101ff8cd3f484679326668125f868bb29,1381,530,1911
de50fca93e72b9074f9cef06beb406a6cc2702a82ea06dfb2f2da420dcff8326,1045,706,1751
c42fcdedc567dd90813b9cfe2be530af2be9101fd035ac5b44bd31e45f24a598,1121,247,1368
93e25f7679478fa132b423d214a193e3be559c99b31a797ff93ee200361c19b5,2273,880,3153
6191e2eed030d2e571104735b3bf0b2d57357bce8bf3c3fb8f1a9b8929d76ff0,1198,304,1502
2839391b706d5d861278de4d26ff9894c478b9983987fd4b69ba7e7932a57dba,1189,295,1484
2f67341af2c3c85c9270962734ccfae13cccc082034c2981a818ca0897cfdbff,1562,692,2254
d56b2d41d0dbdcfa922e87306ba8301578c2a0fcc2df72548d18be06318eb7e7,1002,312,1314
6c3bf5fbde1df5cc013ed163738a54978003c585124ea2b4f8fb75edbef70585,2172,889,3061
18adb91ffad229e913f788c35143399e006a549f1fd5d1df4dfba5ce2eec1ba7,964,288,1252
858d72527fde6b9fa98097510804629f11a0706da17728dc57b764bac224d7bb,1214,204,1418
4dfcde6e90dbc84ce4d3e3f044c30caf1d8ed1f99cfbd5076b920e3a1e9d5b1f,1530,852,2382
e91cfc7c8d7877db79b42592bb34dbed6ddaf2dc1bee59763c81206f07a1c6ff,1120,205,1325
e119e0f48f6a14eb1ce55c12cee875d324f90b3acd9f6e9996bbbe8f91ed1272,1254,210,1464
8881bd5e44dee533db2a8e800846b55ca607b6afa60bc7e15d8a3eae2a8e6ab8,1053,283,1336
c9e4a115cf701e7af109f3a50b0c1bd4e81abb1ce8652276f9d8d8147ff9a5dd,1031,217,1248
7eb5b11cdcf3ee5bef270b856d858ca5fcdc82164bcddad87c3d0b4ae136678f,1011,210,1221
7f60394a0c76a09dab11075541c399f2e32a46a0e2bb8db20a6aee33d513064e,1237,433,1670
11891247cb96288f60882c297192d9c7bd40430c3d1ee9f04dd0f685308acad1,1853,879,2732
1f9339a344156b21a01d20e045bf1d0e512f49648f2babca2388eb496392b273,1328,829,2157
94403b5db59a47de1378461640c8c9c267780e2fa863cb1bb77aa969d34a1cd4,1354,204,1558
27762af3a6c5e5766742e1c8b8a2f554b2bbaaabf8e5de2bd3e6d2168f9297db,1030,209,1239
77e221d6fa1a448dafdec2c5c726450e326272b6324bf48d4a051ca50f65e990,991,213,1204
00f69d33d739aa5b701f3285127fae2c8b5c8d61f96917fb5e82d887f0039bae,1047,393,1440
48004a2096e232d9f7d1c58ea01ac2b06638ae307d8c3ffc8e87f87f3119a7c9,1150,209,1359
cdd3ec5010f15361f1bd5346f0c063e995fdae93917b07749671c7910c05de68,2334,786,3120
5bfdbcd923678fe9c4f846ec9b92e33c1a388072d675489ea345efb727755170,1269,208,1477
b51ccbd1c6cdc366c08a821fd9bf5e8d51433d6c40187ffb3d9172fb71002959,1083,209,1292
91f409cfb0e3cf7eaa63db3b7b79c23035e8e26078bc57b7b99d74a0c5ffe846,1653,648,2301
dc9f728c49e2b1510787c80712ea1e5bd5fd92d1c4d96d174b291b48b1e26033,2369,1082,3451
e3197839abeb0632c47173273c5845eddd736678f852a37c08bc627d522f9761,1798,1036,2834
7379bd5b84143c1273d833d5819f52ae01f4b134dbc9f96e83afc7968b05bb23,2275,1246,3521
03782bd52df834f139b6d12fa1632f4d761dfbde150915603a0f6c9adefef736,1074,611,1685
baef5fc0fa80a491a8adcec7a67418f39018ce42f5cf0bd119446099cd957b18,1120,205,1325
cec621565f0cb697ae01bcdb9dc243e8b6d9445afc996caf22c85bc7b609478d,1158,208,1366
f6d318eb65901385185bd33f31146bbd7e9bc6c2e18ed1c153934db0464b2034,1000,281,1281
9440ec7f4ad9b28a0e5eba09940d6fa7dec6ced46b73591e541b01ca6b7a23ec,1281,205,1486
983ae2fbd2e7b2e65fc2f1d18141f2eaca6693a7b87a1b0c4c53990fb9f7dc51,910,214,1124
e722ab72b862e69a8e1374861f941faa178e90a220f0fdb5681d71e6a313aaf7,1049,370,1419
3f315947bc63c7e540ca66a5e996526319b874d64942de1d039c9f8b5d15024d,1287,379,1666
d48b9fd6854f1f178888ab64084f72b57bb59f50d0a4c94bdb6773bf47f674cc,1079,204,1283
87d6f17334cab2e458489335663ae0ce3cdcbc2323bd51c67411c4bd35af1b89,1100,209,1309
041c4e527ece3a840e7abbede4969b7e19fbd86525c00c303a4d9f0b1b522331,1901,665,2566
b60cd32e26e3da692e5e6a9a1fa5275b4213b69ad77b9f4f3c02991d0114f916,1469,648,2117
2de7fe2314386e8d85f53d554e52ae904af4128d0776769dd0fe0b4de794794b,1349,137,1486
ea243bbcc950b132fc34038e5b59529194ce67d6ada625cab44437933f858ee8,1497,209,1706
591211c8a3e1f1714b332f0681bf7307629504f1925905056374f2aff774d420,2009,1420,3429
100a65974b2dd4cae0aa391771c3af8187ea1682b946f5f3bf1f225284317e45,1132,368,1500
7712b5bec9ce576e56da3ddfc9b1253a4d1999e58e16e99e4283974b17df6f0d,1382,209,1591
a0ab1bb13cb88b67ccbe3065073a0a376179a1e3b1ee9682d63fd31f0be4f348,1300,210,1510
a6863d401f1ae0c84a1757c59f90ee4f56714babd239e0a7c88f23a62b94097f,991,205,1196
86623ace445f04cb1c781c2416a3c3816d18d5133d60b029fa7a4d883128f314,1594,466,2060
cb3e323d1918c28a266f8dc9387a457bbaa52ffea176f08b9b1d88b9a835d3f9,961,201,1162
25afe99ae949da79cd40a61b882803230e0159045c49814157e910c0b3e97a7c,909,289,1198
c39ceff09e24f4f53ae941df209d0fc61cb2cc7068a39bbc3f8d7f9b76e21a31,1462,206,1668
a7d07b65ad64da02ea981108033c7cf7e540c31a79c8a0a3db16fb2249643358,964,304,1268
32abaab43290c9236a717cf7ad9d0c9e03b278677b24e6a959fd2fe7424b0904,1483,293,1776
370e7e60a0ec6bd620aa38bc43e6f57abde3eb84e218a7c095740bf76231d0c6,1120,205,1325
070935e8f05299c83a28017e5e467490a3eb450cb74732a04f77138565495fc4,2204,1268,3472
9d93c8253148727cfe3aeca1f8603cf8ba23ff33646359c42cdd8afc727bd5e6,1104,204,1308
997bb031ea742937ea8f9bba092dd5c0faada9b866bc47cba9b6164731ed3b19,1623,553,2176
2f37960d439143ee31cd38f0516756bed94ba38d588212c1cdde22fbd7e474ea,1586,504,2090
4bd775268cf7b2c84a6e2cecea22c7e97d13495be1aa92be9f4ec7cce6221e06,1444,340,1784
d8c52d3a74192203b5b80d5437c4b535c62c2d6e47d5f6ddc8620f27c4487bc2,1578,207,1785
4cf6866c92f55ac6b38640d48c66421519de68e24b7f935b58a6b6c19379f1b9,2145,1260,3405
241b3fad3eaeabe658966bd02c04f2b19193f91e13cfe3ba33e59a08b7d4a217,1362,210,1572
80c614cd91696b738c96e355590fdbd86e90f229102db78ffcc7231bc22c53b1,1316,851,2167
7c44ed15d10f1ff872b67d0744b9056efa016d29569cbe4a93cb939c27a2da1f,2270,1164,3434
f5b5475a6189c3d7b0609d43c5e2fddb9fcf0325127e9ebb34885d991e87fce6,1794,793,2587
ff181be0d7bfff22fdccde7710ad195b57106bb2122ee5a4930ee6aa2c553c23,2204,1110,3314
0a8dc0de1ba125402ad930d927c75b35687655fde3b85bf3aa1c48b483afb136,972,461,1433
4a56ef1e71f9b2f330fd1b80fa31efac9002e6a95f18ae518ea25ed85ed4d73e,1663,912,2575
680dde9052fd13ca9cb06491d693eabc83539b24dc50cd74b4f5b5b030b96476,2104,1432,3536
c00420d5bed855c33eeb042d7ebcb70f1ebe818042f0818e92e34a53206e0799,2245,1603,3848
6d50d65a2657d62fb2f832ef34e3d0a61c864b283a3eb5a6619fb078acb7bc30,2440,1013,3453
494a1c82b5cbcd5654e2e2e9f41085763ed799aaafae137a1fc487a8e3351380,2328,980,3308
e89d65c16c70580eb3704a6e3bbd27cf64b33b5c0c444e1bfa60952aa96b9b23,1984,1344,3328
54e09570660348b73e592f324279e103523d1992e631ab40eb77d77049cb808e,1888,1413,3301
42a0982999e11cd52a5bfa42d3ba8374337b46788023ffb48a3b9e3b507194e5,2089,1120,3209
74660853b5341cc7578a837c8c7ac42b0bf87010359fd4722f16959058c9c0c7,2233,1096,3329
aa0a845727ef5f1474d87dad3d5c6141d1435b23308ec52a33bc7c056c6758ee,2252,1210,3462
5668690b27a4894c21276b7f0fbedaa53ebbd0f7757217cc86bce149cfb4176e,3134,1281,4415
cc65354dfe1d12d5f2b3ede8f5a6db79ea51a325ef78a1a7b9b3da331568b160,1333,942,2275
