id,prompt_tokens,completion_tokens,total_tokens
d9722891fb6339514b235122bd815a2c7b3c3a7f3054937a27b1d6c1d9d25050,1020,211,1231
c06c21bfa48ca89e5db0d9db6f25bcab114318e2f932fb4631140fa88e24744c,1082,249,1331
1ad8e449abf1f6dfff86693ad2f666b90e453984555c084127f0ee570ba1fa07,927,201,1128
c376e278c50e931212a08ea028891401789636b0d5d1a5878fc5592923cbab7a,913,210,1123
a55f32f37ccd9e5ce83fd6ba5264387e0c7f3bc31bb540c65e34d7e44b42974f,1188,285,1473
1d51e3d4d632c97308396e1a3233c39ec45158899043b72f10620c52f1dfbb4b,989,222,1211
4b94c1a58b42112629703b2a6d4e57afece89d9b525aadbfd6eb6211ab8614e4,1623,323,1946
b09a5a038006b5a148f197c5cc793c3d8c7ecdf98e3cb72d626e2dc0173e7383,1134,248,1382
f5062e28119a352482a0eef7e01c7ccd7ba2a12bec0837bffa0425439fe034a3,1032,283,1315
a77150cf0717cd920daae84173f59e4835533aa6836bce2ccb699c22ffa2d09f,1133,324,1457
ca3734351981e305140de954dbc3c2826ac01ed66885d7630100c280313544b3,1622,331,1953
c97dd90c33adf543a8a53476dc357dc965c422525bb9226f75d3fa2753451a17,907,218,1125
b2b7b69e5052ede8cbcb2f3f426c30c5812ebbce5d943c10e6829314297d12dc,1940,440,2380
af1e445b7246f83b7ba54b5e39a987b85bc6493296de128ab8eeab3b17bba86e,1660,554,2214
b7af898992f66b4f53ec306117bc3944e12f428976c837072d506e2742d8aced,963,216,1179
351fdcc25cbec537151260a3c8f9fb992863e4a444c9ce83e271f41f5795566f,1291,216,1507
9ec87a8f9b096d7f7069f8f34108308fccd1634f0bf7d453f77380ee25c5b4de,1008,219,1227
8a9b8012a4f655a4d9e85fb3e98b312614e7c77c34c5fadc0f5ad32c5b28320c,1117,248,1365
6e8b36a5833a58be03218d0c603f2dece2583bac771118672240691215d523da,1109,210,1319
c2b083b92a8010c7ff773be10862bc2f0e2e6fea2c715f92adb8a0fe8666a0c0,1512,372,1884
049c80f26b46f09023f8e031193dde2a346670d888d7d0d3e3a12400952499a4,2362,594,2956
922c3b89d0122159379a5c66fa86298deb0f376c3f8b5557cb33cee973034905,879,208,1087
cef2b8dc2ca14eaefdf672b9c84b355d80a5b7a0f6ebbbda5c67780d95552df2,1869,433,2302
0aca3ad557548c3818ed0076e501512a0601fccc7cfe0de02950aae03b2da209,2125,556,2681
b6d8fc239617f6f6011810ec64f568dbbe747f6fc6a8e1f2403f4703db86fa01,1133,219,1352
6f567bb128a3d99bdda98c4ec829db629416116825a2c6e226c1e82a4a9bf622,1229,539,1768
c47764407ca3cb8f0f7e83738b857bf2ab5dfd2920041beeae138dd000654f64,1406,211,1617
3b937d756df9832e633b6100ddb7c91fe9e7eaf3d19fd0115b4fda541a006bc2,900,213,1113
6c10ec7e5564cc02c3dc88d6346ab58eab1553e00380eea1efdc12abab7afb11,1870,601,2471
1370cf4f4e3091d89be97d987be7b566d9c08873450bc66aa81ee01cad388d0d,1218,373,1591
21dc6b9c5ad2cb5902ae3a1c413f5f1759057a073dc7d7f4fdc98c8f9af0a544,1623,324,1947
d690ddb6d81c8021478f408051e77c5dd8502d74876ad02c703aa2343be9b89f,973,225,1198
23a2514b7e80c40a32cd20a47dfc02b064f51e7ed7101389c6fb754c2843ccd3,1251,209,1460
a1284161933c5cf09102ef311d1027ba62485175dd3f9cbbe2a7ecd1185fb0e8,1799,782,2581
3224d0afbe61c21f73aa9a40f7db3621065fc224a7eaccab951435a725617fd8,906,204,1110
6566a5bfb8f0ce76f68f53e1caa907b23ee47b6915440df562b85d28785e1466,1123,205,1328
b86d5f898908bb40605caefc20d369dce2ff88684b20f32103401446967467ff,1629,556,2185
da42229e85903f40b2555656d446392e89eed17061a6b3c334bfae8dba28becd,1982,676,2658
8831b859dd9053ac73a20734152b3a7628b96c17d03cf27b5a1751be2c1c785b,2395,331,2726
a7d99b8f90e0f1ad072b4b5aa1e3806a35468911ce9b182feaac1364a7f27909,1527,307,1834
d756181ffd7f40dcedaebadf7f5ddc77727f332e98b704574cd98b0ab2c9aceb,1054,214,1268
7c04d27ecfe8603f2d9666babfa5fa3674b6542ac3480d174e2fa1f96f401f79,1097,281,1378
eb0866c51af542e62e5bc45a64edceb99db2d62eb69461bcec662ad57d4879bb,978,210,1188
8e359b7bc2397b1ce47e509d1266881105f2f3c1d123eca6a9b5a27992cf0b2f,1517,296,1813
6d696b36978c45f7c3871ac60b9e874cf8345aec3c99b4ccd714009c793d325f,1338,441,1779
39d721d21ca7fdc8f2b11edfc3984c0b8ab39136d82fd87f4eb24c05260070ec,1054,214,1268
645a62013e4776e1d6bbddf3e8699861a670f39e55482fe157a43a0c0271f78c,1047,216,1263
494ed30be9f0f86a5468658f4136e0b4f37d993e453047226a07da0064a0a88d,1380,1215,2595
8695d2ca6587020e2025079a3df7c57e3b78240008f8ce3107b1d745cca3b414,1000,283,1283
0a3b5a48e16254b108fb1fe694e8e55810b513b5357005279a9f436d8940694e,2006,646,2652
5a9da9340ba206a9d3b0e39920b8c62cd78f1a086413a4164ab28c16ca01bc3e,1058,211,1269
691a904bb7394c59ed1041bf1781d78f8d0f47a689f00f84439a1acd0edd3bcd,1204,210,1414
cd870085641347e8ac7591ac652e45c18449f29ebcab7e53da135c2365f2059b,1169,586,1755
17019bfb3192e503491bf8e584e58450d829b13e326cc968ef8766baa93ec338,1509,293,1802
e109efa600b29e325145f40089a51844fbd3e8a1e7d1fb5feabf704cc1137722,913,208,1121
64316363c3b64cfd22dbb017bae740f0bfc5a5624c829beacbcd3b13fa498365,1156,214,1370
fe0d39ed88c0a781134b13670ad613a79e95bd80a4fb294f7f9a630fc99264e7,2243,669,2912
8219fae32737e0b8f84bb0c15411aa0636a22d400dc0b3af4ce28c5ba44b04ed,1329,360,1689
adbe39be845468b563a3949ffa9b9ef547d4ee23b890934c03f6fe4d99695be7,1425,443,1868
096ff4c2aab6dac1803c5906a8146a5e4f322659da9f850445932f5f854b9f2d,1123,205,1328
1f80e65f97b8c23f961fcc7badedbdb48d012b06ce462f7754b2f80a4e8a0818,1364,533,1897
e78a976360f17e9c6f12cc81221b30618f16fc203a2f014fa4c201f9806bfd45,1347,698,2045
d1a388846d6f5024d795b317dd9787e0b4572a739d78bc851530fa16ed2a8d7b,1547,209,1756
5547cd79f1c239044588292bbe5050f9e93d7f3955ab9c691d25d80877298e3b,1131,201,1332
a9f27a81530584d546fc35b40d8d86195482208527c9c0c741824e5bf799fd3e,1087,285,1372
7d5871755a26e5b9a3062eff2b807602d65ab9bed6e788740eb01a9cf6ddb7b5,2337,316,2653
c0f24951ceb0d121ec80c3548c86455d9e47a66f097436130e60254ede9c3697,1428,254,1682
676c9a05e78ef3e575ff05a05c93011d7c3ff154e6f8bc93ea493dfab88eb62f,1238,208,1446
49ee2c1079a048c06a87c85983f58c01dd7b74147bb86ef6d5e788aeccb13658,1685,893,2578
7c0c13c95f167a53326566a0daf118dd76bc1efc0866a4dc7fe5e94fe1486f7c,2368,1066,3434
f70f7a115688740af71c5717ec987b2bfc59635e0064f6b603b27f28bbd754bb,1127,218,1345
d5b8e2a078cd0169e53e9b3f3868d8a2f9db1a744c026c27e837067baddeb245,1032,204,1236
fb9a8f43a2bff22bc0474d86f8bd123fa5587d682c89493a7c4ef9c8fb6b4ad2,1833,325,2158
97c43db80d3e0af150dacd521eb502ac5ccf58f1b9157a629602560cbc6cd90b,1927,1379,3306
65ccc6287fb998758b63d816ec6c65ac51a18862fcc30f875469df0ff86e9747,1211,139,1350
039ee64e546b0d38ec90f2e105043f8771d3535e49312de7380c5ab7ccdeef4c,994,211,1205
eb16e4280173f4279aed21ef86097749ae35938c11307a10b81cf0ffcce8fe69,1057,524,1581
cc3fad59342a7e83a6d807104b6ac18a1a1617cc899f6d57ab836a70f2aa6992,1008,210,1218
cf14522930ea8f0e6f2c0a350e124f70cc0b49ff9e5d7b2eade6cf522171320b,2171,2142,4313
9894558d5b81976ffe1081eeda2e29f93ebcad8d3fa759d4bf252ebbf910fd92,1776,667,2443
b2ba510d6777b5c78f6ac7f62c34ff1c56291f33054ce41678028315691dffb5,1284,203,1487
861ccfa3da3d2c49f9a084eb937083faa14bf3035f266af3ece618af7929ca37,1123,205,1328
376edbd22793f900aad80707632045b9af1016eac2e591ea500ead83f205743e,1993,539,2532
c31765cc87523a909f415adc5feba6e592f4e0cb24afc4cd1643358b54cd3f5c,2206,1117,3323
2ef9893742c84659d35840a3885dd73a339f324be8ffd88a1c7ff4e9ec56dc5b,1258,205,1463
c8de4a175ae0f4ed63cd1ae39230ca6c84370541dd42dd18438ad2d13130b4c0,1123,677,1800
07e7552b1a6dc5775f8859f1e2c6cd4f576c9a1bfae41fa1bcbb1c3068841498,1314,213,1527
c9b6fa12bbd5100cd6e94fd5b3e1c541458dd2ca0fd8d000b357a03fdff47aa2,1150,588,1738
c33a1a55669266e401a13d28b6e3da2e51e9785ea1db1f97da17cc07da891ecb,1435,210,1645
4e59821488106e15bff161716d6979499bdaf7662a2c791912698f5c72c3a1e6,2153,331,2484
fe092b53b02c0166eaa24b96e92015e02dc2c7b7845c604a4f3dcb89c9321b43,1161,205,1366
b5c15193a7ba457711642766f06fb3c1b119d311c6df77365e8c3a67142f04ad,899,203,1102
e024b772fd2d44c0737ff61a4f71d7433dbb05ed7b142ee9179e518785685056,1265,216,1481
0692152ec098e793e66a5ebbb90e9e1a7867e287c28e15522ec50c5da2e7a42d,904,216,1120
c1889462812355165bc1a6af3dc91d5811a3b4ec7a52d852ab6f159f25ccaaf4,1053,211,1264
0d560bde3287eeed03d7ba1d299f5c1bc5ce88f4055c51337ceb1cac2cd04b72,1419,211,1630
1d81bc46617e2a789a79ecfba317fd6237372fdcc32da31602fef25878857e2f,1750,385,2135
4e2863852b5f26aaf53551034ab9ff6010086f3fbbdfd5eee40d8930ac5ab6df,1286,311,1597
c52714d5628a61eaab1742df8a47e183b84d48e2634007aa1fa3624f6907e9ef,1702,900,2602
cd7e14f6f17b9a5af94b9dabc772c45cc07a70e1bfa9ec96812f1a5cc1577839,1068,212,1280
dada15a5ffa55ec7d74486b343e21bc6999058e642732b32c3052960411ccfe7,1376,847,2223
2eeceb526ce3ba1d805763e85161371d8c84502045b08d37a2a3ee37f811b397,1391,292,1683
5004f5d6ec6556e8e399db5853fd9ddb0ed8bf96e32bbdb2a4a70190883fed5d,2001,309,2310
4abaf9e70eb907412146c31b06963b453fc3f1c99a851639820899247f1e0b2a,2043,315,2358
1f2f4390fd1c6c9d50575c4d7b25b953cf036847a9a2cc123da001d98f033a03,2276,317,2593
9538824f07675307d2d07355e212008cca246e31a290400bcffae9c5739cf663,1038,221,1259
dd9b45d66c4de3ac5c68e946140b21a2fbfa548a45f130d0be27a61ba4b054bb,2272,1203,3475
2a42071fa40d47ed26abe4dec89f230d6e0c790fdeb067c5c2dd4dd33f100eb8,1123,206,1329
a14dc86d9a81bdffb57bd9fc076893c02d9ce09f906d1de713378ec29ef3c828,2238,1165,3403
f36a61df88bf4013c78ddee9d65abd3d496769ac310ddd111a9208c82b8477d5,1049,214,1263
fee455df1d399031d78a5afeb9e596b6e79b3981ca224f7f7971ec5e2bd9377e,1268,443,1711
e48d69395f92cfd483ee746804fdad961981bf195ff305f070db85945ab6ea42,2166,754,2920
d2159db4f0c447d9cdb2173c686bad6f8ecf1e30bdf03f81d6d876fbcc22e9a6,2321,1030,3351
c0c4df4454beba43fe3a7f4646a4b1bf81b667c475c9cc272a52742d41db84bf,1071,515,1586
0e228639323cfc6a89807ad373759d19212ab2e1c7559210df83d73170708d59,2098,710,2808
8b9e7cc6fe6cb703d6b8bffb1a5123c02466f0a3ebbfc731108f14357092e388,1109,210,1319
bb058c384aac26ad898612d2b147389c34979920d437ee4305feb0f48ddcc0af,1239,216,1455
3c4951bd40e2d85b5f009b77cbc3813071e8459144d64eead1da5da409150d94,1758,309,2067
c267af7400c37534e1c90906c59f654e34bea8c7e45e6e8a4bd22d3d2b99470e,2040,553,2593
203eb0db23b21f2ea27aa7a6aec69592b4c98ba36899125fa7d1e8f95f7a8cd9,1079,204,1283
ec648067b51adf83c78685dcc3274c5ee628c59b1fb58554ab2055d96bdbf9e7,1024,217,1241
c535f459756d2bde43e08c2de171f79b3369e432bf4167c9c1b8aee38dc110ee,1339,218,1557
a0c35060028b1d1357f0d6bff7522e38a8e1d540669e7957ce481d9424cad415,1059,253,1312
14d80cad3e7406df11187ba8320a00c4da99ad057ca56e46f59aa9589213f7a6,1123,206,1329
621a7de34cd3f95b3168e42e731ee5b93eddc8f4fafc25f6a223d55aa101ef7e,1418,519,1937
485bfa9c4a87c1a5aa6f7a96d77c605493898cc0b70fb247cfffafe5c54fac56,2300,1209,3509
db4ebef198fed2b3639effe8cc5aa6fdb300d24c960b6419f32caf83c4644172,1119,218,1337
3f608bac7637846561695ea1a2f0ef9668d51b94630b5ea5bce8df7a9db31491,993,302,1295
b638821ef2a7178b50188011b83be5a0b4408ba44dbb75837f92d8fd993cac89,1390,366,1756
ccd91524f334a2cd37fb3ac5c392559d76184b0d08820e916ba50f27e6e13e9b,1095,211,1306
5667bfa0b7ce68c07f2b873892148f935b6949385e258176086afafa01575298,1497,298,1795
213e5a7b36d861ebc4d9dbe7576b13dd4c0d3a95b3e9e1e69364bc6e789e6f38,2144,546,2690
02ff90386628f647b46e756034a4178d719630aa600473cff130d3dceef47a37,2053,1378,3431
62710e40e197bf5a4f726f126284cc2402fac4b5be75e63c2d21ed925d507859,1246,299,1545
6dc94956b80f91cda6450b876d50e3d47b681d208eabcdd9a7590468ccc5113e,1111,208,1319
dc0f53773c7f5ddcaff1bb18348baa8622bb3a1290a207334b345cd20ead0200,955,622,1577
9587e1c3bb98adcae515de9dffcc786b0cbaf15e1de813af0789572386262044,2059,433,2492
a5b52ed75b111c5ee6b0091086e1fa603ec6e5b27ae00f01c853bfa1df6a8ab8,1123,205,1328
ec30ecc5fc6ade2f9693d3a74b74cbd3d6cbe2180f36d14db4e277e806d0e2c2,1565,749,2314
51f069cb75d14676052c0630c6226121c2f4c69f3e8788cc91cb14f7b1ee4630,1520,631,2151
4a5a1c7eab99707ccbc8f9bd7440df8a7ab8799619c6f08f68322b3059a405b9,2307,1366,3673
8fe48491673118f17f1a0589278549e6c6143dbbd9463647236788d0a750227b,1108,220,1328
a11cf033bc7c8f2cfc37a5a326c595b4615da0d0ea6edb9127bc976f5fe2673c,1476,828,2304
6d8acee337b1ff582f4fd6b4375952bf50c11f0ad0c915471bbf51af8fad65ca,1006,211,1217
1641d802e82d53047260b46a27fbb045448baa60cba8c504ce8b10a94befa3de,1114,214,1328
97b1a7586dbb0d79cb6f8a14d1cbef8d266b4a5b13f5ec5bfb6520a61e2382d3,2156,1764,3920
d4e127832f8c491b1be580da1b167497498fd89ba528aa6ddda920b5ab2c34c2,1740,326,2066
9e8d511e4a61decddec5459b7932b54e9ad0b2b7fe7ad565d396c2aea5031e7b,1250,212,1462
8fde2a7276b99f9592c6ec97a8b4947766f06f1e7e56eae1093853670e643392,1622,316,1938
bf6a383a2f2c8accce681de5b06274329847ea0349b1efd975b943667868059e,1513,522,2035
64facc762c7997ebb5113414c86e28959f28e8a65ee3d021643ae918f8a01a17,1455,211,1666
30cb7346d95340cbd79ae894c7d95fee455307be347b010068f1982b51c45136,1875,321,2196
ccc2269b6e834b50486ca8e894e1c7e8f807218c8cd39b9af40c50eb8bf5abf8,1269,211,1480
a497f31e91704b6e2637fa47e7a3be699a35446b604d7bd0802efa39a941237e,1208,817,2025
af987cc4cc1f97b35ffee4ae345af7b207ed6733fb2259c11d1e0d11aa5aa9ce,1868,327,2195
071c747d31ca3900a057e810cc989c1fbbceed41f9d28efb0c250ed5dee3266b,1285,452,1737
ef893e6af80c7bf1684f6e07e53fe24dc27f0c356c19bee4f0dcbb3832b34c6e,2235,1216,3451
9f6c06beb5409c9fbd83574deabea6a93772c939c4321725f8d938094b8784a6,1801,321,2122
d98888b19ae6dd3ecc335428bf9703b006b96b455692f333a75453b78adfe9f0,1281,296,1577
2f6cb3c7865c7a5000c2fc13b3faeb582b09922759275a042d6aadc1815ca09e,2188,319,2507
d7b983fce7638965b54a68353d440350faae5ffe8bf368dd5fcb6f172b5dc6fb,1160,289,1449
c3885b4dfdad34400e9761476ea70c138d45fb5ac07725acaec47d75d1ed761d,1380,304,1684
a640847fb2ef2b0c52d332626231acc5d4a2a2bbfd09940d159f1db375a2edcf,1989,312,2301
07fcd52bc18e2e76e17bd9127c38a480e85f7c9c3fa6411ec78ee4c90559b4e4,1123,208,1331
cd58320e737833c4e5f5915df3a692a8186545de9a54747843a3f753b2cfc66d,2093,320,2413
71b1fea1bcc49f2d3b87d46e8ec4fea0efc77cbeb0a6d37b979a92b2f19a3c53,1478,536,2014
55daf9b1895aeff6fc7b759d131a423c495b51bc185a2da08acf7ce716f8604c,1191,359,1550
ffa5c6da20f7ad2c2e038ebd02e4dccd43b813a4c5304b3a2c04a0a607e1774a,1442,443,1885
1214c2ffa26789e14e696c10d5b4ba77492c5d9facb455949fada9eda4ba1585,1185,255,1440
5ffd3ac787e6dda327f0c9ae0f4082a472016d121ce7a08d69bd5aeeb74313a3,1027,213,1240
6bb50cd405362218eba725e4118cb746178c9b7344283351e8ee138b835eeafb,1305,288,1593
13b16da7036b0e139a4ceffb34613e34ebdf4100cb5ea8201a5987058fb08f08,2352,1909,4261
b71e40614c57b6a9e648307276af6255d07e7f73e55f659ad5180c9360655441,2205,325,2530
fc67eaef01070c00da957065e41c976176348081570af2e19cd9ecbdbe6c7173,2147,322,2469
697551aadd6b4afbbbb3aa3a1a4fb408a4c097277687bb0d4f6b7dfe0e46024c,1023,204,1227
d29499f2d72dde2557662328731e8f4de92fb37454033e1259e40508f3ff52dc,1165,209,1374
7fd6c0a83807945a08d5c12d9b5cad6639477b3841ae5737fe1eca34275e7f61,1015,136,1151
0c918655b0e172de03fdce0accd53b661caaced9fff511fa81784fbcb2bf6d3a,1082,604,1686
74218cba0622dae7b81e04526c07a840bf75baecf31d61dee489003cfac0d015,1443,450,1893
2021cb3fc0724635c19ae650c0517f2fabb4154e7c0f358da3c575648ecb2fed,1628,320,1948
425a0810354659f5daf2c91d0dc297f828a6d758bc9891a8a08f99d743449c0e,1426,213,1639
95bb613d67d46de3f2243a490d4522b573a2e147e74dd4823c9c44ffd4ad2638,1075,432,1507
d7eddd8bc4c16c8e99f800fe8fc9ebf80ab35dd30c830853f8a170d5c77d1f44,963,210,1173
505214eb6b8192d9979bab43c48aa7ac7eb4c1406a355bd5fddd883e1ff0efcf,1612,918,2530
7782d3db7db4a7061b06096b60ef1b2ef0d57ead6567ccfc709d571026bf3756,1205,319,1524
c28e9646caf15e55231d61b5a15467c7ed28363c6b6c1119a73b4d2991654fac,1359,537,1896
3f4f608d70487b23c3bd6be0dfba52211df68a6302234c5ff8ddfcc191841388,1858,781,2639
41d2e340e23e8f8954c983a6e547e9a1d41914231e47c17de7d7da6dcc8cb386,1100,209,1309
e2236478c3709109a964bd3af6c5198c1cddd5fe4e7339fd3c6dc8043d90851e,1210,317,1527
926e4138c719b58cc09cb59a93ccf83d1c2390941aee027655f51e5f5cd0147b,1255,280,1535
1fe794b7a9e41834ce4a4d2f977b2d3b678a537063e593fa5a1b8526eaf30e56,1202,304,1506
b4555436c3178963f11a0f68d91263eeef8640f4e9671b94917e14e0d21a5ec5,1005,211,1216
12c5901915239fa820041fcb5fea14c3d642a499403cdf409a4f96845d81a2dd,1094,211,1305
c2b419dc6e92d971d8140b8b59b414d4d4da7876f88a8671f1e76b6630291143,1731,494,2225
31465ea488e151e59edbc7b3824d83c170987b12a1e408b988ead8b7c7e09287,931,206,1137
a99b2197339b4921bc894571bd6747843edae7a44ac7acffaa849ce4e0f7c675,1368,209,1577
830f82ea163a7c2be1810693261b9236d22012b5ab19106e0f4f8ced05af0712,2305,539,2844
1d868f01172c0d1898226e4ee0b3f2c3be7fb54aae239bf676cb53a5a67aaa71,979,219,1198
0e04090a6cbf7698087903d2131ba801f25f395417093efb5b91172d22c4076d,1290,219,1509
5f6f5c121534889645cb34af188fb65792fd1f81516c40b5259c08fd6ac67415,1825,319,2144
a904a004c44ae8971f5a9f44b66177d96faa61341bfc938654350126af293ed4,1414,203,1617
eed476edc64f4a0d30864c8e0946f81d032e4e2aa6e7e9348b968bba4c583650,1694,317,2011
79d2ae1890f4411a9b72b0e11495e4b40e66a280fef2f0c69da07fa6a87d1183,1123,309,1432
cecc074a51be7a480d79549e48b7472d3727b13024ce3b707731225d8e6ca8b6,1642,934,2576
f35e271269e0cd545719e00adaf415ede9e1dd67e7627acd94c8ab1b21843578,1506,266,1772
a1ce0bc44fcba5d7078e23d63e954d3fdb7e99c5f65d306f15004121d4959778,965,673,1638
eb48bef44b89ae4ae9235348673d350f516e17825ce46b0b98e654503beaffb8,1584,383,1967
2ff58a8ee7b79f73513f976f84c7630180a24cea3a46feb1bc7e8c05821d4df8,2223,992,3215
90a8264102878a548186e027c9a57967ac5a5411e20f87f71893fa02f0e72e41,1038,211,1249
db31cf38453a9fa2325f4dad331b45f30dc2ba758f84c4e3e46dc2789fca9f2e,1504,363,1867
b92e8006f8cf6e3370b9a5cd459e8d79e57b89f5feeb61bccc5e09075ccac985,1541,595,2136
736ba188e7eca3d6a2bc2512f7f7fd5a1abc846f349b81ff3475ee6120783016,1088,213,1301
4dae2fd3a6960f346d197b8158e392a7b053485c30d6f65c245150634ce89b58,1178,249,1427
60a88bb11656fdb29d7fbdff5272319b9d3ed4569aca53588c943a3802223a92,973,213,1186
02855f685b33f7b48363b8e0e8efcd2b2c577653ec5db58b326430ad029765c3,2203,436,2639
844d513d1aa4535970b1072033d0d7f33ad6c88e7f63bdb565e287b94492e988,2315,1302,3617
5bd77997c986321c04c8f86f2ea747d65b7278b2e9c97e881dfb8022f98b04f9,938,212,1150
3ba0199d28df49268427d64c475a01da77af5d4fb962cbf3c7783017e6ecedb5,887,211,1098
540343f2107623be2dee60910b19478efbb1ce22e5a2d7308248f63704d1500b,1264,360,1624
3fe804cd9b20544697f2229b192e7e2bc6074569f0b9113055123baddfdb5dff,1036,449,1485
503a1cd5c73ccb8f4f7e0c817e8f2f014cc1743c53a4e27d015080d3c64df95d,1693,868,2561
af02c547ba934e97d64e5c55b7b9d6b4abf6a581ee51eca1883f59effc9f2289,1308,290,1598
0eea89d3db920429d5e429460451e16e06d923597756ad7e249158eed74267e8,1100,452,1552
88de0f13fed55a606b581ca994d0e1bbae727776e7c2b045a977ee54e0656120,1245,215,1460
9a7c717820781a07431f30bf0715197e038d1bba81c89f0e9739f1c3b7dfac84,1871,318,2189
f14f3dea67a2028145b7438ecff161588bb2852ff5d5131b0e5bb535f26019f8,942,211,1153
eb4259a8d59657349581c66ec3bd33c3d716f13a2dc7e916a28ee14dd67e94cc,1002,208,1210
c611272eb8bbca6e1941107b7db36d9044ad28498d9e4d048d0838264ef8e27c,1209,213,1422
b4c94028805424f08937b7715c6ea4de9ab790cc4aabbb99cc98ab50f39c25c0,1398,210,1608
057ed7b5106d23fc013538c290bdefd114ff4cebbbaadfd24f5679ca08f0cb15,2137,1883,4020
b87e1fe8387baed63d915afc2f5e02d7775289ffab86f439a31f9c4cd90a67a8,1123,310,1433
4702e6748c00eb651ec59fb93c53b924ec4e25efbadddb82b396c0d3128e7ff2,1334,294,1628
08ffb4291456c3e8b2933c65b5e6dde902bc247d19e2400f0508cce210be8cca,1194,209,1403
916d47ab46a20176b5ec59ed7053486d98c22017c96642ef0b730354ab946cdc,993,211,1204
78e6d32f53414e950dc0a38260527cb3111875450f3ff30b8da6c142498313e7,1703,537,2240
8b7a15f66c2696fb6b76dca89f66493212737a324df0c856a193eef58a987ae2,2106,1480,3586
ef0c841f2db610b4ca48782a32ebdadfe4afdac15e79a95f5ec7f40414860061,1350,287,1637
84ff1391c97c85687bcd7496b0fa9061e901ed05b18609c11adb840622328228,1775,647,2422
2e9969964edb2e0f55e5200638515804912fce744955221174da86e220d4a0f3,1043,280,1323
a90dddbedf94d08a27f6140df3f70416d9a7f86858d8952cfc4ca049f4f101fc,1327,224,1551
329988cafd45636f5e023959347c4ddac005570af624d5e0dbf49a3d4e8c1276,1621,548,2169
9349de666097be72d725fd58ff9f044ead19c7bd9c165979f8178bbc03009a05,1614,385,1999
482e34d40261f68a9e8d1e0ccd418ec1e8efdcd6655b2526a7f708d45d5289da,1802,426,2228
4d500b93c58e238a77f1bd3ac101a3522d90344cb8e2c498d77bf2ede0afd4e0,1124,374,1498
62ab013679d77fc30109f86acd2d085823c8755b3fe63f80ab0aa526bbe53e1e,979,295,1274
7d766546c4e1faa7bae5549e0787c91d728b4d82e8ded8a8f56f6e7728616000,2288,1416,3704
cdcbbe70b18fdfd77fc6cdc30905225b33f0bd8ed15e3a72f8b705d7fc88cba7,1241,465,1706
a6f58b8528a2f90608d1ed0bf87f3836b4c3b85ab03f09b9c715f5132bee4236,1109,231,1340
88b0036816ee448a50179406cb730ed2c4dae5b1e41e63fd7604871f62e00309,1402,295,1697
242a8e14b998bd35589a538f655facc28d304756c1a77b16d875c002d91890fb,1167,400,1567
366b69c95887271836aff1bcc914992f7d8d0039d29057b5d27bb06a27e9d80a,1170,278,1448
a470208c8203f6c601143df9a102842e413056545942c6dd22e774ebd749b4fa,1249,212,1461
b111ae28bb73e5d7eebdbf3545420c149eeca5aa6346a5c94591fbf5e088878a,1732,544,2276
6812f4764828ea8e6dd3aa5c05eebf6c3afcffbe215cfb6d03ac0ccf5179b1a4,1022,300,1322
c006c641e8a79acf6f73b9ef32f5889985461b427b9f781c36454980c27285e3,1187,292,1479
2f69fb0a1970153ce183366702c73165f8068865d730324efeb852736959b352,1170,469,1639
5b1e5675abbcf271df89f1f933108cb7fa114c6697eaa08f234d33d794864021,1233,407,1640
0d224716ca52901e9627bf6e352e53cacaf173aa8dd4e1774229d8fdc0a7c39b,2300,824,3124
5263116d3430de855bef081a53b2e50b4b8b58041e21d51b9852a8e2e288aa72,1189,215,1404
743364f7ba8f8e2938776b6916d7620a49e3e213c6a3da63e1a87a824891c651,1105,211,1316
c68dd670ed94b45f8d6c016190d88c210faee436c92ebd5dc7c4bcb29d6f89c2,1062,213,1275
06b43da6eaab72c4c7774eb5ef1b4e5a12d871820cd46cf4545b89744435e570,1080,295,1375
b7ef9aefea42b859ff60a2767d6e104a41e85f676bb5f021b104679fe6f49c31,968,375,1343
1289edb22cae063a3956e294cc577987881e7629a1fddd3febb1943db9621b7c,1294,219,1513
bfe6313cc3a5aaa8c24b4c5250550e890fb7dd37930501c391436abe3212f854,1071,208,1279
62921697c449e9657054ff22fa319e5fa77d03916adbd8ef7e8f4638e7920c9f,1633,331,1964
fd7ef360b5164b9332b2d0d5c365fc413cfa5934eb27a96b34d6203dc3a98e8f,2283,1186,3469
61937a3709ff09d8230e21b19d835a00a1305981ebf53763a40f8219e38dc583,1025,239,1264
bf8b89145c5e62f081006be6be5994fee6613aaf4ffcdbf57478ad904309f402,1123,205,1328
3e0b8685761215dbc211f6e3f91478214cb9ab1038565b9c82c59a4b6dc50252,1653,315,1968
3fd7b5d1878cbf93700fa50302980765190e6e3f12c500cedb9bfca72cf38734,1090,216,1306
92e82e176c2f8ddd0a4dfd829dfbf9ace36e4dd64e8329c9bb20a7d65a5e85a7,1195,211,1406
903326e1b0614bf949137925a46e34e6c8be77b775b0991d01dcd31db7c1fb3c,983,302,1285
b1ea95d88a1b8ca6480949fbce93e97614a58c271892355a15be9e51e8d77417,2161,659,2820
2a4eb9f06241536e1073bd9075d8c909ce73f21ad4193cd68376e7e21b6e5b6e,1331,289,1620
e3a2dee9d5ba02fea7b8f223aa9c7d126266298a6f01079509965ab90868de06,1211,294,1505
93073ea230628ef219f86d7ec8f7f768fcd0da31ff8a1fa66d9feadeef0598f7,1077,214,1291
c8366dcdc420c6c69948665b5380bd12ce8453871619f14be683da811cdabf71,1040,211,1251
ef57bf70ec39be6aa8cab5d4fd3ac2114d94011ee035185b0a958391ea24117c,1373,297,1670
cc194a3ea9d793fd5ccbff41cb9438672e89ad710793a36d7f538943f4dd49cd,1976,330,2306
c23134cdf453cd04257ae2a6314933320081f4071d8853b1aeece96dd8ef1e67,1666,317,1983
26d9fab9096c0907d4ddc883b787d5d984e11fc514ca87e0b07444e6881730b3,1204,283,1487
a6fb1ca4fba6f486b6ac8c92e0baceb5cd99704e22e21d4c24cd68258d550e8b,1596,450,2046
6aa4cc6cec1bfd10dcd596054a79fcbb4e9c7d1fe3ee12cfa39a2e06f88a420c,1090,217,1307
3d276d4bc20e5ff7882dc93d97c1893a3c4ef40888dc4f1008af1f31c3dcda4a,1061,213,1274
53ca4499e673a34adf936f5987751f0973035a6ecec28d91b591a50cc5522858,2096,789,2885
5490572d2c71bf99b48fb7860db7686a920c710260a72ee771bce4cd6607603c,1127,205,1332
fced8a36b5054f667917819611f316c4ce98e5c3eed3646c28ce43c93aad8a72,1068,296,1364
5469e6955ca5b3f03c640385880a4ce7aa3479a19d33cef720e19bf1884ad206,1123,211,1334
815d3aec12946303fa0f04ffa2aa94b9a3fbfb83d1d43ef1da16d92a92987b0b,1076,215,1291
ad325c4601bde8649838e9e9bfa133f380b28ceacd869d84a071f5440d72e405,1323,546,1869
275fe15c81ef8d7d8d4700157406eb733794f5582ef6e84e565c316935eec07b,1008,316,1324
c84db2ee82431ce8c872ef8a2c400b4db2ff40c842c8c27480e4db793602aaa7,1211,377,1588
ba93cd9e2ee3bce234e9544eca0f054be708670f5c18ef95cdbe043ae96f17c6,1151,210,1361
124e2b645ba8db64df6f4b78cc82f5142d4959d170c9ec2bae469f4f8942beac,1515,450,1965
2b01d48d42c95bfb0e706567495f592c87f73bb30904e8bb9e2472f12a5cd892,1025,209,1234
58316ae8edb6eb3ed05efec3571746ae575e70260342ce8429739dca877d1061,1542,379,1921
07f7a2b2381a532b76fa53b875544276b32d5dabac7f0e6a3ed22e2417a2432b,1332,297,1629
ac7918bfb97d0ac8639f52e2738c56d162786a915f81e071c84b3542ede42e26,1521,209,1730
2c76253f1c67bdc70c6a49eaaa301b84e8c11623b591c43e9147624e0e790701,1003,211,1214
1a07845ad07e4902bae2913340293b5f0ed1c0e3890e8a9b748c51f4fbbc551f,1708,1011,2719
b21a02426f2eef03f171fe3dbafc2e139af87ee6c0e3fa1a7dc553f43f9cd9c3,1415,627,2042
00b83f45661ea6eb633d4084d2b41f9532f428e5a6be4a5d8a057d4701a154c2,1064,312,1376
6a18a58a3305fc61f11d05eb62776a11ea18aa7f3fd606c35202f571ad542473,1152,292,1444
4143056b7913c88458c1ef3dec70a50fa3d99dc30324fc9319979fc874541b8b,1060,580,1640
9ef8d1a910e94a3198b72a3727954b218c215b67107d34e9c8724e400b41b0ce,1139,286,1425
b066b35aebfbfb43147d82749c61491ca71bb0f7f3d091837c3a61b91c471d02,947,211,1158
de98e009c1c37265ca67856418d19d5168d637987bfab1d6745e20a7de78ab73,1248,423,1671
34c60497acb163eb7be0b15a86304c2cfcfabf04fd58fec427fabf4586606ecb,1146,288,1434
88e6e442da5f766cb7a0fffcd969f01a1df28af68b1543193bfba3744fa2043a,966,204,1170
8589ea31f0e2f16db326e96e1d08100f9f79b3486171c9a928200dfc3726769c,959,299,1258
91576284b36f98c5c5e3b31a4914df9f687b61a31658a4095ce48d8994a98967,2273,897,3170
785d4d091563dd37f0c3e4313bc2557e5ec29e953c122a972d85e33d7aaa4aaf,1300,381,1681
00f5f3373ca1281551174ffcd059ffdb1a11f71a049c0d97062cb21456abcdc2,940,206,1146
8c8b8c97fe5ec0e034564cb7993e56af922e74ed69998ee09523aac938a066aa,1187,431,1618
774f307982bae7c3d53db76927bfe273f5a2b1ae64b4daddfc68a7ff8be56b95,1485,639,2124
f140e1cd8270fae80225bc0db1dbdaa9a1eb3e6c113eed5ede9601ee1828f4c5,1176,219,1395
493bbd38a723ce5a87275096355e9aa113b422ecad0fde158fb5c9cf8877f796,1478,206,1684
87888605e9315403b3b2885016089ab3d83bfbd43a5545811130ecd8725696b7,2206,345,2551
ab4bb3417507857639626199be04326d32680abf6c6c3e1d3388da29e5cbd2d0,1557,721,2278
ab564cf68713300e5ab8f63ce6fe9aed34ab551caf4150c5c58d00d03dd3cefd,1038,219,1257
d3d92055fb5438a36e7c97814b139fa626c543ec80b408e478d55aba7e0895bf,1226,371,1597
3c2bed744d331a9c684d1b52a29be79dfd5bb9dc5b9f12fcb7342439ba21040d,1577,137,1714
0614068d08a14239636c449a354b1b926e3861b427bee2ea52cccdd7bf3f59ce,1387,490,1877
aab02969679876b9dc9dea3ff00fa97bd56603a8109b61598ed676c5ef4c13b0,1043,289,1332
dd0b8a9ee764f0b296c3ac01146b3ba4b53c258c8e7a6fea9e0b47866c2558ba,1399,246,1645
33e1c139992ae4079a19e76a7970717c6e1a80a434b8171079da995ac41c2c2e,1494,359,1853
c24f60ec2e3d4e8abe49cc7978cca0dafad492141f79dcfb08d8cefee8675ef9,1292,712,2004
7ac42c85bb1851fe3b8ff70f43a763bb3b127606e3b1cd158198db91a96f8c82,1137,310,1447
127c1fd507cfa6ba5ceae9606e45deb49470fabda17420af1faef8c65daa5769,1085,229,1314
161b6c0e4b6e24c0d5244e323514a1fc460cfa801e6830552fd9d8edddc85d91,1345,216,1561
cca478c344bc4650927bb78b602023ff9f64c8ae047201aa4caa38e3f77a50e7,1426,389,1815
4da3921aa5aa83774ae37dfb85056c8e64c548b261c211618975409fbbc1706e,1174,288,1462
42e72f04038fd52602745923dcda8b7034a39bec9642dc3279197b5c71746734,1155,290,1445
47f95612172e336f26ceaa084f15d9f908d47ae802f281c9de3364b975fb09b2,1241,206,1447
fc4101d90d6bb572d89bd1d37629da029abdcb0e57c977b0af3533a1cc2cc182,986,215,1201
855d604346ef1cfb1426e577d82094d35316f883ed44104ea4bb04a7aa505c90,1270,540,1810
d0e57f0dd4e38256bb08e427d0532e2174994662f8740971104a161bbeb04daa,1366,293,1659
b6b673d6d2ae5ae657442f9b1cc172162000768c52dc1b658073e065c7cf9401,913,210,1123
3678df08f93866d410dc6262aad1971cc3253e90e352f58cedab0813a1cdd722,1460,213,1673
536e387bde9fcf468f77f2ed3845b838c5ebaf2a9f357cba700048cfd75bd750,1123,207,1330
0512518d13ac0b209e76a9ebb13842df2628201efda5ff40afe99c2a7e022502,1265,213,1478
48785ba663d4608a9fb47c83301ebba4d04602a13972b6f97e1770e771a3f1f6,2183,1097,3280
38fdfcd5b91cd7a445abc1edf15d397cabe9b5e9bfc4e64008f8a58fbad69690,1031,589,1620
dfdb5772f5ad95a8eac920a715f89c732e828389397553381842a9e645ced1db,910,204,1114
a585610bc9ed9a6882a55e742fb9fca5eed6904403485bca179c8f4ae19c90f6,1797,438,2235
92648b6a6b9cb707131f20ecb7f4f7e2fe45f17b9e2321526d365906e153d96e,1117,209,1326
c66b82f4a2e6ab265dafedd391533813ac914d6258b59d0b24fb9037950c4bb0,1334,216,1550
ab94e1fb49f2961c5dd1619d1764b4ba5665f1b9ceb5f140ab2560cd10ff13a0,906,212,1118
a6e267f16c28812a2cba8cea895d7fdf3d704fdf3983832ded88c8a301fab581,1484,449,1933
03f9c21c6fb82e4fc97c968ddbb24fc6e53ad9d5f6a4ecbebb7172a26b166bbe,1031,200,1231
401b8354dbc7613ecf17857d09d32cb8903df9fd41a96e7b5a8796940eeee55c,2384,1473,3857
07f2ca03c439af28a98a5c2cd5dd4b812b736d070a888bb6b23dd0cd1eeb8dfb,1069,220,1289
279c0f0000bba49f0279b0b42395cb1e5793ff6d3b50ae9a350f4da89a46104a,964,254,1218
b5f7543a8fccd8ca97717c58b97457a1ef23e215420170547cc6f05afb9b6adc,1123,205,1328
4606a52f8fe88cc47ffb60aa04830a73841ac0ec657c2cd4954b4fcd1b45d147,1341,296,1637
c02f306fdedb164e2f1740b03fe1db05a05e6df97dfd73842fbfe4d9877bf263,1278,291,1569
0d37fcf1d40002d7b2eac0a3c8bb97c69fbeb639bfc723b93096bfe7c7e3c3c1,2120,793,2913
f3f8b603dad484ee5fc52b52ba6b5fa537560c3e61e30b50b481ec2fa0b7f528,1427,594,2021
7b4c8f551b7caeae4c3a5b2b5ce9cc8f600dcacddc5f0597675a809001c5113c,1032,307,1339
78bbdf7162213d2903f1e0ba05a3645fa6ed1a23259b63d937aa6d308b8b7618,985,213,1198
9ac83ac4a42258bb2e0063d5b1b0a8b44ccbb6dc0980f2e97ee525ede51852c5,1944,825,2769
85821ca5d5ee625d605e8865f99b69d41c9b923b97ec9e2774e7efc2405d4dc4,1242,213,1455
28f4cb48e21cf355ef2050b1e73bcd05e2b6a8b004854ef8d7977ad75473f179,2097,888,2985
564971dd5bcae5cf2ab978eddc261f636d1af7b7d1ff8d399cf3528d93d70095,992,210,1202
2238469deff7815731a04a1536be7453aed6f492d2e6918c44b919f64a207120,1230,298,1528
198e7db65a67867d3ada9eef4b06e3a5a1e996b48409be15cf0457905913312b,1585,586,2171
457733f60d7357c239c8b8dc1a029f5f26b2204066622b95bb3190e7aadb4c54,1094,203,1297
494e2e6a0ba7c9d1d0bda9682e2004d4578d9328b0a5010df0c5e6772b017773,1247,202,1449
d46768be73c45f0904fad89b7719f6b8d3ecd834bb3c83fc0ab612776fef1da2,1579,527,2106
8db51934cbb5816f0da5ae6ae0205e163cbd7630d38c1e00f120f0cfd108b53e,1883,786,2669
a1e78ecb7e0f81deaa42794e5337de9b570956d503646df220310925e6837ca3,993,213,1206
de21563cc4e2b7134552408e2a6177632ca5465ee5c09d565b82e8996c59e71e,986,295,1281
b2a762a06e89a36c46641ea5345710ffe0b8a35f86c14c8bc22797802906098d,986,298,1284
01b66505ae6116e5e2a3ffce7bca01da7d6c5d8cbbf95a02532a1f6a362dd41a,981,250,1231
1d12fa3b32a5ab4827305d87d33661e1209e9fa54a65b752bcdc9929bf16cc92,1269,207,1476
768b765c69fa144925651ab38a7aac86ac81829a451991ddac4dedf04e67e553,1475,210,1685
4147d6509aac8a738edcefafa976c18396093c04534f2b967357f300807e7d21,1415,601,2016
d00ba61a2b25e9014636e8ee3d372097be92ca8c441dbf31951825c318ca9b76,1405,207,1612
def1368f1a9b043c90da68fd7b88d49f2fe2f8fb1cdcdc89e8b0f97daa29a561,1532,299,1831
b8ed065b81cd2ec99603cadcc1f0f4808739a1c290d07ac7beea467fe90777b9,1420,366,1786
3154733581fb8cd0d4d6532b54af7eff95bb532b3288ea246f692c8e3251f2ce,1024,205,1229
bf0e9f2435bb69ba930ac1bd8c3eea4bd5ac50b99ba782c1a32eb28651b77243,1016,208,1224
3a5a7e88033bb95f9a809af317063cb02447e852b65635115b0348a16859c836,1123,205,1328
726e1a5a868e47a3a8adf1a9d07d9412402032c20d86604a528ca689f4d51f8b,1210,204,1414
6db531ffaacbd4ed3c39086d5c478feb32dde6970ad0cde1dde6a2db693c712f,956,211,1167
92f3b5b32dcefde8ad520127d7bb519cfa0f62a886865d58aaf5bae1220bb45e,1132,223,1355
d271326b576b496c980cbcb8d965ab6a1cb2ea4ab4e3e064832f493844f2388b,1074,211,1285
a5691880a63e325e86d436812a954be9172c8589d72af344693bc97d8cb46e8c,1384,213,1597
555943f85144c946819ad39149ba1b37a1dc281ce6b60aab7f4535f940c3484f,1032,314,1346
cd55ba8c8b0a02c56ff4023eb289571aee35acdfc899b68cbaf8510386ecd63e,1161,213,1374
5edcf257b98c4e0294bbcc73200418a36b1c374f7aaf2dde37d05cb0d2902016,2267,966,3233
2ef1f664a4806fd2ee5cda43009a0cd7cdf3c21a802f9da148d1eb07f792a5f1,1159,217,1376
dae4f96a35d71630811bcdcd3336d57a7d6e514a39ce5c72c1aed38e4aeac9f6,1907,1603,3510
eedf31cdc7d82b2ee831fba749b2d291bd2e1949b03003644a904db43c23b2e1,1095,215,1310
1641dc86f385a088ae1450be811cda1ad005dbe13d14cf87b47677d6ee00f7c0,2204,689,2893
fd9209f4a778714d3ff5e5b24378a6b12aa8b911d72f7cd8a6242d082ac73f59,1324,356,1680
9249d342e1f379f058cc121a566b1c2bbf400af5befcd78cc09386261154fe87,1851,312,2163
a2797ce57bf39ea7b0a039bd0a88b2c319e878d9bfa84e639357c9f027738c3c,2213,673,2886
392285133c48ff0f2b291af6d9d2146cfd2bce4d06eedc47ef10bc4a51d9621a,969,220,1189
14f2e3c9c3ae98cf82ae45c67d210de11a457bcf3532a22adadbdfda97b458b0,1044,376,1420
1669468cfff1ca8b76d8ccf6eb7af98c7bdb1de8ad319f419be69e97624049ed,1206,244,1450
8c4e0439445bb7baf877639e0a3511f894fda5eae78eea8ef7bfef2ed855cfeb,1557,449,2006
3b061826c77df63ca509c6585a89dc0773bd918f232a7d0325090f4db69f5048,1044,287,1331
dcb776a4ec395d993dbec00b8fc9562a0f431a456d95fdf002a15729ed84709c,1399,208,1607
1f468826ce82dc68a3a891ce1a03a9aaabee77c0549d09913ec5e68ed6ee7265,1002,364,1366
f2c88668725587eed3ca7c79d51b0527a207401b5225f100fb07c013ee79df09,1320,297,1617
ba8aa4448d6cec6881beebcbdfc43ac4f1c70a8f47d9f754f26f5589c8efd67f,918,202,1120
cca30b70cbac0ad7c95d7792bdd56d00861c9b9e32cb165fc9d3545877fbb4bc,1890,321,2211
bf83f49e917d6d6cf75db81f6a7e09454493df4e2cb0ca18a99ce17c109efbce,1070,369,1439
1f4608adce43bd654784d5c7ee0837ca9fddc8d031f37b07049ebf1f5e9c381b,1187,317,1504
25de0d4021d095ba7989277605c74575574eb5a39614e6738c072f2219d2c849,1079,214,1293
67daeecba2794177d7263827c55a14da784a1586cd49c29cfb1dae087071919a,1338,774,2112
8f3ed6ee16681bd7757167690d4a9a450d90ba3afad316c34f65a8dc731cb804,929,206,1135
8ecb2c9332a470094ac9b13897d9a0ca766fc16ba4322fb17bbe869244ca5792,1168,542,1710
9f8a617a88078581c66c662fc1eb1d5de227e50fd787958bb17a72362defc4be,1023,289,1312
fb5a1f075061356d2495faca20457fbdd24215e479acb00e4619821487382979,1123,205,1328
d785b811be1be4852b02b36d20e1ed17e77a1db109d9635589e6ae12bf3fa153,1355,434,1789
ab1ceb67ad4d7b37bc030bad796b380365aba242732fec264b2518b122386c84,1073,213,1286
ba9d245ab3ece2c8863dc728a1152ae849ebf7c13ee01b910cdd51ae56212021,2312,1106,3418
aef6f141ee1eb23f4c2644bac352ec41e5b75d0259d7eafac924c3f1b81f2dd4,934,288,1222
6f3d29240b9201f810db644a17159583a22a7d0ad1370dd1f9fc7ba74644b24d,1136,323,1459
8c56c2246fd188c09891b852e271b62b2c7f549944c9d16d5ff756bde6a228a3,1166,205,1371
233f695c39808126d04e49ca48d5d2f3319d5a9c5173f33fe99295e748262cbb,1200,794,1994
edaeff0544e952f727d44665e9dbed4a927d1129b7a3c45d6b50c432b3d14f15,1059,467,1526
8959675162fc12b378ddd2ef4339e4182bce298c0273c4574564fc00a7f1a0fb,2001,741,2742
0a1fc32149ea27278f522ab48b54e8d7eb47d100ae85fa291b159e8e705fa4b2,1224,137,1361
d304cc54afed6814908b5efa88b305d614d00b238175d4e91949c843521d0895,1105,207,1312
7558c1f4b29a2d3b883b49ef42b988d80164bef07bd049a5ac9b8dd01c77d8f5,1025,136,1161
be55724ffe25a2f5357833fa4394bd591cffa379b558d14a4b600959f835f834,1618,500,2118
f89aaf2941b5f3e0d38cd40bc8f3d3a364d8a826b999db64b62b44c9de7861f5,1504,288,1792
0190c91015a7e8ad50ec926c624279f484c7c43c98b5c54d877bde82b282e220,2135,438,2573
2b2fc72b5df6a8315aa8c8c9607fbb115ef0afdf85378005974346def014957f,1220,214,1434
54dd6d398137f0d36065f21dbe333fe794058a0e4ebbbba227d43784fddbbc14,1233,315,1548
570415d60bec0d0f89d80fd4cff29d0e21152f2704876648e176e716fe72e186,1557,209,1766
ac9e330d1f964095ef76f2410856ba5d6a830036bf4d401f1dad01ebc38dbf04,984,215,1199
afd2f742ae6bcc2841754b9208e248ab84c66c669df3b08539f6c55de31bde1e,1309,211,1520
a6b4111501f13ae02b6b006a1cd3b721537f86840af58c560cf433c655da29a2,1864,1357,3221
d4b808903702a92c951785bddcdbdc4497ec847df47dfa7e078b31d3bd563f85,999,215,1214
44a0caf5d2fe74f23829bc4e174495e9f3fc90cf50d8f439e4612e0749313487,2275,701,2976
3f1f530f469e8935cc9159a0f0dd78b20665193917e7bf2cddf5c7cef3d0a5c1,995,212,1207
2c4df78aa343aa56b782f02c19a35818b94eee55e1437f94c6fa0b3dab8eb699,1382,524,1906
5688bcafca6fa55c826f075f7cccb6a2e089ad80dc13547c6927eaa4a9d09663,1519,477,1996
58f0d3594d6bb746b816de279c509f7a5e185a81f5dd81bb2bebcaa77885158a,1259,209,1468
a9149c66874bd01de1bdccb37fb8bfbe383357eb106a62446b449015ea5f4dcc,1014,356,1370
5739bfb733acec6ba63fc45bf3ed68f1364a75bccba8f88935c46b34acbca51b,2359,1088,3447
cff11e8d66eaceabe0aa896ce4015761e64871b25b66ff7b0a85d4b25a5051aa,1000,376,1376
7b89f7998d3fefc9982bf5bd8a3b1cd8e22b4cb1aac22acb2efe75045220c623,897,215,1112
1c9595057bcf6e95d412556d23908ed1f20940e7d93624fd6d0271245cb96e37,865,208,1073
f59cb466d0c6686652a328fd8abf9c4b57b42041913c833ae78a438c136d47ad,1123,205,1328
31c0975e7d9495388afed78f025b1df21e35871530bc80b9117290366c4e3b57,1087,272,1359
4ad7c722352f467073df5e428a60067f16c8a088443c975d23b84b9ef5b6297a,1545,462,2007
5025988712a23141fc365b754bb93170b56ebd469adca526560b0b63ce6ad606,1311,303,1614
6760191e7f36e7ea15bc6cc8947c0f4c7bb77887696f065b0eb71665c1f37da7,1298,267,1565
6086faab4431062edb4160eac5a765a6216d47ab728bac240408f3b558d390e0,1103,213,1316
371b5cba4bddbbc737e7b6f9c7a6713ebda3541e647b2ccde019955c01c9ad79,2335,429,2764
7f48cd9fed58627ac310595edab783572c454c28cbc2a7d1a8edd216d7d313c1,1152,213,1365
f611f4302d8a01b804b128c4363b47794115e43a9b8568da3f4d12057642d3f9,1315,218,1533
aa59dac9760abd82d61e4516252c3e294bb14ae3656006a78a074669c6985a1c,911,210,1121
62132ff64f3e5115b380274890e0e1084810de4f272cb9c866b2d78661fcfd6e,1703,314,2017
0c79cbf0c58a4c7a768b34788971fc0b791be8d059b056c23a39f62bea06991d,1380,585,1965
b47df4561cde3ae632ba6d4cb29881b7b533ba511d63d653c74821a5277654dc,2261,947,3208
6f2bcf0a55d7305724bd1556090547b7ca22202f02b12fb139ce115e99d4b0ef,1305,857,2162
af653bb96c950613131b2edb8cd2bc4f72b23167a1fc4ddeb2b9f6c40c03ec86,1338,207,1545
a7d494120d6cf7a016332ee8e36a404a826900f6b26d6d19579ed5460ce790b1,1053,212,1265
ea5b0c23c720f1ac3016a8d00ffdc4e2a31ef33a1c669a46eba47eaf424cfad5,985,204,1189
773f7edecb26941fbea1b02c8404051809c98ac205fb759438e7538a366394a0,1075,456,1531
b6f9d06a7dd6b8e501ad85fae5bd5adf60dbad513b4941ed3cd0106238a06f43,1038,215,1253
cd3a53ca946f3b8c40d0e5e60a65b04ea477789926c9f740d3cdc69332e454aa,1637,1022,2659
89396f7a94da1db191cb7ce6555b84e2a8dc195f3f389ec5585236c9f713b1ce,1048,454,1502
154cd5eac53367a86d604ea8f6c00ae471faa91d56aa85ad274d3ecbd0f0f75f,1008,210,1218
0368063c8c59768dcf393222138280f6172b301d65105358180b4134bb63ac43,1584,364,1948
e75893e2d4a19b4591bc1ba5a9a1bd80ef692c974f8531d2c06fe129840df48e,1366,214,1580
9c3f601ae910d9135b3a46bcfbed9d674a1d73004f4d9263455f5c7919b002e1,1107,294,1401
f71cf012036a0d2e5c2dabfeedcbbee9421d81edf06659148378944860dc68fe,1081,376,1457
b6fa8914962efdba09e073a0040a8947f139b4d9d592ff2d663178ac59abf2ac,1112,210,1322
c8342705a024c36e08782262ca1c1cb4e869f77a050d820cf53e589b76409ab5,1386,376,1762
c91bc8f8e6bab700da7e32dad2203d35de6915094a51469bcadb161912e8ff73,1741,316,2057
666f0d725e2b0c99de707376de43563088e540ed7a02bb91f91f03755d9701ca,1123,207,1330
27ec45c0bac9704a562a7b0f6f7cf5cc1c8d8c7d90d0141f5fc9674c498f42a8,1213,309,1522
33ee417fb2b0cd66d57cb4132515ac6b3dacc20a838c31fd575240e7bf60dd57,985,208,1193
010e251bfc0678138497772ac51802efb08d748da69cfa95c118eb3a10999634,1012,300,1312
9df21b5e17c8980cffbcd76de32b48fd46552ae08007ada75beeee01d5aad316,1071,136,1207
6763e6b605c4f1599feff600143819a85448af5daeb65c587e1ab6f852d55f2d,984,136,1120
53b67476bcd4bae161e080def00e56f84bd4b97c6da2327c2c8b50d8194d857e,2145,328,2473
8cd930204b34b85d919dbebb0f37318645b889257dafe5d3f0f674944d53d44c,1288,207,1495
92e563009e3da074f8463692b314969a86217bdd00642a35c4164ee770a30ab3,2096,978,3074
cf133abddb4c9f28426a7528561af1bb2945b6bb06456e9cecb003de3554310a,1067,214,1281
d2529c14079b80e488c5e53606da27becfec3a2fd60ec21e5c2800c66bbc6055,1194,212,1406
cd5f90a5c59be6f2d26707945f7178215410839cb146b6bd1a5ae105f21fc0ca,2239,1113,3352
29aa6a37098507fe4a2128721053eb9f7b8d1c08e6211912af8960664159e417,940,207,1147
42b980d97d90dbe954bc1dc0380934ae0ec8d6e72498ee163f808632c4b78b92,1352,219,1571
7bce9bca472ee9e0639396657f35605f1541fa6cbb89680981899a8a9c52f524,1083,205,1288
770bf800bc2fab1721cd0753aa3f490cbc5bbd4cbe928f0817d652a6a930e252,1104,139,1243
9bd7ef55cabf88d25301fe3dd5d31eb54313a542d4ce30a45aa47e0326f59e2f,1047,249,1296
c165a9bc269e933e69ff0bde03f7ab1f10c8e281be6eea737fbdde94f130b5dc,1045,207,1252
13055a33c6cc056cee953b66cf877b2eb043cf8297cd46e40f86ade499afe9ee,1217,134,1351
909d44695be4f8b1f0dcdc27a835836f155b467629004c27140c330b632ee42b,2222,1156,3378
32a250002f0f049800dd9813e5301f03e9b08873d2a7835cbbf895a5f60551f5,984,293,1277
2586305566050fae6e31249ac38bb16cbb8c9ab3b4ef6f16cd5f0a5f061df6b8,2175,427,2602
d783621c68c812f6f423fa0e22289c6db0398d17d2dfc5201d1a88f515550038,898,324,1222
61c51efbb868971bf8c295216e073ab85d25ea92ebed1f048fa346dd041929fb,991,468,1459
0df351985ef9b70bc04ff76ae8e5067b3870ef42f26c2f2f2026aae9bd17b46f,1051,445,1496
4c39d99537455024e9058e91712f4fb80f25c29ff7a2a01c4e01f21a211bc3c3,1123,205,1328
23a9a928ef4f711401088bcbb90bf6a28f2fd10c491fe69955ae189c117a3a1e,1032,211,1243
263451e072fc20cddbfb30d1ac8776fb2677eacae142066fe217c1adade0663d,918,208,1126
d81672ad86652dc9412984e8e14e683e2170882cf9fa08ece4ff2afe43cb0898,1515,450,1965
50aad2428e53ac93c1e680cf916d2210cfd5b12fd9209a1efd3702cd63888744,2302,443,2745
5ac31770d77650dd416c16e7d0a7be88bd51a50d76d908b329e382754451ff19,1286,137,1423
5d26735ff5a003e9ba36b88c8a898d72a36fa0e635adef996d2083876c915ffc,958,208,1166
ae43583958e1723c215c525964be95944c994afc629863162b9a14b22b1a47c8,1750,655,2405
6e65d1e3c2b029226e65fb39bf4899b68e3051ce922bbdb6e60ab6e20554c7b6,1747,440,2187
f840e4afb18fb20a8d65fcdfff319ee6642e0e4d8e06ca391c49fb96a172ada4,1543,507,2050
5cf66adc75964d73ea603ff5fc03fcd9a7c6c5ea0403f70eae88f010ab692ee8,1135,209,1344
75d1da35a38c2a7d49bda41a1227388426bddfc5b7f0c153d0b090746c811c98,1067,352,1419
bef1036c59a13609100c4c3d33c10c275f5f90e3111e6b715c9c23143b29178e,1466,248,1714
d886c785b818d1a0f0dfc0e745f38f771ba6e0f30219cff58079bfb72dfc0ec7,1956,656,2612
02350259f4d05071cee37c73d3613b03f292e228c8124945dfa5566eb1de8c81,2500,317,2817
bf5dfc2101e49de81f3377b345236d86721dc8fa1afb17574cf33e804b22c67b,1118,206,1324
bf6d1d4add1e34d90fdef73e1d9a18936c4b62badcc3295a75664466bfa55587,1322,211,1533
63d5545ddbb54c64810f78729c53f721e21c3bfc934ffd00ea426367a4043103,1061,300,1361
ea62df6d916e077bab56a23225e7290aa0028e296fded23996d9bfdc376ed629,1052,136,1188
dd54b760607862f280e21b7d759b4289d8ab05861a4dd8978a19d1a457c7355f,2268,2046,4314
737da8354730dbb099becbdcada53edefc3e3883dfd9517e0fe2fe0844e603fe,1116,339,1455
6fab81b80b0a6bd90afd2ae83474b839acda6cc464c865be470b132d6ffd9767,1233,787,2020
6bb234b9f381392f51208bcb57fb6c1c061a19ab0861cf89e45243474f5df80b,1854,556,2410
c46ecea15f754d3055f55cedfe387ff3bffe235f790371774cb802de5ee6e6c8,2134,439,2573
28be3dc89bf9f69961c5b4d81b590a6530b37a4d72bf6b8eb9ae2149e435e9e5,1481,213,1694
cec1305c8976f6f1c4c1f154fc640b446e1c9e73e100d270cda8c6dc0f2a4ec8,1266,252,1518
78e0debd10151c79c3db46621647395d3041baba26bab4ac38804b8a2f1bc8e7,1054,466,1520
c785b5d3f72ca7a7e07894810835c696a7f922f4b7325ea0bdb5e56059eb8217,1490,533,2023
949d596e1cfcf4f67c735f31110813b112b398d5cf4b613eaba1543241cffd2e,956,214,1170
9981ff1424a31dd77f83e88d0ac37c6fa39c448e1a21cd9707a8bc8960411269,1131,146,1277
b099f6d90736f3e049875e947f38ff32e1ee3604c3472fa0b492d95220c644e4,2120,655,2775
f39027f683064d9ea39582c77f29b90bb01e30caaccc03cee051a6f55198356e,955,376,1331
bf4afcc1f95d3dfebaab7f8a956b1c0ffc18c871c3d0d12c7e94fa69b88a0e30,1469,843,2312
4a69cf000296c03de7c7a7ba389a6337ab1e8364f181c66bddb4865e4c39f117,1038,295,1333
6ae15e48efd667282a8bea9db83ab21eaf2a195590305c1e0a5fdfc479eaf220,1105,147,1252
b5a5e8e7f3d0c0ad4f272aad24f9c821fbaf54ecd2ecb052947c06d296293439,1604,526,2130
14ae2811b5856a0e534ea9d2d3dd1e1bedb727e1546cd72d5e0f61dbcbf4060e,2180,1139,3319
8e62b2f911660a58974e1a92240494030b08334b4e0bb236510aa570402e1487,1123,205,1328
71bc62fcc7bec4552509b1b0d5fb295d3f3f7c4a61f56fd98967a798609262af,985,435,1420
26d325accf3591145ffb0c0b58848e494435e4c7cf19183164e65fb1d430f3b3,1020,209,1229
a48cd21d33feedb8e6b41b2659d225784a09bf6c0ac28eadb3fbbe1e57529ac6,2320,1515,3835
394036f3de803cd1e3f9857d142103414a88c362124a26ff6a47de7b71b6289e,1228,228,1456
a980acef0eca615bf6f7826ca2165685864bfb7c6e29f6dac83ae6284166292f,1876,921,2797
aa028cbc3de883942c0a1525f2d4317e66549606dbd9a7f496f65e38f65fa993,1380,209,1589
5529de6cff94d202df07b2d88f3e0ea5c2bdd3eb59d3e9aca91852ab7c19a008,1050,225,1275
641857983c7d6a2e758611267b2dc500e2ad25498d5b40dd6306df64c278882a,1579,1230,2809
a4565e1b38420b4b86afbc747707c0b1e3af7de4d29a5f9a2bf47722b669aa2a,1563,463,2026
4bee3d9eec8adf45cf61871cc99c7a8260827903b7630a5f55ce86fec9005c62,1072,283,1355
84083dce7a400c93e4050a887e99f351e169e361f842b6cc02e22f3d2ce64430,2166,923,3089
4e1806e88791f354b5221a4e871b8e3f34746afbf14ee2171c6562ff50d45c66,1169,289,1458
aefcc4c9b94a848695282bed018cc7ded8190bb8816d16cc7ea0af50c1bb7808,1167,703,1870
82994060ad7f8be61a0c58a7d31edd2e6fe93ffa3a0f2acc17a5aee1334422a3,2326,890,3216
baef2c18adb0d0df2236eb5ab8a024e0a7653b88e7f4ae1c2cbeb0697dac72c9,1256,219,1475
97c00964b024f5bc0a4db9eca3630f85b6e1eccc58960b8194e32a11c33a3602,2182,521,2703
eeb10ed0a22d80657a315f28eb2182282ca0b9d117c40360cafab53bfa700036,2321,786,3107
2eeabdbc4319f4b9223b4b9695c7e0d6815673ae2ec460b85c51e3f085b4a552,1204,324,1528
793e8a3512a5316e7dfa5afcea7a58e745ed73afc5e9a6469bf4c960ca7ca6e8,1041,244,1285
ff895176ae7ca969f4df6e7e7fa57bf6932369d0e7b47fa44b49b94619638a94,1073,131,1204
952a2b21cd93c41742e75edf67cbafb991bd699b90bdbf6e3313fd8296db37a7,1426,212,1638
628d9926150ba528f41599d2e743437b96f1bd1b1813294b1503493687c81d24,2099,1377,3476
260d6a4533e715708053092c24701938a85442c5d3b19476064ea2949fadb38e,1209,298,1507
18e1deef532833e2f8673d9196b6f5067df11c7002de9feb8e6bee2b0a202520,1035,454,1489
2dbf8fa703b74b5ce6ccb77a66c9ad3ffe04929a2c8416156715a647f6c8b0b8,2294,660,2954
ea713cf6e39b3705d17bb574902b3881c72f8d93b6d6a0f9e8535ffbc1dc512d,1137,235,1372
17a9a89f7e4a48563ea883358fbdd8be063e7737262469a9d10933475f20cb10,1558,294,1852
db131ba3e7d1751f28d39036a68904e6c91d183bc0166e55f303af762614f1e4,1030,211,1241
430f01b511a117ff03bd9e1e2d9f3554d8d0264a478af9fc784a6c0ec80ea4c6,1274,209,1483
99060eb3b1c82b7776a94cc530467354ecf6333cb8f3cba8d08ac1f38226a459,1066,466,1532
16e1a5b8ccf60ea39077e618660838e45984bc0452ac33cb9a9e59f2adb12e13,1123,205,1328
d51cdc3f6481dffd65d0566774278f1a228bedebe088de1b08ced22d0a8f313d,951,218,1169
1a922a20c74cc5fc2e7d45c7057dd8092edfcd4b30e431be399d2eabf266dd32,1055,287,1342
7bc6733eb1f0fc5e9ee264720096ebe084b2d1ce1f11c58fb3b2ec7f8e6f32c1,2240,1030,3270
1e63ebe9d18458ef5fc551d29293664157945f6483b732d304bf8cd3582cc6b0,1425,321,1746
0e3ca84ab8a9dfb326fc7bb86147e986ac074182645cb45d5a05fd75926e1845,1106,320,1426
1c7835448b5fd9117e76bbafc6930c5d0b8c047895714e9b5c223dec20631e1d,2286,1661,3947
ca24725b30de4e1b0f86be8ed3b7fcc1471b116e7e2e0e86fd6f4741b4750bf7,976,471,1447
1e3938327297811c1d6f975f75946493992e519827b51f317c4becd9741f6d8a,1032,293,1325
1972e20e1c9c2b940ba66ce44b8f86541dab8def8631f032e4ab84443a1a407a,2327,1235,3562
cea8a0a1c73b72db22799ef69729b2d3d90000893cbca469d662daf505d2657b,1551,449,2000
b57b7b21835f2ca549c168c91f64ce66bcac925a48189a1a21cd8382d14fdcb5,1060,216,1276
cedc4d29a346893ac7a1dbe4e71e31146ed8f9e239e7f1f9912ae4c8c5f44ee4,956,218,1174
1bbbbce968fbdc08b0e790a920ff662a903263ffafaf3add1433c7e6c0d21c3a,1452,210,1662
82fa89bc7d04bd08c1c21f059ebf7757c2f898f17b991c7d2d851aa0f5d4c254,1080,139,1219
57d56c8322c15bdf09efb11feb49847c6e2a82b8ce09ba6a110d1b8a99f0447f,1074,137,1211
a2ff89e833abbf3407c6b5e44869f6942b1f222dd9eef66cb345a943ffcbad2f,1860,312,2172
b618e8a8eba4d5708336e83c4d419a7cb1b9aea8cc9becb6ccb8c7ee905b34bb,1910,1022,2932
7c9e036896136a5b5e4fed6398f60e7cc7a3983d00bbdf0be4659383dd94de06,1467,376,1843
4f3624d26006a01c3e3c72136c9c3fa6b818a1f76edac66a908217f1e1449ccc,1408,371,1779
857d42e1c64c70828319dbace52e391bea3c7640ae81113cb0b7b6d9dcc1914f,1513,365,1878
a70af5440c5b70565d2905a1b3daa6f8ccb2ce48baccd314979448d1cf4d1f7e,1673,660,2333
e28eea9750c664cb825838f308e9c42c819358a7634be71cd990231f70ae7f61,1769,998,2767
8dd0629d278bb716172cf1b1130aa1385edbaccd001762f51421a98ba18f8482,1183,444,1627
ccb6a0bcb326904dd2e4591919eee2637c6f47acfed99026997a899d47764658,1023,456,1479
1165080b6d9043f108c98a2986d087528ab1591fcc5b0a11ecf5b2c1d287506d,1142,305,1447
5b98aa05d2530a63e8c9fb84a906c1cdc413968ed36f66d6defc6b34c1c39572,1406,224,1630
f7a9806ef136f1f5fa6bc7f3afcf05698fab13bb2f8e698f55522e951baf7f35,1122,205,1327
d2e47eca8cd9228c828387fd706febf6e6305ab28c493746a4521a4ae7d161a9,1166,313,1479
0614f488dc7a38152cad9f21042827ae79e7701682a3fe6575a33d61a84fba45,1176,221,1397
81aad779c9399c5f792511cb96adb75c3edc64957d5d68d422915507f1687001,1147,538,1685
6cdc8242b2e8b32a7f8743b0a3f192ab195a24afe7eb7fe1822d6464ca058b21,1748,756,2504
7151d2df4e8075a8c710ce80cdecec0f2cb20f25958ae153d5f432b4438f86b5,1124,215,1339
6d5534356e1cc5523c25e97f4ae72fbcc07336c955f86ee23004ca6094ad474b,1195,634,1829
1a105a1caec6f9cb038a63a18c0e54df0c3385c2f8e4a9960e07c0ffb83055cf,1202,207,1409
f66e44acb1af6b9355add499585d079fa1bfa1bb3d29a52c8b2a9b0278824856,1948,1677,3625
fe44ed95c672db18cc3eab96bba2fb9502237e86e26e94568c77dea06c4d3eb9,1394,1161,2555
35a3f785711b9f276cc0e40090bfb91423af714137e2096a9755053df1900a45,1219,212,1431
17713bca2ad54389269507c01363cb8a923d54b46a5591ef682f0f866001d5a3,978,293,1271
b32712d49773e84b9d279581ea304286a3ae43e600de7b2f10da73e681adfb8f,996,213,1209
e14be9136577e7c4e01a490b5b43be9d2c545e91c68fc5610f1f74719f446f52,1887,658,2545
2f174ceae60a54d12be0b3740a692e5bbabf23a925cdfc549b057c819fbb0679,1517,453,1970
9b74dd5e23a539e0d741dc2f9411360d3aa070fe805e485467ce8a453ec8f2ef,1024,212,1236
3a3e308ee6d186d2e13dc1f778e777d696e520a388671ca9660cfde0f8191f35,984,209,1193
010f3f39909192e6d33686e984cc975bdba9a3682b4b5d0e3cadd61b795429db,996,211,1207
9f4f80071392e47db69c26d7aead484374270a5595d41b9f54cbaa1efa6766d3,1278,288,1566
49121d11b792109f460b252dafcf59cefe89cb9a73078f5cf0bd6794c111df10,1488,222,1710
a343a1f23d746b6ec6f3c680f70f576dae43ce89db644b93fcb5b140fe87d91c,2162,695,2857
3ac751fae6ebbcc5d19da4cf45ad614a03445764c9617a7b66b95c45d345e1b9,999,213,1212
5d97915577320839a4c49cb070c8e0893d507b5a8560e5472dd16da6a6678b6e,1377,208,1585
432f757efd17e7fc113352dbd749f496b1cb96e337631e74978e68fbba400890,1143,221,1364
f8cb27a3ed8eb65dd392d142feb0b733c4e0310e072942489f52eacc774005e3,1555,296,1851
4e7377f04257e18159bca72d82a9843ce2d16edfa8c69f50cfeea84391a6d6f3,1501,296,1797
fd94c7ef9b0d915716002c367949c478067e5e75ceb791825d50805dd3989bc5,1663,785,2448
fd206693ee485e42c4d07a2cf59a5d383236a94fa3a84239a5ffeee18eda661a,2296,554,2850
1d77588ce83e8b92f754ffb94bc6576f71e650933051175624681168daa1ef4c,1079,137,1216
c556c29846ed625bcb6811e33ebb38d7cf744092b543ea36e9a14a42b5c14c83,922,300,1222
77ac529cf0a04d4387a4084504206957174633e4b94f14d33d59bc7122afeee0,1147,214,1361
e48b6a3bda54e9392b25570eb954254bc2d95ba5d69a4147a336ffe2c206db3d,1784,460,2244
910a8dc5f2339e1e43978dbf7e287c0c2a18f16971caf58600e9f2541e131df5,1081,203,1284
4e8533ca47593dc55f1824f05513b0b2029e36185181401cc72b2c40670b8907,1123,205,1328
4fe23d4b35331f7412760506673a6e41b2fd6a390f4fac7a45789f4617ea1775,1111,281,1392
81d4226427ed7304c42550b4c2d71854919e2ad36bb071284faae19b864841af,1348,218,1566
ec23ed0276c2896b2db7aa2a06f73bbc67e1d40bb27321e25dabee51214c5a0c,930,217,1147
f3bcf4e21819a9919b4ddf4318cc62dda8bbddc259f6cb5bb892637d7d9117f5,1728,666,2394
7fa52b427c27114a85a1b2aa1fbf622d39679c8a501336d5dda7df022ca5dd48,1175,214,1389
e5a7e062d5ca4ce0868609966570d0f08d030dfb0838857868d32bc04095081b,1216,214,1430
d1cc574803d1393f496ba2d3d81b837d6ecbe0381b82b1ad19c61d4a40bfa4dc,1254,375,1629
86e52feac18c4ef24a6f573dad519ebcd4d2e7c8810eaeeb6819f26530216d36,2132,1597,3729
e265b4fea387a59151193dfd07e60a2f48cd211e522150f45d5cafb5cc614dc6,1603,449,2052
34d536c0555508d0f076e26fdae03801b071691752adfd62cc89320a37afa52a,1141,321,1462
2625817c5d1694be8546986c9cf4979de456cabd0e57c6e096a8ef5d5b89c277,983,216,1199
5aacdc3d998cfd5dbf6e2020224b7565044040356b12c351750c2ae949c3ae90,1363,216,1579
e3996ce8b20874b8c8bb3c469a49a65a5579b7f4b623144c79f37fcac12704d9,1048,211,1259
2e5fac56b9187190a9b08364e5c99a9775bd23ef8e0b2d9ad4fb6546aac76978,1095,202,1297
d3bc6bac2c75584e7dc534d85903f872b9ec3c8a3d765da744956665d18585ad,1887,1572,3459
9dc4f5a0404e56063c481b11a9b9ba06ad8a8b5887266f5e13f205ce85d477f2,1382,209,1591
721e2a6c2f83345a8658f89f1e5b380007be02089e82549380f5df2f04b2d654,1151,209,1360
d2b839bec650bddbe07eef96f4bfd51d95d8a9689d38f6bf1b33fb2f7e1f9b75,944,217,1161
f9679569ab96847247e7094bb8599d129e7800fde7980852ad2558bc7895fee9,1219,217,1436
79484e856d20f23db6b7ea5b498c0e13fc4e311785213ca62c253a1576c9c50a,1004,206,1210
64f47318f62ec886bcd8992b1318b6b01c86f16684f8e4b7d14af16eb13caa6c,1086,209,1295
71b766e94409608d66a271bbf28276e99b2201e5b3cab05d7b62d2e3678c2be3,949,288,1237
9662fb8cd71708f27051166a312e292bb52f3617ad676eedb220713485aa0be2,2235,1429,3664
4fbea79f86967c10f20e6b0c673e6b55913b64c9d5b7f21ed20a0702a50bec4c,1875,434,2309
b0667a6dd31ca2464f78258daa53439c3e6ea5399037ac6df93af5a0ed2f13e0,1137,204,1341
303a2b5f75b7c79806d972f07cc688b7ecbf5385927f64d481eb8739034dfb78,899,201,1100
53b69544bfd2bca23697a3c71ea4729a6d65ecfa1eed055d1b85821fb8e5fc3d,1293,350,1643
b8d1bebdb68dbe4cece3e6092a30302b65fb72c2f142daaafd6229fb87b0fd75,1167,208,1375
33c8e375d089837c8efa90291eb87322d85b7c6a9f204822c08a9b5bcac6c0c1,1123,205,1328
b15d0a50f3e91f4eeb6a4ec8eba60533bc6e2766a863256423c671ae53076442,1413,311,1724
a70ab23c8002136a02c6abdf20dd8990ba7cb301f1ce19759c9e6b850ffd7506,1017,213,1230
4240369dc4ddb9f3d9621d5ffede5930ceeef53e8dbcf6c789f9f90ed2e9c0e8,1682,436,2118
53b2e3748687177e23c08ceaeb89fc5e01600dd32f004fccae2f075de34bcadb,1023,291,1314
fc1b9028720d58389f372d3ce7bfb5bf6478ebc7d0a4761f20f734488c9d2f8a,1205,466,1671
889f140b554f27cc0274736199ad9a4e15d6c20b36bfe0d7f96d0e3bf2ca0550,1733,901,2634
d256d444a9c0c85d5ee3d2515d32222dc40439d92a63aa081cdb32771be08d9a,1414,369,1783
b87d997f2872431bebb416af8d87036f5badb4967572cf02053a9375e3772180,1183,506,1689
66d42b21331225c43b3cea8da12b64fda576cfef5cca4c9aa2fede8cd2d29eff,1282,205,1487
c8039a6398d633873a3638282a7e765365beb9d3416dc40695a23312dc696668,1048,373,1421
22ea7d4677ce8ca566b1d18d7436faec265d97781d7b9de9775f744690d8fe8b,1210,320,1530
e67074f0c5cdea728b60a7ae389aba95e11e4f05536abb0a105624dd097150f3,1269,291,1560
0bc617bf86f70fd486ba69eb5878ec91543043383beec8857b6edc0ed36f4eff,1280,362,1642
2803a7f596fa4c852b4cc1f9b891dade6993cbfbe142badad22c1ed8bcdb4ce1,1134,214,1348
8c4838987dc9251aae5ab2d6c0c373991535e26c67f283d8f4df5c088c12f9a5,2357,315,2672
dc7aa9962700e23bcfb7fb14e374d2ba8a8f822ad1bc743aaa0335bb99bb5e86,1227,308,1535
d0fdd350d21aa2c8cc7a0eefdd899d2f0c309da753070efa0401006a508236e8,1597,284,1881
f24265eafe91fc6b1a66970a8b591a72ebef23bd6d35afaa169ba76efe03f504,1139,206,1345
4d02ff1fb137310c65871844fb0f58df8c49b5b9c69bb6791371d57cad41581f,1124,205,1329
5e771b4f8b5b982bd1a0f6591e07a8bf18f9143a86565565856e48ea46ec0c75,1112,209,1321
57e94d23faa5d8926011d5e09261ca2a1c25e38be87dfc3e385c4cf67cdd08bd,1438,1093,2531
c28a6ccaae878579ee7fe919dac26b89ec996a2b70ac2224d3e83c6082492ad5,1012,308,1320
6ff3f092c27f22b50a21e31aaef5126c8f0b51f30afe4a0ac7e66f46ab4f1e46,2161,545,2706
97754ed3805282165ffa753b25c05fb67548fe5ce201e1908b44e5c992c0e054,2193,1163,3356
78bbc79bf998b9757303f26733aa2944a4176abadec1c7c35ac5337a4cb5a3aa,1104,205,1309
b89408307a9da9887811f0ad998f959512ec1e07288c9cedd9671bc092f1a6f0,1203,286,1489
c631bf59f89dcb008e29c77f1c0e23351c0123c8b8348294f380ef59d474fa6e,1321,218,1539
ac4de9c39d831b864114af2b92b5c76d05ebd37ecd7a035b57bb44379400328f,1056,210,1266
213a13e10b5b776083b071b7c0439d9ed199dbc3488988e591071f8eb4153046,1144,254,1398
0e32a901e5a412de01576bea37c07bab75d951d4e04f8cc0f0e0ed52eb5f54b4,1098,282,1380
53112311c860624d4f3177e0beab524c2f90455191a14664449581c2caf06bb3,1238,526,1764
ebdba200c40316b63fd9021f85d154e71c88872d93ad9a2e21aa93c35ca6340e,1682,858,2540
5f442f979ee58b9de7cb66d80d2bf77aa85ab69c5095a9c4e823de5eacbd6d7b,1555,217,1772
013d4ee8fff523221fc9419142fd6b1a4aceb302848bbdce8134d4ddcd961217,1434,215,1649
f0cfdddf867a6a9a1fe048a6452ccbb581a5dd71ae0d54fce21c00f779be1a92,1176,314,1490
582a6283b814f7e6036d85b5afca0c360fd0de7de13a1f26617730276dc8d486,1254,883,2137
98b503efc78727a5be908be8a19928f9d19b624a65be844980cd58af457fcc65,2281,700,2981
05c8bae5640bbd11744f48e5cf2b4283e28f6f2b9a8b6a2e2f0b250e4fc5a455,1342,316,1658
96cc3e0703f08025a0f40f657406c2523a33f99d5d73314cbde7d754df35533b,1255,874,2129
6f6b3f14efb8932710ab71e87a86f0647becd24bace9c755085c2cae28fce0ed,1481,688,2169
bda858bca7ca9db6594c2e4a09ee3d7e33e7c56912d8f435f05abf28f9276880,1222,290,1512
d985dc0e6f9d056a6d4114ec0be9c2e74ceb5a0533c07e4835c0bc3e6046da4e,1305,840,2145
ef6ee047e4d021624f2f2bba9cb350f271d949e76dc24c1124cea4d370e464da,2214,1305,3519
18d492155c8944829f3004f186a3599c77a9df821b553b251e6a437daf282309,1480,372,1852
9af7dcda263b2fe86e77ce28d3618d6f4ea1ce9760cbcb2448cb148b419f814a,1136,205,1341
cac27567a5c277deedb0365e7cb786ce4825246af217862e3023c5a1c27bc726,1468,298,1766
f8163ace976fcb4e57a5f5cd72063ab23daf366d2bb9df8c75dd6cb089cbe698,1441,455,1896
fb3d6cf322763baad6c7038a8deb2279af2ad8b851701df76f728cf6903317e5,1256,134,1390
6220be76fe338a83396c6be63246b8320307622e86c13dca9fe80f08a8821a17,1338,212,1550
a0766d5f52f8b2cef55d9d7301280cdaf86e4f8e07c8974c36da815dedd4ae61,1080,284,1364
f18950c751059507ffd3144889b2dcba03e3aa52401c699c2b9e5b00575a1b9c,1008,202,1210
ee3080b40a68b680c678a1a04ef4254e37909b59947f5acdb730da4c4ad17078,1540,206,1746
e6bfdcbbeb12b3d4790813083db2f74a7dfeaf481ae49ccfd8797aa07c79bffa,1182,315,1497
8b9e7f3870e0626e4600987ddaaac79bafc887339cfe776c6fa2edfd68b809d9,1124,205,1329
a4b2967cb662892462cc5480f9e401cbac50b96c019f8ee57d17d122a1a0cc18,1314,286,1600
b356e4009d63be3609e36e844cbf4bc1c3715b45109651e387bd6312e0c992c6,1503,641,2144
16a81cc4a3d336e7c0b7ebb42fb9e8700dce4983598a8eb8d3292b48d7ed4020,1483,449,1932
540d61318f641e8ceeb63064e9687f17290924b6b835806d7ba4da8298499e5a,1293,216,1509
b676eb1d3923bda6c2434976426b3d1eade62e1f85d7b6c5b4476270dd8a82a7,1245,208,1453
9997959c5fb553bd91402078e9357b0a69fb0b1c7d5f07ed857fe7fc9c13d056,1718,778,2496
c369e724764d46beeead32805b287ea3f882778492bd54ecec4203a0efdda50b,1327,303,1630
9b18fe4ca17f2f891f4f7b1da6a604e38b161682b126790c4492dc71f8ad6890,1315,214,1529
d93e75a8c543ab983c9736196f5cb445fa2f878793dc5a072f357415443d5c58,950,205,1155
ad3ce971564193b0bfc35777a5fcddbf6eb90c72ec314f319270e6b8f6f5bb30,2020,1052,3072
7c5e87e4dbc1bf2493e2661daa8224a044961d9376391f760dea9cffefe86dcb,1108,139,1247
96dd42cca15b384044d8f28865080d9644335278db7cef74ed78e4de59004d86,1112,617,1729
6710a61819a9b0dd167b498127dbdab53c9a40a27bd54aa2a1d20bbfed0b0d01,1701,542,2243
e6cfa0e3f712d489b3f5fdd265fc036eeb32d590a67ac38da2705f955ac76b8a,992,209,1201
9a9422ce3425708215336197155fbdd0014207c2eec47216552fb1387e6dcfe3,1442,580,2022
71efcf0cbb0b430fd599021ca3a0b1f7488b4fff56b1d73f86ff6d8aa3a312d5,2149,556,2705
3d9f44a7f60e98b1bef9f73b9a8bd3fb85e8a2a3e87c210db6c0fe9b9f75a725,1704,676,2380
e63f61be29e69428a0fd9a15c3109a5546aa34934b59a6e34ce5d1d5276b6b4d,1279,287,1566
6d03f06fbde54e633d468453b99edeaa48a6710f2b68c3c2cc9ad06f2808a8f6,1131,291,1422
5ad7b6b68e8e5a07ad76abbbc60f78b01ce9f5c9d5957bf15893b14dec7e6dad,1654,579,2233
d37d9f9e9d0c107dd59be926f526ca89214bdb02e74614533a60d90dc9da3fa4,1348,207,1555
bd0233763d420d6551f4028f90bdd31897e30e9d143dc573dccec4500cad257b,1367,211,1578
90b76c9f847a9bdf08b1f8c87df0e167794d3b5068a0357f69414bcf998fe924,1216,317,1533
705e88bde83646cbbba1c9be5b5cfbe643dd6335a6b9fffa4ec2b9219ba348f4,1071,230,1301
b2c3b483a0b39e798b2e7e9614adf1e82e4f6b66c27cbd790ed44b0dab293200,1123,205,1328
6620bf37928468dd6e2f3adf52a8a56ef5614207a49b34eac3d706c05c633756,1019,370,1389
753cc4b6854e2ec8eb4110ed2b30da853fd8065e912365eac5fc175c5274e214,2101,1095,3196
41eab9ce60abe0fd57657a3edf115ba107704717d4fb6cbb7eaa38ce1c210a99,929,211,1140
1c75f7515356faba5e18a2ed0345f5a9f6d4f1fcd912a32e3f12c64a58e73798,1038,206,1244
ed762097a667a9146304454cabf58fe060b6fecfd100b35fcca7485f3eaef237,894,205,1099
848431e17843d3737a98d58ca251fffe2677cb60f80225cf6967d57deab35449,1473,540,2013
004d93cb6d7435379ce2b5fcf66fbd71475700232bf58043d1fccc1b810588f0,1657,858,2515
fbaf5fa3d1a0b8b9da25a9c4200156fe1eaa7ff25a112ce5ce72e073334ba1e5,945,318,1263
3a0f0e35cf027230477bc2fb9a7ad8cfc2e2cb52f524837c1395e899f63f62a8,1253,280,1533
f2135405f389a47cfce5a08ebd467f197be036d0a08351ef6ff9d1d5fbf3db7c,1241,790,2031
a9845e2d3deb485dfae04b9960ac02f4e2044eda7112c98145c2cbb4fedf5beb,1890,655,2545
0c09adddbd8b990e652cc07ac4eb171b41ca19a24ce7491f6a22ba55f081e62a,1424,214,1638
bf9e1dcd1522a81d8feaee2cf9b011643bc08db948fd10a86ea0186a7a904293,1136,283,1419
89a2cae2942395a9a4374af7d0a8f87b78edeb214c4a64c16cb20cf1a6ca7f2f,2044,944,2988
ddb1cff81f0577511c65ae64aa43ded235b4d4c86f9b18c5310f281fbc7b4c78,1226,284,1510
bae9fa4d2de038ac9d195aa8f2d79be2e4557a55b2b7e20dd9bb134f3b864e37,1391,711,2102
0d13121f5ad95f10863c61476e46069da62bb70c339df87ab35df67d6f0ee8de,1075,263,1338
8ef89da4facad53808ed3308c3a58dd372e5267fdd0701b8ca9609e1b702b339,1296,212,1508
a85e3ec4bf611781b155db8d2832487ffe7835b11e2680966ca26a0066dea2e9,1181,215,1396
3437dcf7fda456bf937601088c8e6bfb9a34b390fb0652a2a8d4de9734b7b781,1452,212,1664
e0db8736dde2a58597c9ee650a2167f024577aa85630592ad4d577702c9360c2,1399,206,1605
cd97a3cf3e0b42ca5c2c2ed0062f947766636ad59eda87b4ee656bf4a02ba277,1119,209,1328
9f434e7a55f5d6978af596ddf02bece5e9891bbf68f955fb30e2e5d13292117a,1475,452,1927
dcdf47adebe9f85473f1dc931185de316163e4d91fc454984c5b48504d6be6ab,902,208,1110
bf6c60880b275983f9f565d73b7d67a3480dd5686eb9446dc24879581dff41b9,1188,314,1502
a8192056f50616e0c8a4bf5cbb6a4e2c98593d71154852fb82f591dcc871df1c,1461,385,1846
68419ecbb3ab3d0e99e303c44ff3d09e52e5c20bbfb160ec273880c9b06dca03,1124,205,1329
301e52ae8c5dcc89a34751c1016a5b051151e95c0d536445a51a233c53d3760e,1152,380,1532
133dc977f44034e76a29e588f3628a775ab15138cb7a00f0771e9e0821be2f71,1049,214,1263
1444432645874f6c252ee31a9421d994b846f955d9658a33581d10f010e9a8a1,946,217,1163
ed88324bc831d91940f01e18e90b563984248582c0f2b2462b562daeb04a9b26,982,205,1187
4f9cb629356bb51c1096669e0efeb5b128cfcb73dd1f749be1fdd6f0d5cbae99,1402,213,1615
ae0bd068753bd82717d2bec189074feb2d75792bb5a5058142ecf483793acdac,1206,317,1523
8cba68431f4d864c3119dc4c0e5a29dd6912fb441f9411690204e94665df36e7,1133,210,1343
dfdc0f27060d0266e0a1605f8322264a84c21fe6a522e91f265e3e99af725b7d,1134,309,1443
4b6eec007fba480a1b4d56d210112dda9fac6456be96b257c81feaab92c352ee,1152,209,1361
b38ccd2de38268717adb3ea4a9de17abfdd88d67762e43057c6bca3a9a630c88,937,207,1144
0734e4e6c57b0fa49ce02dffcda5f3fdac73a2a1bf27c3a295f5179d7691e247,1271,366,1637
616496804b4480358796bb5ad133b74c53cce22defe7f16c226d18388cae9b20,951,215,1166
37fa4d4be0a0743c1b2815a4e3db261d497544bd947156fff4d5da6374d9266d,2309,1006,3315
290026a01b309baa2fb9dd96081c32b837600470292bf11bcba0a7eaf3f42091,1064,220,1284
e11c11eafe1d8d669afbaa9dff0363cad1cfb10003fcd5fcc313ebedab286983,1067,202,1269
ec00430f185a2a2da0722cc4d823364cbc4201092db7a365dfd63b01fbe66264,1176,136,1312
049ea2159faef7fc52f08840a24e532d44962f9f68570e39f1ca5b206782c955,1088,205,1293
e12f14e93d71bbde9497ba475f65dcf6bc875d7e562061faf681a50ab2f3a517,1099,438,1537
6645e42d57bc98fd683d5754d0d13a53b6cd1467caaaee39da458b0e9bfe3736,915,202,1117
6d411dd658f629d3a04f8f76270170c7af3346911b0bb790c6508e0dad6e25b0,1251,215,1466
91269a35ffc3df6e6b05405580398121ce01e8d3b2b2dc00be59b74d93ea1654,1004,341,1345
9e6d9bbd2757b058b87ea5d55eb67e4ff18aeca1712350f08404084c2f990dc5,2072,327,2399
c2fb4d9bef505875c247a00e9b2ebbeee1441ebd55e20e9baf6d5e4ac885fdcb,2272,662,2934
cd22d41c8e46e03eebd44ed5472945b5c257f5bf8075fd430b1c0b45df65d575,2208,1125,3333
3a34ca972cf2b71566ba15e576fb0929faf75dd1874c540ec411e363f188b2fd,1453,298,1751
3c8c91d4aee46e95a23d6e1ba8035fdf177d868c42181614ebdec647ef65741e,2265,1611,3876
7d54fc009ee305e150cc4e76f0cf2db794f48abbac25e9447c69c33256910c46,1078,252,1330
d4dc8cbf2399ba4815468916eed8a7a1268abab52817d4e7b870b0cc05b66f6f,958,286,1244
4ccd9dc43b7b871e70c987ee81a30b0e7dae06ae52021abc5eb0e7edbfe9e58e,1163,217,1380
cccb1c33b4e81864fee783ab8cb3fc4c4447e0683efa4dc5e72f4a9e5689cba6,2146,426,2572
d2e81ce47612516150c2222a8a07e56c4a7527df8f8734ea995d6e76172d75b5,1271,386,1657
3dda2a9e44ea0594bb8a5f30f681e9f3f0f1b75449b1c99944e673419cfd45da,1607,373,1980
a7edf48bcdded00e4f1c6af910d6a21bfdd75249ecf17ba891275f5081e78caf,961,365,1326
569cd9622ff1fa909ad592d96fc1769f3867242a70cef7b5c4815daf400c36eb,1385,603,1988
b37a316319831d22036e65c1e53694540f3a8d0b7d81bf01cf3ee495b572d490,1083,211,1294
7dcd2f70565370bfba53c23200794ffdc7ad31fc98280a66e0f55055113854ec,1164,299,1463
fa29120cfcebf59f25958a8d7663a4cf55654bee55e48512b0ca56641ef7f83e,1164,195,1359
70f4e630ec2e44b87e44a28675cda3e9332c2c770a375535ead9f841233b242b,1457,702,2159
9a6331c32041a11d8a5d2a47675a5b4fc3afe6e6a5c713a34bd49ef62bb0b1e1,1124,205,1329
9511c1b3de7b9e78251aa438daac3675649eed6eff36cb15f718e51cda3ed987,1793,572,2365
7fd195944b38d79e64d8639a1da3a65a33fdda4410e07452c908c901d162fc2a,1395,370,1765
4c8e06de8b236df5bfccd6926256a557bbe094a3e948d043c4f0fde527ca54d4,1086,375,1461
29de4e1b17ae4a5bec0d9b807d0b246dd4d0083ceebd303a60956a894b260e40,1039,209,1248
52a320da525ceead32e70e086c6652644c64b6baf01b94b7f461f8841785973e,1101,222,1323
cec0c586ab7f33723329055596238303b592176dd0e3760a37ceb38fadabf5ae,1122,207,1329
17324e149b3f354ebac4066bc7946ee73c9927d9ad031f41dc6293cf52aab51f,1180,236,1416
edd2720860e5c0db82ce1c0bbaa878f508a893cd3c1322c34d7df9fd2d146e2b,1788,328,2116
937953336a60955120cc079c8b0c08ccfaa2acc1f4c4b6d03033a3295fba64ed,963,299,1262
45e78db8eb59a50f79c4eee370e50bb099ff593a283cb851575390db75f6012e,1170,258,1428
a4dd3943ca809426bce1a074a2612c12a19c46f314bb07290e22f3db1973c48f,1491,564,2055
c3266cf0f4b8cddcbdc22aa319b05cf5a459ccddd7a328da15ba59dfdccab669,1141,300,1441
1a07baad9d53d34a80bbce58a9182b65a3b3edc0e42f43945441476f7f5804f7,1212,208,1420
269672f2ece55e47f6a90e9c8182820a9540182334f329bfddfecf648a0d680c,905,207,1112
4cd110b14329dba99c695a7b7438fc4d77deb2e1afb9c089c0a7cbfbc4bb293d,873,200,1073
4de0896513a96f5b25b9108d24975d8503216062ae14740dcc9126135227933b,1493,545,2038
a29446cb85852053bff6e2ea7577746b0ac8d23b1391b2e305d34849de1e6497,1257,217,1474
2b81c47511d5569dd98339b4e2238a5dfeb21cbd3eb25366bc62b8fb96626024,1081,224,1305
05d5b2f5c124e327ec772e1de7bfaa2294bcc36481d003af2936f5fc807391f9,1140,329,1469
7e2a1501b521f72038cc384d468da5bbdcdd26a994d230e0f0d50747c27ab59e,1124,328,1452
fd618fb143da6f26808fd9a1533136a82a328436b33115966a5a2aa82e8be6e5,2062,313,2375
1240adda4a0f146f4002399e8b32d8ed65eb44f9248afeb8fc236c1f5491338b,1454,450,1904
6048a095ee8ec05c43ca9caaaa810850a83d626fdb87da4f11cafe5e10b6fe12,2170,1031,3201
4dcdb009573d46f98983fae3e9a7b2832faa0cc881a59a2035385b0ce3265388,949,210,1159
cebb2edf84d128348fc4f641164eb00bb606d9d3da25b9f0aa6a0d5865672ce0,1310,789,2099
b509006ead599fcc8f74a63fce8d7d45bd263cb3feebc22bcac1e3084e48deb4,932,364,1296
204f4b13a721dae8d6bfcee7d884a0ef172c0a12cc7ac292984f50ae3ce5747d,1252,302,1554
ea1c59327e43e445cf79aafda745e35cda21e8e789412c9b468e2e3e2375c390,2302,665,2967
7ae8679742136a6a00ab9f52686c07caf3606e7a839d12726e4fd95c17d88d80,1478,390,1868
1016a7e64171ae3e8f4df384361e76b3d7bb650021bde2e26102db649ca9aa46,2131,660,2791
6288b6f152dd43d9632bdc4da7f52ea98e757c3a2e3a84a0ac0b06513f3610c2,950,365,1315
da68cf5138aced44ff4d2ed9948199389970e765fa18fbc09317c30d071ee153,1120,205,1325
e2e7e9118dbe8f2efbf71f28537a72a215038209fc150f049e47261142e5a998,1215,139,1354
7455bd1eab41912b2b8176544fd021a109be2bc4bbd528e647f992b9b619bedd,972,463,1435
d6ba02920846d77be6dfbf3583b4b13aa903dbeffe8c35f6ffc2e36deea898ef,1178,205,1383
bbebb168cb77e7a8e4dcb4165ab747262ff1ce22de6835ac0c05513c04b620dc,1124,205,1329
1d5428cacac15e3957583a0874f9179ad40a9fc3e3976e7805fbd8d9b2f04598,1195,210,1405
4ae580333dcdc677480e72a828f3b7aaaa48bb00a7b0c096ad51454a18a468bb,1067,225,1292
59b8be4846bcb53e006c645cbd4ba9b49a697d35263148e0d84b1a69d53f4706,2129,327,2456
b9d68b8822647f1e5440c86a76ef1acf7c18f8c0c8ee6d1ce111ecc9ccde686d,1190,259,1449
b98de5dc4f994c649e2ad6106116f150c7e363177fd4584a264e7c77b0956a80,1124,206,1330
d2456fc64c2a04858beca0bd9f665303563beb0aaeb6c3f149da40a91e16c2ed,1071,289,1360
3633f7dbebeb7c268fc1eb871d1d92417a2e20a50b12a06a17b51faa33b1393e,1197,294,1491
3bfb9a34553e6d7ea4f1f0d12bb3ebb15b2724d5b080539e035ef2dba7daa009,1316,385,1701
b0b73a087362d4dad6d06daecff1c4bce54e19d43db06eb7203e302bca267629,995,246,1241
a3094d686dac8809ecbb2f0e6e1295e5023bd9c61101420b62acdcfffb27df73,1001,251,1252
0857c3b97081d548426b19d4b97909fd6b543a9e92371e192bcb439bdc4a96ef,1528,462,1990
0bc1511a02a02d05834faac1adcc1859dfdb4291f51c4223915a219362074889,2225,769,2994
4364dcfd1d61d30553fb9380ad07c1db8fc2c09c2c9bb3cdb443594c5fb61e77,1242,293,1535
95bf6da82e1e1ca58df7937864f314243e8382045c0c5b9ab27d52d97226a976,1415,248,1663
5870c5bf09ab623b7538191e6379052004ded045b75d0425b75a7492585f703f,1224,215,1439
10955f8ac3941638f106f2ec4b9300e862966952472db3b43be06b30133a0e3b,1720,312,2032
7df472eff2d1c75a1d0b2c6b6907ab9704051f148f3001465dfd1c74e9ab9b3f,903,201,1104
8ca5ba7bcdc86f93b6c90820a01461366c5666158bd435a34bde573dae9f792d,925,218,1143
81c23b8246e6f5556ccf2fe24c640ecaf0d427f7940ec5c66184cfd50245a540,1021,212,1233
09bec1a2f6d228c369d5f15ade6b645fc2afed6568f9c531abf01fa9aa9ba135,1111,204,1315
197f4ecdb9c721369f67c656534a31f10ca72973b5f5b0d1b4ff7ddd0c77212e,1482,628,2110
643b65ee4e436c070052da15dcadf20f4919a67f83df70ea0f737617d207cba7,1102,210,1312
894fc6175d96bb7537c7e6da3c85e9381d900c7572e87b0fff6d131a84897843,1140,390,1530
e6eb67e6c98b557e3707c8cf011fb024e5f29439b33a1e60abf8e6e33eea22b4,893,210,1103
603de41cc00c25aa61901ec1bb1af43416039783b8e33b8c5ceacefdbad2e352,976,289,1265
dc3ea78028f39466bd2efca27cab45f930e894895fb7430c3181eb3c0753f5fe,980,213,1193
1f01eb490fb5ed5902bc555e681d8b37125bfb28c80daf73cc6e52d4f19fba94,1253,136,1389
3e80782f7d25af0a39356c3ca3ed96feceb68e3d45db24c3a503e6d91cfba1da,1503,207,1710
4f4970dee8248037bebd0f7786b6e9c7aba166bc04895397be123feaaf0499e9,2261,659,2920
75f983d2135a512a89801bc4ea350bbfe8d050859d1a5d045d98542e932fb67c,1221,294,1515
a998f0c637f75adf1cdd35dc8c8ef298dcdd546561684701034d0e049eaa5a83,1042,283,1325
75e38de07c214a80d1197d6808a06bab488c45462143c3688c1a7033fd74e8f7,2321,1352,3673
0db796adc7cece6e079b2a348ea3441445a01f5e95d3cb75f9d3654fd0aa7c24,1232,211,1443
a7046dfdb023f62285318d9b314dc10153b0907e408bd9635c64c7543d61fffc,1123,204,1327
627255b1df20750779fef8ef82d80bd98d7504ed6eed762fb7e5acdf5088820c,1103,205,1308
6838d19e01d1a773253e1b76c3952c71f011ecec2d08749ef23d27b866f77190,1399,211,1610
1b97374c15f6f520c004b0f2b02c8f24991cf5f63ad4c97d56c59a85f58fc44a,1008,217,1225
1d253a427452adb9c6f8888b2138f4288c14d84fb76916e1efb3428ca1088532,1159,202,1361
f74b6d9052473daf0f1100783677a9fef2118589247b76b73976e0343b945a28,1925,422,2347
9d2659c6f653e4624ba47f9ee2723827da19c4b2e79bc8a76e0a3f295ea54269,949,210,1159
676e726f4bdc2fc4fe4735a539ee8bde3e52ba0f3edb6c20da48cf7a8efe4ced,1449,367,1816
44e7ab9cb7b8fc4b983ef5d01a9c11c424acbb6992a4649b16c54c2b3a78c578,994,210,1204
fd37308d69cb2c3871a5e14fc742fa60da8b56360ff8e1314add47647e1d3dc6,2217,1567,3784
21c885d78af29a662f66781c205147335cf30d0f08f5cea3f59397803c3fac16,1077,209,1286
cbee7f9dabf04eded529e212126a2c4f6aa7f11f3ee7f0dbbc37affe8500a30b,1011,204,1215
b87b802914a264a23366dabb395fb58e6c0ffe3a548360377188cb3dd6e34ca9,1080,203,1283
8271270939d9e88f015545b9a241ffb486e7723e7d30d2dd938acf1bc41d9523,1595,449,2044
3871830d138968a987fef7d72f723cb3665fc0af5154139871805ed1c83b35fb,1306,828,2134
15d3033964ef0659fa4c0815d46aa6ff7d7bfbc26c883f5f6d4d12f3be45310f,1096,218,1314
382886e39cb2383240f81efb30e47cc5ebd5c91ed43e44e29b05542caa681ec6,964,204,1168
43b6c6d69c4507f11ccf95323e6c2c0e183cc27776287a26b4c08a09034c28fe,1027,210,1237
b21720942b1e0c8cba76383a6c8cb5227dc849efdb8fca2bf0180eef3eac30c2,1266,207,1473
57f57e52979a9955d6a4fd04121c9c71c56f602ae68132ff8207b1eca2930db6,1428,216,1644
7c22dbdcfeed4e1cb78792f47ad8760481be830e52a7458f10e354c888ccc22c,1551,297,1848
26b3bcd2637545b013c1405b66b1ae16b944a2b0c6d3ce8ce523358bc92d949e,1165,259,1424
0cb654dafc50f7ed6359c0fdd5b621e06cfbe3d58e3ea000ff0d29a0d0c8cacc,1184,366,1550
3d7611b4acb163e7106ca8e0600d4c3c5dd3e1672f761ab2d0c3e3690d035e46,1241,208,1449
39539111627ab36d2f5e2d86d98a8d7a832cc5300b82de424a24b9e76a7e9514,923,201,1124
cd9751ffa79a01dc025cc3fb29a4f39e944e8ac412b9b9e7eb48a9d416e45860,1520,300,1820
b63668c93bf148d735aad7cc30863595636da14384b4455fddf8f353ebe639ad,1058,239,1297
bed40c3cf5fc88d8f4532d7201cb60510090de0ac23cebeff69b731e11cab71a,2260,944,3204
32f00dde85d9aed5eae506c12ba4297ccc11b065dee26c303f23dee075689b86,1161,1095,2256
6957b64dc19e51136fbf1939cdc8cef3b0eb8352f7a4ec4e0ce9f63425092f69,1049,208,1257
de5bfb9a3b69beae4bd4a40d35dc5f4dd9503100cc26c9ca0132acd5210b3786,912,211,1123
a9e6aeb58d14d4194bfcaefd0e841ddb417863ca5ab4a50e9209f32c8f2a68a7,1219,326,1545
4b63be1d309a2467af0eb6b4b8b8a4befa0dc852aa69fab25980ef33653f3977,1403,289,1692
f3b6785cf6d91d5316f630c235141fe859e6991e228c1cfd637c33f89112acc9,1922,337,2259
996f989e99bb46506fa9cf9272cd3169e12dccc4948d2ec2f33227cf6e112996,1041,284,1325
36f5350b5dc2fdfcef4bb6adb6fa6c83cf00dbbb7892328835eaf9f483abb8c5,1177,292,1469
286010a9c9c63abdf971aa361eb01d301df40ff0986aa3b7513a2c009e5d814f,1124,206,1330
4e03edde9aa48791df44924e78bc662ef87948a3ebb9598cdcd91df27a40cf85,1295,309,1604
48a2ac55be5e8b98d3bf4eb68e6afbeb324cb50047b4347d3093f780de94e835,1238,204,1442
2da331fd101ae6773a1dbe49263ac234df8e6e04b414c3f993b32c981eb6ca82,1285,210,1495
b33717280e23f08df91a78fb170481eaaa657246734e640ab9e833e5e975d42e,2302,552,2854
46d8706fe46c32ab64bb58d06d532c5f1a6670e3a0e17e2fc67ff1fbdd96fc84,1282,306,1588
4c33ef1ff6ff57a3ccae73879bd12e7ae75b804a1f2f6294b7381f0e97463448,1231,217,1448
752a950cb65d1313e328eb9d4f90fc6977f34c7010c5515d3ed452d218896115,1150,1024,2174
9f9e92a015233b1137ded09adb88b6a8e3615ef0fb56d5e6ec9c4f940c8a8ac2,1222,217,1439
6c21cec5305b48ad1b458dc4db5817a81645227a28597fcd04d9494b8d7fa916,975,212,1187
7f33cc20cb7c25c7f45a5b0d4733afe85c934a58c023472f77d9318cd1088444,1285,220,1505
9bb630173cb8d082996ec119686aa20dae2759f4a89e3933b01d8f667604bcb2,1599,1050,2649
8b064cccd4db3a4f26d37cdf14f3f30d12447dc5e9e0989ba78603ba8b1ee517,1400,212,1612
00d8a1b1da038a5684f33e110172fa57b3292bf17bc2a4060ec9f1923f31077a,1300,313,1613
167427e1d3d44e7ac2cf8e9752a76c464f3113c20e5fcd94ba7cf8f4433ec173,1203,139,1342
392cbed056a65afdab8ca1e793f1e0e01ccf528d527d1dcd556a1b90ba648898,2320,871,3191
c9ee044450cd9725de630369a21f1a43cca528afdf2a225e557955a3bb4a0658,991,224,1215
58fda88450cdc6c2d22526e0b6585e31e764c303b918819609b5260f1ec57651,1569,450,2019
0ecded5dcd3ba26cac624c80a0b1400195eb85ebe70e76ec70d39b36dd4db4b0,1348,202,1550
73d2c181eac8e000449eeb60e0897fe3051785f1664fe52de51493eeecaa6f47,1829,650,2479
7df320e7ddae3c669f3cdb715da779cf6cf947b1955f05f83ddad2ec55a5aac1,1112,216,1328
9a4ba1449afd83131ad6fecc05e68a4f7486f56e1a537917030c3e19103eb253,1013,211,1224
aa6dfde0079cc9cd6dfec5fc40a915669dc399f217dec6aa236c0856732f8771,1371,290,1661
a7bfac585c71e6a5d72ba6c9af12f3e51a2ac8c5dced90d81fc082633489a38b,1196,799,1995
7132ad16f0cfd54d8499eac3cfbe8460de51f0886a8ce957b6a817ad4d2d955e,1386,295,1681
be4b63d68f9fde08100de9caae867c724d686c49c36c6de755c2f05369b16812,1643,1009,2652
bc2abd3820409c5017c4c241f0c45e930b26520158930ef10a74e514594893d8,1537,211,1748
2e0c1b315b5b556879038d91636e6a192a5993f39d6838a39e539c30c3ec0827,1408,264,1672
42726f68e3282e4e2bf557c7d3f7c1de431262bc364a1ab4c098fb54efad84c0,1175,237,1412
850e4ec75eb201be8728531559ff8a0786ca01ee5d66ada5e469d324d0fd2bd2,1292,211,1503
22ea4f8a70c6608bd579662acaeb62056519c5a62ae656d12bb1011fba53747f,2181,671,2852
2912823c4988314a400ed6d337c7cec1a36228f22b2e1312c63868e3c6adbf27,1272,213,1485
c994975c0ff60b49ac88d38f7a75e0820b95f2031d8328f33748013943797954,1679,550,2229
e501d737494b667637e093801b51a9be561a7a508bd82dff50f2f7cd22455256,1917,335,2252
75f2cc094c7afc6723338dd9850c35acf8b17e2982a8ee580f37659ac4c80ff9,1124,205,1329
3988c18d7b6ec58e9624a565fa5ca70d9002c75c02e64e2c741066574ae7022b,2335,665,3000
ea57b6545af2909b5b9f370b47b63c3d8fe39a5fbc9675b863caee890f62ea1d,1099,211,1310
ce5bda147c524a8238e11d2bc9907cabfcf16cc925a98872c881b0ade1c90a72,1657,439,2096
4d86a687467c0dbef3407cef6619ad4c4a3d3c5317a048360307885167c1d78f,932,228,1160
039b709cce0b05d836d79488c12bd154d99b47a4ee11167f9f0af8eced23da80,2080,1946,4026
de87403c786856d72672bca090556ed3b7a7a0abe11791725364515ed4e6c045,1373,594,1967
bc7d33bb3a9b3ddab9dc884881a5c16c716c86174b38a62fbc0f6a54a79f4c4c,1870,329,2199
8fe607f66b554d42616ed557bbc0ce2802f2312e454ab552324274d21b6f0077,1535,374,1909
b18ae7a268bb9fc9b020abf64fa2de57ab104a1ae7e665dcda76c30c68e56cfc,1039,219,1258
956867da22644d954bd6d2484f9dd7f8b1e28e2fe0e0bceff67fef22e5e34c5b,957,200,1157
303e5539b43a0c1a315854132e2db3133401eda0721dab877bfef5722e8d71d6,905,209,1114
51d341ae0ac7471bf6d607f5824f842625ef177e82dc84afba269dd62ce0379e,1252,682,1934
3a630cf83e75c26f7654baedfcb00b8fcd25337a40b539d6c063c4a4e7a263ff,1204,195,1399
895eb6acf01f61dacc5190d39efa798024a8809125a2a6c367ec8de855f092f1,1176,291,1467
552533a421d94cafa4f2db658b4d5aaf52e7274ce792c38348a15e451be0e909,1504,283,1787
9a9368539932a3f2201ced516a494b8bb937c84f2b27123ea7ab6ca4c3b4ebc9,1275,213,1488
d962b8296927fc2dcec3f9f0afa67abe617c7a2771d63b2b99c6c08223be9276,1448,396,1844
0d8bf3d7a2e1c20842091408723e747e959939f8744acb38627035c3dbad4b96,2200,1029,3229
380e1736930592c54024fab54bbeb4fec605d4978f81c626512e9ae731b6275c,1318,213,1531
e26b7a5624df427b70fedecd3d179be668e9a29b52a4c43203f8351c2a5babf6,1235,213,1448
1b627a53acd5b6ff09416795c81b13370044ebf93e6036af3fd1ec6541594979,1179,435,1614
5e2d8272d98ece4f66df6a1245a6058c2a5cc10bf877a8cbc9dd6694065f1e81,958,138,1096
f8741890ea74d2e275447ef6be096c5fb8e19413a143c131551f4a5236ab22d6,1442,297,1739
4def130669ef45cd77067f96b174bf61646013109b89dcc2372a1a6143c9a455,1818,672,2490
4e587e5246845402a0f797b336735e289f36ad01a4041fadc85802060f03b7fd,1426,398,1824
78a9f2a17cb72d1a75eef277bf5bb32ff87c0a1bf048f6072de7102510d739b2,1563,210,1773
b93bca1ffd31c87d97dcd0083445fa40dbda2a780afe3334022a3112bbe1e2ba,1211,221,1432
cd609bc673a103167535afe3eaa95e64095a6dfc27eab60f2ebf08af89694e37,1442,209,1651
e7085c567709376fe6a5e1b540c9edf945878e02e8244c02169fec25e11f7299,1695,448,2143
1ec3eeb6d578b64e7f3731c678dfe514029317e75edebc2acd65672218ab8f20,2065,559,2624
6ff4718bba2a8ee9dae7b24a705fe0877576ebcd6b0ca5a8a74bbc128e87f834,1216,198,1414
844a61bb42c367f97e36d80f02109d54d4d35d1db2db29c79eeb9af2ccbe7f88,1124,205,1329
47928579d1c90f9ab99b495f2ff1bbde09ea42d91005cec7e48d2954e75ad70a,956,208,1164
b14cb5b5de3991166e6b2438b43c935bab808e4bae1e2a921eb28dd8186babdc,1349,590,1939
58c9b7d0e6255e6afa5f16da073d904553a28209e4c134ee511b3df929c4fdad,2230,1128,3358
021e214b51e4d3a1752490fa9c7fd6867dafb3e50da8977adf9a0cc645c5d1c9,1170,351,1521
9a8f5b67ad67b5655da32eca0e2dcea11b8bf7fe9e0c8b6fc6880153a4cb7933,970,211,1181
ff0809618af987d8e79dd4dba77af1ee1afd24952dc7aa9aaed2ccd5afea1d01,1071,616,1687
03beeed76680fd5d8c17e07fdf0e02ed43e1ffcca9627b5f6a57bb11c2feb9db,1182,209,1391
39cacfbf81943a67f4581726ea97e64687f1ee69233c6fa69ed3b0ece150dfaf,1004,212,1216
e9bc69d67456c7761c8ca3dfebb26c8563dff2e888fb70c34653e1781e3227c2,1032,141,1173
60eb51c7d3e74a8507c00cc77f587e050ba6b53aafe77a0ff35e452ab4363609,1154,209,1363
a6f5ff7793fd4ad080bf93e144f2c08a031cd51dda69735f399d5174d2d728ec,1750,446,2196
41abc8d7f465a0029ca9537a55e31a1285613751bb731b58bfc4d8b5e5eebcc5,1587,449,2036
342e0415206109ee8076d23b18a3b608f482bd6675a38fa01030e228507ea1e3,2052,313,2365
206945aa1cce070ab577c4afbfe2cdf1791f7634acac693ddf672c6f6ebbcd5d,2349,652,3001
64e56a5f27a6756cd6e8cd54c12f9659a060f1f3a3e4f04d74b05f070b28a5ed,996,381,1377
ffebdff33a069f9702c899345c79c71bde6bd7ae0d15cd3ba60ef94119423e54,2140,889,3029
28e8e97372525eae715e5f2caa5d4e62153eca4952c34baefdbdeedfe4abc5ae,1213,900,2113
8a88c1144ec633a6b5e95eb9cffd34bd7b0700282ff626e9330f74b2c47b8807,1212,982,2194
3bdde139c4b28b94210113d93783920dc9b96a354f4a3601fbc5d9c582a185d6,1372,591,1963
1b12f302ff026a1376f34c9c39d56a4137c269b11f656d09bb18125e5cda0ccd,1978,1352,3330
5494ebe20636d7bdf9a7379f9658543ec3e1ea57e88f6e59ed8b4c61379ca487,2280,1565,3845
86a8d2f15e6ab3673df22f4de961cf0befb34c1f0a6f926ae334da81dcb6a04f,1080,153,1233
