id,prompt_tokens,completion_tokens,total_tokens
1a86d39cffa172266f1cce39548215acc0a564117274f67dc1c62850b00a642b,1025,202,1227
6884a5cec38903d906228165418badc424558f209355d0413436540fd37ff1c1,1099,207,1306
4a80585fe710f30fc570b7425bca0e42a5e595c29a3f5500c926f6732261afd6,1013,215,1228
87a5e68772a79b6747d43734e96eb5d77f363269de13e8211d154124461f72e5,1035,205,1240
e892b4b8a7dfaca7b292b4f3516b1aeba3929511cbb7f83ea2e82c16e64ea4cc,906,214,1120
ae7b4ff73ced00f8fa579895eaaa87aa6f65a5e6a92c3013432ee613b5782998,1364,209,1573
5e851212fc972b9ec01ff781df2f8e7028ff703e6de1c51085124791c91d79f1,1103,210,1313
a21710df9c3f118b08507b4a5488fe0b1657aa19d2983a602989436bb8bb8871,1035,212,1247
ec814e4d7c4708ae7e299741a1989ec3c227e26ca9a9d4813674ae0d96d8f227,1529,214,1743
ed6710b4368393c3b32833e383974493eca26336ec1b985fba01e65643f61c03,1101,211,1312
8807b701dc1fb6bfc4e444904b0a95ec8f68ed7c75adfdf92ed044097e34b92c,1367,244,1611
3c31f72a3d96f7219d74213f34a15fb8053c827d4b292b427ed2d72e9afd239f,1206,218,1424
bc95ef7f8e93848083225cba5ad775a3100a6f718370802470f963a2755854dc,1006,214,1220
69f4a58070243d2b785832dc3c74a1dcd8b83fb973424cf49598df72af89befa,1384,301,1685
de48864793b43b2c456f361381f23713d266f967285510e510d25cdcf5258cd6,1528,297,1825
5b3775c11e047348478bfd555a2ffe76e4538278ce55df79e359874b259e36f6,915,200,1115
5f292c40e0f987bf0851d48d10b0b045cb2302728e508eb552375fb97df6c95b,1088,214,1302
9084296d231d0a227624220151e85ca8c1f21a3228863e40e01b10b6eb40af64,1245,235,1480
32208cf40138083995a9f19105203de6f3db715909167ddf274d5205f441943c,1042,213,1255
392ee5f3244eabc32fddd28505218f850a41010183f437e6383148ee446e560b,1002,210,1212
bc1e74c733ef5f41a2fec41af2591b817ca756f4d7aa2bd64332ab1336d6278c,956,214,1170
93c596fdf6495e690d2ce9ed64bab13fcd2e039dc442b4d2612ab464adf09027,970,209,1179
66c707d68defaad3a2e505b70b9322ffa950d988e75462ff932b49f0074ba86a,1027,214,1241
4eefde5153bab03707ffe23959a9c90029aa675feca91090694488f5b1be766b,1052,210,1262
0af427a78f9da8bd06bc0fc8bc462193802e177d0e7a8e0aa2ee63a3d24b63c3,1626,672,2298
6f9799ecfc00beb24d97f685621c2e2a2ac85ab43baa2359a0184b46a4cee1a3,1651,318,1969
35ca61f72c2585c2d8bf8efb80752df087d5eb47fd5ef1817d58a850cbd6e758,1096,202,1298
68cceb5ad9c8a4b8aa7467043eaf33b4bcb04cd816b46b9c940df91d119cf93f,2218,318,2536
8c4a402dbe2a870f2c0ac73fa8b478a7dff97651c7f6c3173a3a47cb5f3c9c3e,1378,223,1601
b8e175eac9c2e9decd21d87e6e5873d4257c0b118b4568678f02f3baaa50fc16,1305,212,1517
a1ecac57c4824b28d01886dcb1c66d15fbf41020df25c7ebe6e211da0ab62425,1126,386,1512
53bb8f725a51164c1f65e02bc9b5c11fb35af0a56c0f9cb0648db825e940dcdd,1175,212,1387
4b9422499a278b63231ca37c22a66c79474a50d28a6badf7eabffcfa1e3c8731,1303,213,1516
8594acdf2e7a22f052aeb2b1e28b1913e6edbec1bb45b984b96e83759692eaa6,1139,224,1363
2840f388bcb04e968fd95462335abe3d427ba3ff257a7ac9b8cb02b54f60d4ba,1124,205,1329
12c76498df74e53002e1fc825780a45f2d5ef057a9c9beeebed56fa176dd5213,1284,136,1420
3db01058b871372a4de10c4c7bdea2a10372ed714963f9a36c3a17ba6415d06a,989,330,1319
4d72b3ac4b6401f226a93c4d208628d0e749b0da705a6ddfe241d239dbab8e8a,949,201,1150
7bd61c00d3fcd46aeb8d09a8075be501ef7bdee37fc84276754807c74742f331,940,518,1458
de14c401b73513533dd8346944ecb8c5ccfb32b53f605814d74ac6b00a8076b8,942,211,1153
cae108409b7000c700c544c99e77cff732318b3f3947bdca07b53d7a77d8ff33,1835,783,2618
20d2d87b6238c2a874d86a98cd6809e8634f54e1244ef2e284bde20326fccca6,1150,910,2060
a972ecd1f21a335b8fcda27a3c4b2c919c48758b8ebbf6f0d561aed18a3bcc07,1146,297,1443
9e6d53741dba7a7bde26955d376b31caf4503b104f8ee0a7a992f0045e4e5ae4,1223,320,1543
4af4a1955b2ba8745f5cb3ca720525c5bf9d380bbeb7f16b40fb24b42dd672fd,1600,201,1801
e3901f7d2549355ebd47ff1da0679a1a1c0b98e9a9f947731b14585b14adaaa3,1451,277,1728
178582c69a6cd56e54f5b5cc7e2aa464b585041ed5ff5cd451cd5168b59c596a,1580,299,1879
c509355394fa80263f9e5698902c97509a70cc4356c16a7acb0dbd3c2e00e1d6,1807,771,2578
7ae4721006e86d44b665e035b0bf24de9ea4e82de83bc6e2e1bfea92b9b3a4fb,1144,305,1449
5d4336fe5e4d46fd24859b205edd02aaa5af76460021849a48ea0e4c6d9186e9,982,213,1195
bc874d3c955af39b48451e3b80bae8996e473792effdb1b08f83955d95367955,982,203,1185
6d0352d2634ce982f859e763114b08504e78702c5b4ac29e7bb85d5412c6dc1b,1206,314,1520
b1372bd72bb7cb776434e91dd8eb5f4365e8ae8f4bbf9b9500f20fcea94e4488,1052,309,1361
d6dd2991eef783f7951e3c168dc295a7b123ee754f35b0a39e81b53c029d297b,1188,655,1843
2073d6d0a9e9ac1efed430a48f3ad7d79a0bc73243702a0ab2c1418f556af393,1369,329,1698
2d6d2f7e1ef62e49303b949152ceef93e85a35abd5065c82285522112d4f963c,1209,213,1422
fdb15d759f8dba412117e1c201cae136414ace9dd2910a2ee200a4f2685cbb99,913,301,1214
4646e0a4451ee20ea82437cb28a581920f2965ec57c0995cd5cce0053044083a,1444,402,1846
b7b400eac80959cecd5ea170b957e1536abb09d664191b21961e17c6253e8594,1124,207,1331
182c9abd532a096a90ae71bb5f260758c5c6c700c115f9bcf74d1425cf2b4a81,1281,248,1529
6b2686a8ec7d4fc85df898ab33c3c85156cb4a7dd6cf3262282cd346ad5fe4f6,1834,781,2615
0c416c566728a7086aaf72df4b2905291d79f96d3e2bc4f1b3503fb7dc8b5ebe,1654,452,2106
46dafc159c04e500f89cf9f2da42823631a7875adf2a80232b2e0c7fdc6a81b9,950,212,1162
c30b80302861f1f6f64d41fb0e19877f87df18b9a1c7329da162139f7a58ca84,1794,768,2562
c2e33f3bf36660ca4ffc51c5fd81b885ae8cfac828a89760b6771232939a7b12,987,294,1281
5071f9c827977bea9def7461474db75ace4666d05b91e7ef92178950adbfadf8,1467,213,1680
36c678df1957f183cf5a0db64b0f6a25ab48c471cfcac985edb3bf4cc87ed6a9,1524,212,1736
dcbf9006cfcd97c2a65d10bf24c907e2b4815ec9ca0eb73e98acfeaf76d1c268,1026,378,1404
ea1afb88ff26e8a31f0d794b229a1672d58911ac4eaae8eb5eb053b501045b20,2418,319,2737
5adb27eabb3336d9457f8cb2c091038cf956c084b001acaf94a504379d34e225,1717,678,2395
25728e80248d79c54f3b04f48657d0bbf0161e338bf7a5889cfe9fee9c0bd033,1008,448,1456
07562d819df2062c2db50f52c4fd1b02b515a6bda0a4d4e2b79740c5c3ed9e2e,1191,223,1414
7cefcbe88bcdeb5675f30163c2351a89b6487642ffd041fdca70ecebfd6ccc91,1369,300,1669
3a2d992f2fe1fd291c41b6f17f2fdede7b8a1325c0e89a3c1822cfba12cbe5bc,1132,456,1588
952b7cc1f6cc2a6e3d24b563b3b48b11285f467b6f668ebe6447005d879828c7,2320,658,2978
611341733f71a716f864fdf0eabb0299fe4d81e77fc2ffb229d5fe168b860b59,1102,284,1386
9916ce9425f1ed58fe35f5bb8eecdce911a5635b01e714128b8000d444f8923c,1206,532,1738
f26941febcf621df05cb8acaf49e6e4694c3906f915b5f841670e42e73611e25,954,134,1088
17827381c44ba5a711cd2cff38b4968c340283f37f3e7f3f15aafc869b351b92,1558,290,1848
a774f217a30ac8eec82bd77baede57889ab20bdf5693dfcca7658488e962a3cd,1635,739,2374
cacc55b3e97fbe878f8720f74073e60123fe1efc95fa2120db7c7cf154879b30,1247,204,1451
1c27be20d4e75c5cedbab7fa570a9b79ad91cc245d1d39164af8ed963b29af4c,1286,213,1499
11833146dae9a9b77b63c1399dc58344a0a8d20352fd10efe842c62d7cfdd21a,1493,141,1634
9f11dba6f0a2ddfcdfe34f2b27c17b7756440eca5e50431c0dee49406a2a194a,2197,459,2656
4b2bfc9143e84d6e92d8bfdfe2b7f0b18892041d30bb1b860125758f993dae83,1341,135,1476
afec73b576c3200702588b7c3de3dd0e70afd428d85c10c68df0cc1815ef2fd2,1676,1289,2965
6c8e817da7f5de06172cdf336fae3184529b31ce214660b4263894cab064dbc5,1729,317,2046
6243a28466b48a543a843e28dc730f056630c32c51f16478b966c7a872db3f7f,1218,613,1831
7b2618005615d7fc601c637d7c50453f9e38d5ecd0131ecc6330e0add463a457,1257,207,1464
fd41ed8a90f7ad6a3f59fd9f0fbc794cc228d7c6b5a7a3dc546ec47aae7f320b,1124,205,1329
1e1128f60f55849eee49d31977e9209549be79b89999b96cb6baa41e11bc2f5a,986,219,1205
8178df67d21f19cef72ec099ee7fd9160577499a55ada34736e12ce9c7eff1f3,1003,214,1217
1427dd496be80911ce6d21aeaa32e2c4168da6b00d52e6a2ba881c095e2325cf,1786,324,2110
7fb484cbdebecbb947c7989c7bf795099bbe49544f8d3b15acfd2b5518af1257,1005,523,1528
a235b9bae1ad2612218380af8781080b7ff1b1e5c2f4870ef330703a03bd0281,952,212,1164
4177577d8f1e979cf922efd81c1cc948f8252dc83b9efbe974e9dcf066274e81,985,210,1195
d6c8cc2bdd87f2173aa6824b2d2a9bd4ea0930a67a535b904ad7d1a93e8878da,1124,205,1329
62430e031c52c99140206c88a47b71c4c1efb55de1de533a4147ba7c741c996f,899,201,1100
a0ad0569829887e466bf8bf16e86b54ac000e83c646ce29ddaf03f1dea07c3f2,1352,530,1882
9f12838b1d4203c8c0d4ad3825ea76e7bd6267f25b219182b24f075e80964817,968,211,1179
b615f96597daacea664c09b6a269acef22a8029d0502df7fc5c54d21d7be097c,1506,385,1891
c09fe3118ecb5d444467f6dbc81700056ba41663b097edf0d87cb53b1efdc4e2,1276,391,1667
4f429607c863df3f7e77f6714b9dd7f359c861bf0eb54861d08d3f5aa021ab41,1219,207,1426
496d4b161ff91911abf8e07aeb2444ae6ee7b1962aceb6c0e6d7075fa01a99ae,1577,542,2119
8a53234528fac533272dae95fb8827468ae596fe8b9050c84521facf39dbbf96,1104,206,1310
bb6370e640a25d91ba324c079fdad4eb1bfa7ed70abaca08b2e9937e68d86768,1332,140,1472
03d5af686bd7a074a9fb80afbe0b5daffa21b996578f16056e91e8dff1360f44,1505,207,1712
22af968016b827c4c9a78aa95f72bcdd82011922ab7331732ecc57ed8dc27f91,2303,431,2734
614a7a0d5eed9682bba99a57c19ce3afb815ea60e4494f53add12383f87a4058,1250,205,1455
9c6fabc6e8bd53466d4ad613aa240aa0ebd7ba46b38b433109afd14619a45363,874,210,1084
c4d4a232f9887df66d78ecbb769f13590fc8d3a44cfe7908e58f6121ada1eef5,1051,201,1252
17fba79d4fbffcff8ec60ede30d6ddf558a0c3f86fed671acba58179856d588c,2078,607,2685
0505bbcb4d351c4c1944ce5da9870faf40867495d1e93b2c63271ac365192152,1555,360,1915
cf752d763019b0195355797a60b32e8788d1132e95d8b6cbb3b28b66819285ca,1726,591,2317
06486105f43983386da46c99f14d9995e884da834de575c18c15a37b1eaa039a,2417,321,2738
e835e6070488e0b832040a609d452cc8f79243c94f32d6d491e8b83fec963dbe,1200,317,1517
45a86cde1ce67e4e3b8bb589f9bc21dff7a6fc8367beb2e54253867fa5703f86,893,206,1099
912ff4b64e2eb3187259a3c8f2f6abcfd29f30e9a50a09cd1c7e955b3ea6e31f,1658,312,1970
010d145090adc89eb2113a46fe2f2d795a8fd49cef9d822d872dd99111af5462,1327,215,1542
2e1a4b2453333ed6ad0eff708ebb3744fbd8abccfa38cda6f08d01d302b00510,1654,1308,2962
5702790be1bbcc9ea28fa70ce137d667ea7536d8a0a39c68aeefaad72e9a6c63,1153,216,1369
b7f4cc9f4aa958d76065e76237392210c24b8f1a0ec4671f4fedcdd1f25ec1c9,1124,205,1329
f9e8ceb00128b3665294fec47493da882bf3a6b410bf2dbb3bd5372ee0da9935,1549,450,1999
60fa97792c8811de74beb7dbbdbc89c8e2b138ce072591054434fe668a5ff43e,1221,227,1448
c23d236d55d588d6c0470e5321376ffab16b4d0b142dd924dc65fc7502fb8cb3,1125,523,1648
721bd90b8f0187809f12cdeee6c3c2ba495bdf1609e9586aadb44e281d8baf2e,1956,561,2517
14902974d746f0a1aa6997fa0c50415f8183d1160e0756c2c71712bcc0aa925d,2115,542,2657
d826f04a5e24c6d17c274a7e4858e40c0853d145497df5559e610c5e297d4f32,897,220,1117
f7e4620be07079879a0f2c82c76cee781f392a17c353ef3f60b9f1b73e6e20a9,1086,211,1297
b04e275f1472e170676b51acdad481b6914509a041ec22ff990cafcdb7a6d0f4,911,219,1130
cb6e4de5c86c08aeb95db58c4dbf62df7debab28e6a041c22fdf8a870104b724,1083,220,1303
a99a2d755f483b648240a3fa585efc160815bbe8708357a27b7fce1fae941917,2219,946,3165
3f3d3e4c88b1e1631ce63891e0d1a3d52d8587e8e1a4540ccb780a6552c1fbbc,1014,209,1223
60ee18b7da13cfed757c800bc608e03c467873fc0370aec9ef108068097f5c99,1156,295,1451
e595a7fe201255a26234733897f55d86c58f60e0ae1bb1fdab496033a0016a50,2108,544,2652
4d2bc63f4f6966592b68992f8edfc5c8dfdd465756ccbccf2d771fdaa42ec298,1116,605,1721
656371535054d8371768f08bf307461d454477b33ec1efcb1c1ce2c5be86cf1f,1366,1014,2380
8fd98f30555f16616fda1d6ce619e5b80781d2fafbacf44d6d55d98752c61d0e,980,213,1193
cec0d67a5f735bd9f9bcf9def5ae448b0b0f2f150fb7daebecf88513c3023579,1478,450,1928
d1dc25ddafb6619c17ac58ba62ea534b0531ef17b74b4975b40446d3aef5cea6,936,218,1154
85266d80e4960d4119af9e8b859ef514f0733503670f39bedf6831f36d6ed73e,1042,214,1256
5815510c452010434266b63e03e424a69b26339479d5bd34cd913a25864ce5fc,1282,213,1495
0e8afa0c61830e121a90d311ee09a9e956d6b670008f02e58990221b2582f9a0,1431,210,1641
e736e4fe1f48ea5218daf484c89c8e60bfbbf620e47d77101f17f4bb42477092,1012,309,1321
59f0fd600d3ee705d967e8ffb08624b977f356d51057922929dbd48b7c538684,1321,450,1771
1a18fafd9b048871f8703e52e6018a7160c902217a699243cb8fc109b5df07ca,1042,213,1255
c9dc9ab8b520c2de52ee78ed94b7aaaa8588d3179ab07412864f56e3b8cc696a,1158,556,1714
a0ccfcfec371b4f0bb88b6c1ff1247256717bb9f1b65be1b86e68751f1dde796,871,211,1082
1e7ddf77e00998ad44253bf995b834bc3d88d6ae3afa30e2aafe795413f6fa5b,1078,213,1291
0f6a7b45e9f66b9fa0aa5a0ba7de11d0969348c26740ef0b2520e100bc5f7a55,1124,205,1329
05da5f26f013c554c7a00ef807441020cb0c7a10462897d17c7c72d61a0832e1,1233,304,1537
f1772daf9cc8844e26a54e1f10d61a9b9b04acd761ac53c8e146cc308ec70083,1346,282,1628
10510f203501ea9eb947ce54bad80eea09d18f10f0db16074e4eb2931fc4edaf,1331,287,1618
346268cf98b1ff10545d7c040016bba99aa0e39e0811d645a4ba26b1de08c5b1,1055,218,1273
b85670df82c39a147726ef5788a48ccd1a071bd9255665af11d578b5b8f5a229,920,213,1133
cb1ea8b5832e1793a8436761e221a5c6475e963e6a90d2145fe5818943847305,2209,1356,3565
48ea83672be3c116569457a8efa9bcf2d2fd625751310df45d2639ba1e902373,1060,204,1264
a72087a88973bd9ec0ce183dc9420064b3736c7be058f0ffe9365793950ccdad,2259,1046,3305
fdb621112c1ce5ba490cfd4e4488dae27ba58b72f4284abaf7e5d001becb0d0c,1615,317,1932
22cb28690a0ef3e848e3628873d926ce059ba7d0071bc526b76b49965d6650ba,1414,289,1703
b90b759ab436f3555a5515184beb5d74c8d5dc9809e93b0bb63cc7ace42b5a93,2186,1616,3802
d78ee4182b00576e9497f69fb195c29b3a96f6ca14e0fd0d57292884efd2488f,1082,214,1296
13709ef84733c5b2195b5eff677ce1bcd0b96194b9ac480d6983d6792eb8603f,1015,220,1235
61027ae374a17addbca34316c051e92c995939cde5c4e0ae4ad4acba3be0c717,1107,210,1317
9486c911c2af3bbfb3538551ae6e01dfa2a9c33dbc842f064b4e3e3a527ad54e,968,203,1171
79d6c32eb0223c8659eb4595c053f3a83d6d9e241d41f78faeeec0e1099ef5b0,1503,525,2028
ae0e943df96281ec90a05e4a43f9708533a95c2fc407c9f5af63e6d85f945311,1389,293,1682
01ca7bab110d57a6fc6d062a6152ea46cae76aa77b8fa6ef36323e75e1c82705,1093,299,1392
02d57bc176f751a691c8416f0b91d7f1af0c2d9009f85a42baf1b5771c240587,1260,225,1485
ad5ae737d8e0e7d18cbd5da4f2151aa0aaee49c46b378c839cecbd15cf6bcda0,2297,1108,3405
eb318eef8011697c7bec2453bcb0c0fbaef30fce9e5d7e62ad2af9b7d5b5b810,2207,316,2523
c397a4ac24c73a94079be021d134934b067177751a191cd02515b54c25072bb9,1412,797,2209
a1da5fed45a54e91f592a746381d74ffae95a5af0bd06bf182f2465fac9dd960,1640,695,2335
012c0d5c2a2e7cfa4bd3f863fa722da19ecdd827851d0c64d590a0c8700d3562,975,246,1221
d6ee49ce4b64ce4108f55c28bf6a9e24ac1f1f36e3699a7fe33d4f10c6761717,2422,541,2963
d53879308faadd2cd5550248bc1aa193ae22a04e066b22a3e9e2570ac66b6d87,1812,833,2645
6f5554c830bb119ed274f9ddb90b36c9d3ff7a245a6823bbca028d272de885aa,1065,214,1279
d29fd8ff73196c20a014575ae0df5513e7676314d63030496208a0d03ab176f4,1011,437,1448
ce4d805a6a79e27602c11ba7ce88f51258d0291a4eb90b921bd42474fc1f84e5,1124,205,1329
b8de856d94dcb9140c610bd8ec92427b36020524e6a5dce3e720e483e88fd69f,1217,1008,2225
3f24fd37d88735fa2b083550b2efec78652e3173d5d5ff1ffb86285a4a211792,1024,245,1269
0c48b83d2b4575431e72bb119db9de7491a4ff0a166c6867db392a253cdbfc6a,1617,333,1950
763e46649c6060df7ea95682cd222c521a3dbc9c82690f7b9d4512344c9b74b0,1444,212,1656
5f06ac8bfb85b401a28d5a485432e5e2881a8c11a2aaa04104719dda9a12b089,1274,831,2105
efa520448d810f0adbb536c76b9488435454db2ef37070bafe518dfb32ad616e,1029,209,1238
4ddb0de88b039e32fe542ba734cfaacc77028fd775f53e31360b63704605a8d8,1863,885,2748
91f2e6034ec30ed19ac6c6611fafc6955e3c648d88cf66affd7c3482f85e962f,1566,449,2015
04f554b5e3f7e2f7940656b9b024797dc623094b04e60dc673de78e68eb47a33,1551,852,2403
da402104ec4b5ece9154eca70ee87f1a914f0261156809d334de5e3fb010db55,1119,216,1335
9fe4a3fe6644143e9be194f08554ad319ff4dc5597a6bb6498ded3acaf4b7f77,1327,537,1864
fe845a5734b5bdb8dcfcfdf57735a013239ae3e0ebf5e4b179ae959c0fce55b9,1064,302,1366
d678698e666bc20fa4c711c45fb29af322e9147df56b6c8c494789ceffeb3657,1142,300,1442
87c8ef24bc3b635eff2b4e769bacb3a061467cb497c48be59151e6bc4afab9ab,1132,208,1340
ff742b47e56338cc96361c95693ce747ef960c1a9557b52c4cc4d2adde87bdbf,1666,313,1979
d8982f051ea13e4f65f4cff299f462670d12e1e7df2d4a480a60c9ebfe708013,1154,208,1362
d980b3d3d207d8847cd9dabf5685f5ef82edc3b8247e59b000acdc1e8ed11c45,1331,211,1542
677334817fa0268eec3f3c8d23cf3f6f1a3a6e2dd488e6a7d205cac6053da568,1027,216,1243
dde0aada64f0707aa9b7bf3d763029149e08fc7ba1341e156c204e4b4756d0e7,917,380,1297
7dcd39a222efe90dc52c193a684221e4fa4c1fd0bb1ca071035d0c7733bd3a4b,1905,341,2246
600d443b8a98fda8c1c9c945b268db53dbddfb8f77a4dc087082754d5fd0c438,955,208,1163
93763cdf455eaf11b6ea13453c8ba50660ccf81434a9edc2a44ea637e591f394,1179,1267,2446
ea0e1740e1217db1ede4270aca770156ae0ebab7342ab36571a012a873d16585,940,212,1152
1a15e80ea4d2d74f47fc0edb8d035dfe6ddc2b95d12ad9a4332990ebb65b8455,1124,205,1329
848b06172d1c46656d230fb5d8fdc04e7268b2561f88af6bb79fbae925c74e8f,1325,451,1776
0f16575da4abc1a296edd00752b4404c9f9a7232bf11deeb93405dff201bcae3,1622,314,1936
65de9f182937f370e382e3b1e66e52a10d1563a3c26acac208ca6fec40d2e7f8,1302,216,1518
44292369c0bd70f02128a8c570481df644cf61a022edc130b926b672acbd44a7,885,276,1161
a8571ccb6a7d2a246da6a2c8df9bb6a20b423ff7629fe8a1f80d301be94514c3,2328,661,2989
56dc7a5b312665518338b50d7c0c834a155fbc1d453caf5a4d85451674616848,965,214,1179
b3e3d0b369f2a6628ae5889b559c7507d46846ec6547b07dcf19ba62aae5bd37,970,216,1186
4988f7e6bfc522edae878489037aa19fa9c85e97a194cdb05b1526d878e0984f,1495,214,1709
5c11ae58d414bba45397f8ecd3630477ca00e1c5223b5028965e5bbecb423b57,950,211,1161
ff0eed22f529a3fd524d514bb791617551ef61adcf241ea7c56bb64fdfaccf5e,1558,363,1921
2a229c6952c4f581d76df51a9c3e51d40c4264ae84c611d66dc35b18caf777a7,1102,615,1717
c26a7b999ac549767829718954316d28a9694ae99d4acb7d7c4c43cfd6c70999,922,209,1131
8a487acddef09108caae738496ad16289efe75688a96566e8df043f11aa243ca,943,218,1161
b8bfaa89ae8429b25e09e5a5b2acace976374558ed6d0984d117875304f1b15f,1653,1230,2883
10398f90fa365402fdbe0b460c2e83d79b5348c897825a50d9bbc5c63f9d5b14,1314,220,1534
c99f034cc9e198bd43e96cae29f244bc46efa5d553d9dd74b9264a7690cd4349,1573,450,2023
1e5fbb6ce425a0a6d96004e6ecfadf5214e4bf119c2bfc96828dddf621c75e34,1143,220,1363
cc4b6117365205f5cba506b9cb22379a949a6e65c1494634e05f1a50b859c49f,2270,1557,3827
dfae35f8fb217338bdc222333f5cf7354d0dfb8b1ba9814cad02e970c8f595c6,950,212,1162
e2dfcd84b697955a5348cb15f3defbd3aaef00063c48afc3f7ddc494688041fe,1533,629,2162
b688e777a1affc046b8bf325973b0acfb1a78343e3fd24ad2b6e678a5e8146dd,1505,535,2040
1425e033bbebb685734e12227c1a053176f51b672c249b18bb1fa05202268c14,2019,471,2490
b5f2ac2ad6a087625083dfe02305038fc813015bd367fba26c8b7ba90c0e62de,1406,852,2258
b657e3b61be1e5c43322d97edfb17f0f880c1116419af81a7d879daf694a7c10,1851,432,2283
8d213d4a19e8efc76e348434581afe1750e01d98ec8bb88070b0fb0d5b906771,1102,299,1401
8a5a35dc1b21061deebd8e848eb060c8e2437a1defb6ecfcf82556b09ca3ed96,1171,212,1383
2f2c41878cfa73029585e6652a19794e2841545a82aa72163ff4bec01bffd902,939,451,1390
25951881249cdced3d7603103f48620f6d6d86db4e4d78d2768b0d38bdc90553,1079,216,1295
66f6d2964b91d3750f17e702c3660e6a44839c50c999711cc269316aa65a75ae,1182,212,1394
b6018ee708838962b25e38d425dcdb58545d8f54621d708a9d544864cc2afcd1,985,215,1200
1907112f290491fed49acf4291c1426469984c739f971a3914e3206b20307f95,961,211,1172
606fcf7e51515b1728f44252561542683f71c700edbd9f838ce716857ea7d88d,1189,432,1621
d6de84ec8b2388c31bdbd197c545348a801eedcace2cea0b798121b4f6fc54de,1176,802,1978
fc4d18403da5fbab157a435082b473edab2edb0f99e82d5e12be9aa3c267b1e6,1243,254,1497
64ecb5572064da6e725d1354e849a340a499147695e828b5e2351a31f91452b3,1496,205,1701
8780de12faccca23a2f9e129f3cbe49d539464ad5d9a54d9d82d2bfeb20fc663,1275,208,1483
ac4a914d9ccc7d79ee70d9f36ae44555af372bbf036bc38a41fc788cf66b6c13,1118,209,1327
35d75560092c4f08ab3749c400d5332beeaa49b6240e583aed5a95cc121d8efe,1164,297,1461
91b0e46164eb202918cdf75b88f7b48672918df92d1eb7c7f2d5f38e9bae9316,1075,386,1461
4bf2cb9b44d094fa9f978e546da45f60bec8aa8b4435639f7e8036e272860115,1352,355,1707
b4053ce8942e38e6a3eee03052b83e80944a7d6b5fbc74ca22337c8d877bbf90,1676,318,1994
0eeecbc0d1bfc498db83b0f0912203f8363294437d24bb75b5d08ce601439840,1233,306,1539
e0d4a1a5bd1f4928c38fe6df859778b1d12d162429cddb86208e4de69b3feaf7,2062,316,2378
ffb2e2a5e6d7964be787f090fac793084b4660725b01dca3b5fa78b8f221917f,1116,130,1246
88adcd66450a12b9deee9b0e86e380730c8e8d7399d46f4d0ad5cc72553f64ac,1628,547,2175
ef93bc58c73cca80c452da39de24100e65aa442f084fb8dce9d10da15aab9878,1488,207,1695
ca9b6f7376213d8897dfbe1a5056ec0b8a83776427eda9a6bde7c0791c88c8f3,1760,316,2076
6bf22de12cfbc8f728db64b1894cdfcd0d77243d8341f08ba27edfd88140da66,2284,891,3175
1f40aef339f22cbff6fc4e9de9faa688eb61f3534d6e648bf4e58ba780d97861,938,203,1141
5a728508424cb6eadc221b75ddf1400ed40b1b6983d0fc3210d4ca4ee907e600,1130,218,1348
cb2d0cda6c9eeab48fb8722bd8b36cc00ee3cba685171bcacdc512320034232b,1174,311,1485
38c74919362c0c0a799529c443fa7502e7dd3c0d93b4d704a4773078c8491639,941,286,1227
00b3ee39cdf9044da3241758eda2a19c98a4d86b95031429ae3b87ff7f2b2d58,1012,213,1225
3381b12710758753e553308ddaf5bc30f8eb84a8216fe797c3adeaf18529ea48,1303,236,1539
59176e1196309ccaec0f840e191c9e31fb8c4de6f977fe8b6d68f245ac7d0777,1124,205,1329
f03f36a7bdb7cf8639b3b80c86625b3bf2ccb2e43a67c0ebbdeaa46a8d6feabe,916,209,1125
aa17ad515e61fbaeff0c61aafacf773bac7a35835430b6afd10a2b11bf64a5a7,2234,767,3001
b1db1ed54053f8c7507efb327253ce916142b085c203bd46f8d242b2380fe5fb,906,208,1114
88b92e1281c59803d4c5697931ff34a99571e2de766379f742fca470a7d1b4fd,1060,214,1274
f6532cd63df81745b304b38ac117d5bc32bf93eed397a39370204f1c4f6727b3,1023,334,1357
d6d592a334121d13a10b8f95a8bd914d3c98b726b1801c7baf93971d3d1158ec,2177,316,2493
4d1a02b04e22ae7da0f263b0f96364a2634703f36ca5dc50881f26e42da85a2c,1129,258,1387
79cdf7b4c3ba5008bbccbbc9169740d1ffbc8916fe7a44c3149ef071daaaecce,1065,216,1281
301fce022febedd9b828997651836e326c9935be92eb0b0e2814df77b6135a29,1103,212,1315
3620ea4193fecdc2cf9db89e6a7e2e621f6908d0d83ee4db0c9a5ca1bd6eb854,1286,212,1498
8ce99565625561670c3f153099ed1be06d6da06cbbd5352a2011f093852b6d3f,2180,869,3049
5cfc0a98095956d546fe0ee656bee627085ead6ea0a28c48f52d8491140aa32f,1394,210,1604
10f74d0ec614c2391014ea1ea3490d7cbff71387f6cf6b380972abbb2ae55f92,1080,542,1622
bbad9b0135126792a9d82ab01c2db6efd25587da5b68f546acecb1ee071a5bc9,952,280,1232
3e4811d0681922e313a1f824b3bce298b07eaaf739ed9928090c282eac798e17,1015,457,1472
46d1cbb9c9194b48ed72a9d4284c761d9bde34b80c1f5189a0413133ad87b771,1410,856,2266
547fd8fc22d295b22abed448256ba4bf9ea2a1eca988963267c4a7b2c0554e11,1276,259,1535
c7fc7b9d5c417129e460126a025b55e28590848c1aa80f57230e9fe7d4a20c9b,2108,1262,3370
797ac0e2789c7692ee84c1b8cd0006349b9faf6caf0b134f2669eb8aa4fc9939,1505,370,1875
9ab43b9daa268e410422ad9b12260e133b78fe4ec1057487ca69747e7d55d6e6,944,211,1155
58725303121606486df74f96f80837ec119f313bdeed669df99516410b454e01,2195,566,2761
c4e9d8fe684882c9e73fd804fa4462919d0c48f97e98a6c8bc88034b72b43504,1459,528,1987
86dbb8ef1e799976f8b76ac0fae599248fd65f55deef103eec62641517deb996,1202,404,1606
a237710e9d98f7eb2e3f92b0fb4eab3d64f61833ea10420e1762780c3a0e9700,1492,288,1780
f94939c50c437b425a393a3a9c6bcd4a4b561d20f0fd8dde1dfdf84b86bde2d9,1243,213,1456
d3fedb40327c1c6fe0846b4ceaefa02adfe5b83b04d2ebfee7ab7eb557f510a0,1661,686,2347
ed8a445da9fa3e049b8513cfeeeb3f93ff2bfe7576ce04965f055bc8b6e2bcc4,1022,209,1231
c83c684fb37b98c59005ec4e0e75e8e6e418c30e7bbf7d6716bb72e7c8b261be,1392,386,1778
8a1dd5c46dd2b466472ef6117c535544a9242ae35ad234985010120e261bb660,1075,205,1280
7906d966a08e19d886006c1baf4708f59e3d1f163768d60dd149c3b421c1fecf,1124,205,1329
4f4002d943160f54e1b3ac45041ed21f7474db17d7d503fe31707e8cd04e712b,1462,335,1797
f8ed80ca95611b1ae0bb55808c6d1d2fa47e70eb5409771d75dc5fae72730704,1591,205,1796
7c159d3cd56d8f469e90418f12d19e871728b958ceabd0e10823a07929245821,2025,656,2681
07f5315e6800dd1d432aee24b942a8d6635a8a3afa09495fd1eddfdfb39eade1,1059,208,1267
dd10fc54e1c3946cd0fa35894cb3d7d4ea66daf28208c63ab05256a39760b7b6,1081,477,1558
5b977a0c593d6f49fd6684b781713672ce3796f5857637936a6d8b777bab3df7,1529,463,1992
f8b8cccd323db69e9e6676df68ae9291a836f8851c2ffa475eb2d57c970e3db5,1408,270,1678
2f9b95395acdd5880cd10e097ec5159fac6ab1a611280f819d2eb5f7e1e4181b,1236,380,1616
00bbab7ecf0cb9bedfe835df731de1df6088f851959592493ed081f03a7903ab,995,210,1205
07ea6c45536519d8ee8e8b1c985f93473947d0f587c52b2e049977db1038eb50,1570,294,1864
14421db4f5a64eb27ec130e4cb4436e51bb56514adeb5ea2803846b36e7ce590,1331,455,1786
5cc6d2923c8aab5fbb61d0ff164d160150db076b6b5f8ea431e68b8b6aecaa54,1366,522,1888
449f92076807c94f34fed414fecd893f7667ea5a694b259d5da58e47e23ee3fb,1955,1451,3406
0d654eff2df4269fa6270d46492aae03714c7ad2873a60b1b6f7ea00171ead7f,2207,505,2712
e9a965e36b083ea96ea005d618283c079d596d8dab135f69b8c30de2cf516015,1052,225,1277
267f73a66aea51cc73905ebc8873591492031fc23915fbe20a14e34c7ffa39d0,1444,208,1652
3f6650bfa3bbf6b93a657ca996436288dec8674278d4f716aad73e18414a659f,2188,733,2921
ffc803eaf009681f4f781c234ed6c27d5feb5eee9659557f5d48c66d515281c2,1059,678,1737
fec8bffa50e139a2d53929f03818dfdacc986b69f547a6cd3f5bf5e6527bf610,938,202,1140
8b7a1ce18c61cf3d8e9abf3221caf141fa343771319cee0580f5371c42984c27,1906,435,2341
dcc2b99ec5bc94391059edf479b4d378ed55eddc7ff62a8f253ef3da961082dd,1111,211,1322
9c4882cb0b847bc6af9d63059d6166ba2c01e0180e7e47017da81857057d3318,1124,205,1329
cbeb7fd2967799aaf676554445ad23f9638cb0fa0e827387255025dea9bee373,2224,816,3040
b819594266e9214da98ca6f807e8b1c384505dd3166fb78be9511918aeb64530,985,304,1289
e4b529773ace2e992575417efeecd5e8c6e3ebff26b2aaab881748ae60981ba0,1041,211,1252
019de0a49008c2f13b98003b8da0a714afeb3c0efaba8b603d6f66eab51c9efd,1296,212,1508
557440092e58eb11f6b0bf27a89cc6e8df96c834357d51e2e1c96739e0cb9483,1246,215,1461
bbef2c8db9fae5ec4af272a408567e4336dd7a07d4f927edb9bc5c94ecd52167,1231,888,2119
bf7f143fe09f5f27c9285186a758c9bf58d8273ca099f152a9db7df438d6e365,1003,360,1363
2467c4a41959d704645ac31c8fef9a71eff45fadd6e60d76ae72d92f0bb03e45,1442,291,1733
cefac7a63fd5834818aa0b7cf1c441619829799e5fc85571e1043b10b026c8dd,1464,205,1669
1439169e94df35c3b290a5633dd725279fb6db15bcd769ac0afc2b9939974584,1092,209,1301
36295d03a5cb029548e2e80d634f116104b5677b14497ca31dc17da11e6be25b,2201,671,2872
fa5a64077f980ce2a339563751cff18c400d88ae8f07870f272b3ad8c2e04ceb,1165,249,1414
fef901a6582f7c66eef095472960e8573adaf46e714846f08da9eb6f6924a06b,1155,309,1464
967a0fc4e4912a1042105544b65b7c5f1dd913f8d216544886f1fbf2f585a41d,1124,205,1329
a914503488b059f9b712a98f41529228d386b29c675e448bc6d47b37162aad6d,930,231,1161
b4c58f4958d06c6a04abc8b8df17d2b5de8581950d91b74243b3dfba46d8bb57,1056,221,1277
d94cb3a5de9b616967a0eb526cdc64428d4dcea87271df3d4ac34ce1bd20b02b,971,212,1183
28223a4378e3e430281f3e275866b4cd5bfece75395461c8f6d198aefd9be8de,975,296,1271
6479b19d36d8760f7eab23d510934092ecd75fa8966be5b9b9299a6ffb6267f4,1068,221,1289
bc02c4570b9db1f4371d7932bc5673ba89eec0496525f4d003a7142db2f9b173,2253,1364,3617
ab8b4a00ad593d7a013a5af7e149740205a6848d1b0fa318095b11d111d5f8b6,1113,249,1362
f96186457caa50f26ec9bdfef0d41fa9da5e00d26a32c215c88db165af457729,1348,653,2001
dda1050a987a04c0a5ecad6da3db589fa4a138c3322fc0d08d906c1ada6631cd,896,205,1101
93a0cc6d7a7a2c48a7c0165b9a13a8f18288b0c477085a389c0bd326a142164e,2246,437,2683
41a8225ea20a70b9a4cd0d9351f4d2741eb9a4d5f38acc3543ceeb960213b569,2265,916,3181
13b4cc8f25186cfb9b1e8b68d95301c723459c3b608a21cbdc65194e1ae44b84,1400,211,1611
ce27c964886a807f4a85e53c4fe2ad10a0cf25b25a0ff1d2033487e011244605,1691,1039,2730
58fd967ebfdf7f27dfeb94a744e3572bea8bc40bd1e9848b78ada148acd43a24,945,305,1250
3fc4c7f12310f2faa66b8a60da9acd6f7a176630d5cf21334b31a5379b87379c,1448,365,1813
4b7fe8b3a262c799999eea7965d57c9e02eadfcfa0a3c8229175118522bd2e99,1638,662,2300
933c70aaa5045b47b3750936b51c9d0e582f04e3feb9ccd30f60098190ec4f36,942,206,1148
22c76b7737e5b9555ede7553e02f225c4713ec66c7bb02fb1754e65cf7b4ef8c,1257,210,1467
1f54fed3bb595b7e85cefd8dd52418a18207acae9938ad3a7398a6b34481aa13,1319,223,1542
5a0ccbce7c80a3fe87b3319921b8f3e4b834facb0d5e719eeca5c4f6b8c135a5,1596,212,1808
5d16d7078d5af548f9e95abd265f025a593261f575d94d27b980a9cda0282551,1199,210,1409
3f7b648c06f7d9ac68989294fc874cf24b62f0f8a60519785f9794dcfe2fd470,1217,213,1430
9aa7f840fdc8e9c54d34ae6a54c26a905a3b22fc3be02bebbea2c28c88b3df34,948,204,1152
c1aa09ac6130bfbf2fddf893207ec04dcd406174859eaf30b4a9e42acd921618,1229,314,1543
9bf0de2c5400ff6983affa5d45c716be11d8a3476e46e04bd1fad57d9ee73717,983,288,1271
1230b6fae1c29cc6c0b68e399302166d31ce8ed8770ebbf105c7c85c5575d5ae,976,214,1190
11d453131d097ea24259269664007144a95c578f2c53667ec37b4a9fbc33f9b4,1124,441,1565
12d1dc2843a5cfa40ad964db1ad315345cf297552c00fc295769742c41b6bb51,1111,205,1316
74f1170d2a1026a30ee3235bf3e3afbf9e9f3d6a6741cc3142171d681f07abba,1445,255,1700
6cdef4b901cecc4429ef70b68d01ea2e78f2ff9969ead3f45cc68b6455a5456b,1370,919,2289
91db099d8f172088e9a0fb0814d65effc848b163236c61549908d16e968039ec,1818,1008,2826
282090f069d50d4ed4c1e8d3baf219787aecb20b4333ede803d3d21cae07bbc2,999,378,1377
9652fab8523da3cf17e67f695266b8319d09fb7481c191c3a2566887697be595,1381,295,1676
27008d681104ad5ef1314df7e4ad6d8a67f66a4e63e1f797bf84e2c4f296270d,1273,206,1479
7c0afeedcd63ffe170110ca0c2b17bd01e3ac1d1c84633a3494000b331cd9de6,985,206,1191
00db8133cc8c97887fbce1345742a9272046e3fcc8de06a1853a91d1181e04bd,2270,893,3163
6fa4c518dfa02ca1ccaa52cb52940f2ec33fee2280ce49ec28a05748556d8cef,1529,451,1980
55d119602d6889d03668b4c24259eff01a30caef93aee9258ff5e1a92e7be587,2153,433,2586
dc86237562045326092eb319d39a5ddc41c81c8cd1d111d5a3b4a1471aab221c,1243,540,1783
8a90c7f5a83d4abb650c71dbe9e9de11b5ed4af30509997f23f30bec00d0bafa,1052,214,1266
3c8ad3f86f9e57dea7c8fa0bf42632d89c97bbdc1d21b111438106c619472df6,1124,205,1329
5ff8f39d8250ad005dcbf17947442591392451e16566a9c1486c1c09d28add94,1610,224,1834
6fecbc1f411016fd28e2311036ba9b1b344db92c4c1397a22bdc86bf882a82fc,1039,213,1252
7327784e828cf3c94e92a619a92742e5419a32d9ab1d639b47851702e5397706,2361,285,2646
5192e7587c3cfa9f9525fdef43da735dc2c0e0ba678bfdb041eab0e50503f1ea,1175,294,1469
0ac30e18632921d37baee2cb06da6e034de92f2f50ef350e576efe5d03a82053,1468,390,1858
84a14a047bbf7e95934e0ba0b52b51f9fbd031531a305630811ff72500a31665,1201,528,1729
49791b34323c6de11362ce31efc0efde345aaf77fde971b34a6b0fa1affd496a,1031,212,1243
70614e3d1d82b813ace42154344666e08a876f4eefa8b5e8b7acd0b1a3ce7590,1616,421,2037
390cf411279e5bc6736a5849c96bf4acdaf2ebf32424b847b2aa9e1fa34e43e0,1962,29,1991
aadaffc3eae3cbae692259e0abdcef10481046b0c1285906d0ddb0a97be14610,1266,28,1294
8ae515414377c2e57ef3ee2683d07294560e28626474511d1b7df869444a43e1,2211,35,2246
c07be5b7aae467aef1b8603ae6eef9ab43a3f1788aa32bd5119b971c76f6db47,1384,247,1631
612cd2c6e9201607be59292877da396d7be6e37963851d00a29be9c5e89c1109,2124,1117,3241
ba1a9474dc84d824c6400d34bd5ad2a64f8080ad97781b136ddfa6ac22bfca20,964,219,1183
50117d043adca5fedf4a85f781095b47bafa5f504e4d027b5547541adc442b9b,1075,470,1545
0551685721e0b05b23e40cdb0328547dfcf52550b7c2418b0efd6fa23a24ac1d,1385,329,1714
29723a154dddb9b1f231bd52ad45ced7eea6ff3b37ac4e9f75443e9e205a0fd5,1091,210,1301
772cd802ac636c2536a24256985b009c22b1916cea019c7c5017ef118b0fe434,1319,208,1527
1d91ac6a3c2dd656a09ea114422ae02a6b32463f81de395afccf83f324844384,1181,205,1386
c00d792a1f52f67898e39aae1759ba7dcd3ac3e454ffb580031d68733274eadd,1638,678,2316
996259bd5634d9253b6e3a8aa7e797373307485f2b6b5c83f604cc2f643a0676,1740,776,2516
60612375d4dbb1e894b6f02d02ad7a341d32b58e838b4be09730e91c539dbaf7,1520,213,1733
01b91948bf8bd3e23c8e5c4f9a4b5eff49f08672701dc246ce93e69409580f34,903,207,1110
a2a8c81f963b9d5707a7857e384aa3887eff0b1e7e239c0d4fafe80ba3f8f7b0,1190,787,1977
fa9d351e1fa35d4d902b9e59478dd2225e1c98cdf5e64ed5e66da66339f517d7,2308,312,2620
61632f74ab135a04d0f522af1500dab4bc8403327ecf86137314d068ae094b3d,1062,201,1263
3a8957c2849930c2510876218542769ae6f6eb7c5b1602161f1ebd28b9bcd9fa,1499,211,1710
16e0d165d9adaab47c54a513c0f73ddf8e891b5aa7855d63348aa813d318b805,1252,212,1464
e5db332c5ffa4187ca3e93d0ff0cce9b90240f972a20fa09345c6f101def8850,1652,313,1965
8b34aceb56a96d95edbe372ab5cd981e6930719c7924dc18bce06864fa6d8873,2142,329,2471
65b1cc4df9480ed9b08f84acf68f2a0e22b9d4532554eb33b9be0aafb65fc029,1259,386,1645
afdd89807a22fed72a3c6eb3e69b191977d017511699edd1f16cec43e6360301,1124,205,1329
8bee6ac3be1b0f27ddcb3b4a6e7bb0f9a67a02d3f87ce1247c276eef37608c0d,2101,661,2762
fabd0b04b868f51dd8b22803d55583e5c0e47924643db3b72e965f48b8d9b8a6,2258,1141,3399
3da13f68382e486396cb4feda7c11b3adbf54e2432dbe1abc1cd1d2835aa2d3f,1434,453,1887
2ceb019bab44792855a6250119fe6360748a80d98fed25a8c5b0370f99a62555,980,344,1324
285904a2bac474845274e91e40b8578bdb3026bd66183b407faf2a27ee1dfaea,1414,211,1625
353879445b9f0e5510d11aced9616d1c18a21e3e6bab85e93640f3319d11add7,1022,205,1227
cba72899d05b4555b139a5fbdca3dd052a9d8f40685afdaf7e6facf0870f9afe,1086,206,1292
aac48fb38c43df9f2fb87b163d4c4ffa63edcdf21f9a0b6927d485691b45b04e,1242,303,1545
48ca640d79a324126620ab7ebafc8b4c66f948be803c8724021340fa8fb04117,1523,209,1732
efafe2143d0463fe2225eb106acba59d7a40e0a1f2bfdc6deec8c687728864dc,1000,202,1202
713b9455f61655ff3eecf5296436d7e31bd256bc71d1c1166b57714408545ca5,1015,214,1229
b288c08c48ff1bcb994555defb784ca2add9ffe0ceea684b89b32d68742b44d8,1265,213,1478
b0674a5c7dab574f231cbac245aeb7c72717c8848a4f0970317bb3b31bf03cb4,1240,205,1445
a0ab6f89a18c388c59c23d584db04a36a8c7478207410753724e0c17d66651f7,1077,206,1283
dfad31b796ead52a7b916a98b6c79fbf4b7b67ca47a2fd155a1bc21c73baa7f6,1573,364,1937
536056f1e781e7401b2cda7b9c50696451bc1a71ae405a09e8c50aecfd886d06,1535,373,1908
5d06a8bd3f33892841d45be5faae1e0e4c33ee0896d78d4175a4387ff5e18fe3,1244,218,1462
45e9bf5df89a19a93af5f1b35866a2fcd74c89ab66dac68d392911c0377a9e6d,1136,291,1427
b6302a1fabb6e5ae07e0192718be85b303f98ece922c48bc5e0a95bb9702c7f0,961,208,1169
7571b4813a5d1d8426cad3ef8743d05de03fafceb14465de4052dc71d094f61d,1419,212,1631
169927cce3b0628c422e28c122831939ea59af7058aa46232b85afd4a205a90a,1530,449,1979
0a58431df14b491a2dc975539ee64eb666c740fc725eb420287a288d3afda09a,1076,291,1367
15d6a6e1cfc7081c7363727937d14923dd69c74c5e560cec176952f6084f620f,1192,201,1393
4699f4692e6a477c09eee58a10435fb0f62847b21e4fda3de7c791e76e26ebd0,1143,385,1528
efdef1a4f8ec290b81cd33ffe2042f1d92e9b1884121a6370207bf0e3e20fda0,1108,254,1362
6da86a642ce54db343b0c51943b18f66c00eb476271bc5571c354d342e5cb366,2372,656,3028
ca2cec550d9eb6d6f3cde20de3cb5d6636558671aee841ee3aedef1453fe1bd6,1162,282,1444
1b84e9227940ab7270b3c4024df22e196915788bee387faf2ca065603974bc7c,1025,219,1244
001b5afb127dd72837992b39afe03128badab4d447f8946304ff4863ddc3f809,1122,213,1335
d143266f28753ff0df15ec9e25929193ee250bc77cf32b1d06fc20e6e302722f,1796,322,2118
c216655fe87aff7fc2adef2e4eaf8e686c5be70da05968a3c55305ca25a0b549,1089,205,1294
0913974f165e41ea14e2ab46028a8a940435b51372268edc787d9c7bc9b56584,1264,215,1479
d2fd5b0b085b912e74b196e83a7c73052cf64628e2df4966ab3e615bd781902b,1280,682,1962
5fcb3bd97be78683b02ba9fec2ec7ed74adc692b4d6715e091d9d8d2ad58ef73,952,213,1165
fd45f573beaf29c2e2e49b417d29b94d91a0a58c985293bb076ffb2c5d6e57f5,1102,209,1311
7aab3ecd5c0b1db413bfd58805be9b4d356664310fad8abfda41b0ed9dcd0fc6,1170,206,1376
131f64232b10893a0278b154942dd4e6f63b1cea040123dac9ffd58659788b33,908,200,1108
1d52b8fed1849cce5ad63cd380f1d82e55316afc6b05bfe406e4cf576f65249b,2206,321,2527
4151a8011f9797be2e8a1abdc1d809166756637196123e44a8e47ef49ddfb97a,1213,208,1421
ee0a8abeae38f1c11efafb0c33e55c3e1514250fc76bbc49ee4da81310760c5e,1124,205,1329
d4dd45530394fa214c6ac5dee761aa2250c6db8c7b48da7f8f4d9c1fe279f6c0,949,206,1155
139f536c583a957e8ba9081734d4a3edb25fdf9c388a2b2fcef042a4ecd900cd,1479,623,2102
85f257d0115dc04b21fa3f94458e81c30af61ea8944c94687fddcca6be9e061d,973,203,1176
14dee83e13d4e561a519baf0bf3b240b685d0d8c7063733f9e554794952c0bda,996,245,1241
96174ee318a878f5bd1958f00761bdc7894dff25c0b1acf52c3d0e46557f986a,1213,207,1420
cd73d0bd64ffd7f60c9265b10c0fad53ba7c2f47b8a9a9508b76924fd85e0a91,1061,215,1276
dcae5a1a5c0855d3f26573bafbf8a8d6fc59037921d7ca4a166efc7ea19a8af3,1718,456,2174
b25af0432230f71d71fa71f3bd54ccd0fcc8206034f73f7a56e94e47813c8066,1275,341,1616
15b4a31f1ca5a22b647c22fb6a7c09ee3a0ed5350b95f8f08ff3b8bf644ec338,2053,1920,3973
999701ebbcab8df0a7f254b2f677df456aa4350b8decf76fddd505621f122071,1906,322,2228
8cebf6ef2d3e9a8049a2b6f30cef6656b65dee0604d770dd4252c5e5ab184679,1179,316,1495
b934aef7259094b7644d4923290387fe8863b0ae10505c2e904e42bb4349e112,1468,209,1677
557ef5b1fa9ba8ea2ddf9e454dcb4e7fbccab7c340f109617cc6a6ab4b9f3d1b,2224,546,2770
ab62cf690c47f02de3158a344a08957952c54a45ad0a4e99d2349fdf68f6d2af,1025,299,1324
09662f0ad26e2861cb7b3437de8f2eb098be684ff929b13f681075573216c5c9,1570,205,1775
63ea64438480c2e668bb6043ee2f19463e209d859e39fe3acfd8fc89e9784d98,1018,277,1295
b06f594093b19284297791565c150bc567fd1043ab20d496271b0f93a1dd0a72,2369,662,3031
810a1a7466e5daccb0169a5113b11b6a1a581616c2226dbe34de008ad6f70a89,1555,1188,2743
398417e2743593a47224c164e927f27b699632e204536aac099902f7b19da531,1356,204,1560
ac7f99d1067d488469129f3f46a700d6802874c35695abad09f2cf4414e5d37a,1180,218,1398
80b5f65a86c5501012d055d95238dab084c8c6319ae855b571cf57a9dc544109,2173,722,2895
e70e4cf3a0bc35f107d4eeea970b7c17c241fac8405488ce2c325ef509e2e76b,1774,432,2206
1113bf4e3b4abbe4a843f0e3587d072b10c392e46fd24074edbd6da4a92ed5b7,1715,309,2024
82834e3b7de4de732c7e367893d8b56395ffbd1225b33b8960de3186c3ae2591,961,215,1176
5021c7f98e66ba92c46aad4865c6c9beb4f61ca2949f00668e5ef9a1e31e5941,2371,2076,4447
26af61209ca5b66f1e7bdc50e53b7652a7fa017e9b087a63ae5078b11c2eb790,1015,213,1228
f08a17ddf1fe5400d77e5b6ca1cd885ff5f00666c4ed79eb2744ae7f523c566c,2077,428,2505
1763c0d069b3abd1df66cd4c1c5b9df211ed66a91e7e26dbdd3ba69f82f1b072,1774,321,2095
12fbe6eee136c0d828e181473974398c609c0a336fef87c984b6d71026d50d11,1968,771,2739
8ef4163b6d0747f0273eccbc02ab59e8fabc5165b0d88337562c5ef80fb17bd5,1890,314,2204
b27c62154e23684c9a906159bc0b1e6c6850f9e74144ddfa087a7c764cfaf740,1053,210,1263
46cb65d1ad02e57fd3af39264d14982a52fcb2fd54bda885dfede76d1d23d901,2187,1481,3668
c5c59fb350fa51e41822fa020148a097f3f32a7fe317243289b4aac4c2ffcf32,1775,427,2202
11a0ab70137b98f7b3ce096283ec12ddf593417ec07e8f27d4473383316a2e35,908,217,1125
dd29a6a4984606ce4982532d74fd5311d72bfc900a1a56ec380b1be4b2da9316,2135,450,2585
83039cd5c459c0e490c312898face86d5fde9679a783da3c1e708c06471fa28a,1150,313,1463
7f776eed08edc98565844cb805e2ba0925a85329c3559ed3b063acf7c3591daa,908,204,1112
4737705ac63c54de2d472c546103b108fcabff2ce3e54b571cbe4f7dd65d9be7,1270,201,1471
f9bf4b0f2629269d2affd015893d7ac4a25028cbaa32a85b070eb171866da358,1358,446,1804
011bb2c5efa8c9c34fe0d3c21e68152c8ab7e2ca719b8f930a71fd9e670e5020,1439,300,1739
ee84bdc7d9ea5c107181d1d7d17ae8e4906c35c224ef85a1eda519c51985a45d,2255,625,2880
5fad924819fad11e44ebd76548267bb439d9cc1acc4e5fb4fb59209a6547bbfa,2102,468,2570
47bf14cb26f5497084969a2ebeaeed67f150c3208945f052c546e4b0570dc4be,985,204,1189
2c2fdfef63d3f61dd8f24dfe9b83fcebac7b5361867934b9f28028474198a4de,1403,204,1607
3e8ccf424fa963068d5c0edd3c36647466dc73cf35ddb993f399264be5641ea0,1408,821,2229
ce95449e43f15eb9fce15cd01437374f68d211097e83c2a4340d43cf51fd3411,1124,211,1335
2fa548364878adee0777aadb646f45bbfdb672b7ccec14f7e64ef05b2fdbfb25,1213,205,1418
f436f8b4a52e7deb681b0d040301b74b38532b6fd9727b9fba802b6a776908f2,1173,279,1452
fbb815753aa6a8b73c487281cc27c99cf2db8c4fa93d2a77f177fd14b315bfba,1804,310,2114
212280d34d2cf73792ab62a3732e59e21d27f2c9e0670f7dd410e6d66a069953,1033,217,1250
8f79aff80eb7915b3841acb362962c26a78a268a83e92b4f275d911b8325d5cf,1015,216,1231
c0cf883df7cf665ae1d759e7615e233f4d4e22aa69fe6349b837a2d56c50eef5,1064,218,1282
685b5bac329850dea0b5171ce3c40eb8e4db743dc049077b183205971360966c,1926,784,2710
f403323c7be1d99244bb9bae49794ea6d2c80c47ecdb9081f1d8fc76269e547c,1336,250,1586
0a44f0c98d748b420b60aafd18cd31931d92a63bf835aaa23e78f0f1d2bbe8b0,1993,321,2314
4db88668920424e77d4ba53873d8e6b3a54ab5bd9344e3ec3a39b5e900709bc5,1042,215,1257
14d355b2140fb6d5f253140d192d15346bf97189af86257b9908d1a44ff26a99,1890,543,2433
79df48eb76446a5a2f42cf89728e7a57f5e51fe070009211f2e3ffa9374d6fad,1292,282,1574
f359cc4c08984ad11f6c659c86d2f37fd22073a497a151c638038510a6e9a4d7,2424,658,3082
4e96c5e95b33e1828c6eb7f2f6e40beaf2770f41c79c8be2c43e0dd18d19129e,1485,462,1947
e3018f1702ac4294f262411bb0fb34ea8579ad6fec6c2a5a5b38e80e597b1fee,2414,313,2727
407611f1f9348b14f9d0025bbdc77e8ef714b74c80236e53dffdf8893a4f2321,1045,211,1256
c1215ab4fb0a6f01bf3fd2224da56da73874a0715b33b34b840d7f754b52a4fa,1560,215,1775
c5b0eb6bf00feade1c0134c3d8aababd4b5c2c7a92be4896ddfc7cc418a0bdc1,1086,297,1383
d2f4f91b91a9ce7367cf53b575e763112feb5573caf12fb325d361b8e0cd4d33,1181,210,1391
b7b7fb7eb31e1e11edb4239fd40c65fc8acaa0e470057e42821692f15ea0fc45,1143,292,1435
122dff9c8ad7650ef43398004887351bdb630484f8e388da280f43e4b3720ccd,938,224,1162
cea7c75ec2adef6d4c8793bd7ab589348578d3f216ab9a31ab00722fcf810ad2,949,218,1167
cd787ace8e4c445ce6c51fa661a924d51d6366ebf08e9e7602f4e419966657e2,1155,287,1442
1f60f44cf4ef2ef4205df66289226722b2111a42724575f0252515536753d793,2395,877,3272
8e0f51950e16f134cd3b67ddfe2738d523476895eb7fa19b7adfd2480859d2e8,1207,314,1521
e93e138171ef49ffa8aa5dcd3096dfa5b91115a132eb7d9a45bc231bf8e1ed95,1024,215,1239
e3398bf52e079d19ae31e19529c6894b946f9fa5d0973c302fdb4bb2ac695323,2107,310,2417
89336ead409061cb9f347c3177f06be3639a0948e7f739167b4fcceefca5926e,963,211,1174
ce0fd633e53d9795a836e713ccdfa70d6bb8c3dfd8a6ff4af0e53d1ec7b02f89,1245,611,1856
586f7ebb5d06ccf94411f38553ac1394a2342a4356c50431323017734ee71002,1372,1002,2374
c0fe2bd0e5f33a139ea132e4f23ce5ab59d9b379a0af06133bad796dec6d9d78,1033,208,1241
b4190babe4bcd72c49a9d64967cfa0e40a21358192b34e248ba442b9222939f0,1170,210,1380
e9f25848d9397953588be8435a75f3b6aa7d9dbc895353a4f0f4b67a8fcfabff,1287,217,1504
06fe50051055b90fd979e6a80a40c8484952c368e105aff4c6685d7df3d18f5f,1251,280,1531
b8ae45d25ec5d86631c503c66de0730e207501cbe6501659c7d684c7ecee4555,2249,1521,3770
500ba2a07e6ee2dd3c950791cc033953a1a137816e360051ea925347d37c49d8,1091,211,1302
44db3435fe81a8f723bde8779e7e64d0e74c277d7d69fd55176b58f4e6d57983,2753,310,3063
4d5ddcc6a957ad81f85f105f7b36f149c54f2c7adabda05ed5e7e12504875108,981,213,1194
5d92b844d6314b2526a3c94bd6ffc717a84be924578e32d9a3a7844f027eb74a,2280,1022,3302
52b9a1cc1a181de473f3b894a714b7adad834894d98d153d230aa5deaf24b80e,1136,292,1428
485eaf8ebe917feaa1b59934dee47aba9f5924b06983e404c5529d6510e96525,2329,327,2656
eef289b130cd9bf32f4e7e22c6d9876e854f965651acee01d43ae8e1ee11a428,2297,528,2825
e158eee36e91a03762f299cab2349b4100cd065ec0c5c1aba308b541992a3214,2525,312,2837
ab10c8fcf44447bf111615da2e8f932b64db9298d37e2dfd68eb7e895e360df3,1023,381,1404
0051e757cd704d515290b7858fa6a7ec58535d8c85ed372144fafb1369af8b01,1124,205,1329
421eb04a4ada7db97db2f404f6e0575ecadd9e77f22cc66abdfa37e8f4e5a0ed,1808,536,2344
61c20bafec41b7c3134314161574a14f9a8757f9efb612ce84d0f8e36e6e4cba,1479,221,1700
be9464f450ee4e841b0f752e5c62dd9a7016f93edd4c9c97af965178c8acec1b,1384,321,1705
1101fc248e6b63a381c76ed1968de7f2e478cbebfae1137267ce652bce01dd6e,1164,603,1767
64ba6faf7139b5779193fda1175a414c75ac8a099873be6744d173d52fa76654,1216,207,1423
5a138bb9fa43acf99527be1b01e8ecea3b91d2ca18f075ca281fa718e7c395a0,1434,284,1718
917b641f75e1c4766ac2d87423725d3ccba157754809b11bb850a403fd9c4ea0,951,205,1156
f7d48ca93cff2b66fd9e9378a33e4fca45ce612773b902c23ae24e2abf6deda0,1320,202,1522
14f422a80b3d14de0797b02b104727c44b86f19186e9ec04185ed15d733a6823,1029,215,1244
50e21921255ee85597f8a3bd00ba68b8a842f9dddab2741b4bfe0a69fc81373e,1320,206,1526
bcd826077f7363f3e2f55660840f43aa0aef12fc80f03f4f7c94acb88ad10874,2072,324,2396
54f9159b41f42b7fb704fe5c6e5ccc31b5013979f338fc6cd9ac37576ddca392,2379,896,3275
86b09aff8b1cbace6121eec66c8b7a6f12bb145c97c20044604cd43ee0acc61f,2273,1119,3392
30c49e6f5da7a6f968261f45412d247c27767805c81094f8ac6f685ffcdf7425,911,211,1122
c56b3f4d4c4bf585a0fa0341cec7d1fc788db4b9b75d6754ec7cdf1f4f1181c5,1211,288,1499
d6be6bcdd8a503b34461b9f728f7921d20696252e529acf79b33fb2b941f1b14,1091,287,1378
3905501333f7f5fc947d4e0e272323d6d0fa5db08e3fb9cae21a7f061a3640bc,1062,291,1353
c6fafa7aa6fcfa6719e091fb33e27cccdb3463e29f0f42d90747f99e4493dd2a,1209,216,1425
c2a0e188af60d5902756bb64159a2867ec2ac824785fef69ac5f75a37cb5e969,1113,282,1395
1679b26f384734f55ea21d4f268f44c752c864390444569f1c391127b3424951,925,211,1136
1881b1e25b60e79f1292e1a69564eb6b77810dfa96cca27948a30c7df560765a,1143,447,1590
707748a21e9374e7c3bf520cfd2a60b7c2ef5252df93773580c3ca4f118f53cd,1578,215,1793
d6dd40ca6bc73df35ee099f7da1d16788d602d425f0e8ac83551657257db7b19,1043,206,1249
27b025bf0ae29308ee507565632776f115db93d844682567e3b9724e23810395,1001,223,1224
e9720f25ad065e828195f9c60b70d28325178cad13bcb6760e0b92f74f8e5911,1251,323,1574
7df5ee03bc20ad053450419f669618877a13f10627e663f3a155f70327c8d96d,1124,205,1329
cf5d9876d0f8a44723b0bac9972de7e20a5a9590d3f6e7dedcc555b2ce3b76aa,1131,340,1471
1883b97a5624d8f85be6258438b3521b7e987aacd42408b6c2b65fa6e1548b88,1064,212,1276
1d0b943eaf16090766421766a41c2dd0a6ff0ccc701d5c6572bc4cb25b209222,1483,297,1780
3d97e54442e638325538ce83cfec8ee03b4be795387375e60af82ebfb5137f74,1310,209,1519
4e517ad8dc330877f8f6a94efda98bec35789ee97f669036fcf71bf2a11581cf,1267,204,1471
5d394fb106a6f981312d5b637924f5e03af8feeaede325ea6ceaf481ea02b7f5,1015,214,1229
b9d82fa878cecfcbed558b106e67a42047f54ddaba6e39e05fddf6bbce79c60d,2117,421,2538
55d78829759cb7f49722302f4876573a08acba8434f99b6e012f1f7e8b00d60c,1001,220,1221
58d645969fb1d32d117dc22febd2910764dc36f9f1b856e31438ecdc3256cd8f,1268,531,1799
0edc5bc41b31c0c1c1a9fcbc0d938eb48cd84f6d44082b72888bd9f460a6bb23,984,310,1294
83d770adac29c9df9d1f9f55921a6413a15f8f21364f5798ac1317e1560df5b9,1019,301,1320
d67b8f78350d3aa16d2252e887b01bf79a92b34200cdec880510009b38ca4b78,997,451,1448
8a60ea116720d20da5ae4b1d3043c33959581c47892eeb344aab84d9d5eacd85,1142,210,1352
a3664ac0de48ca03e1b006bea778ca5ad26a3ca8e29f7f702f30a1383dd18a53,1571,206,1777
3d1fef0fe3dec8617a3d56b499debb4f6df8792f7621ae88ab6ef77a6a30b647,1188,297,1485
443e61f176e83add290e9e33fdd1315ba693dc648742e071d3b67c35a03a6b1d,1221,207,1428
ec7782afa6eb5fa2f7863861a9dba0d554e4b09d22076b79cd22bfcfba845035,1256,293,1549
a9640032b14fbb8fbd37e20e701903018475dd94c0aef97ab8e15df032dca75d,923,211,1134
b7c815ecc73ac49ff9b0943339dd7c950cb130987accb200b6877231aeb4f593,1630,318,1948
479ecc2dc7d5c43f92d510fc499890a03072b7c4f38dc087f6a1a4e2fa3d83e6,1267,446,1713
9cd2205c6d18d58def7ea4cc641f7f8681c594bd5205f3e495d61b541c5149b6,1324,354,1678
7e752af0b93cdc8f1cc29ef6487b4f7a2ba35098793ce13c89bf19da7dc22364,1215,214,1429
b612fa33bf8be51104f5765bcc7ce64343a15c8749257a6aef408cfbb7373e3b,997,374,1371
d648e8330b12fc288bb1c575d1e578c4110ab059b705d1030f376122e806470b,1330,215,1545
72f3f25f40f3ee298e7601b3dc97e76cae33d3c03aeec90b6b6c13bc1e350b67,1297,200,1497
d446f5fb167aead0cd6683768401b48104de1aacd00e13d3a5cd7d74e14b0f01,1229,211,1440
112254f7599069087c933fed49b73c4d499e1f3c1486fc1613ae83c18072e1b4,1392,956,2348
74f0324707117b5d3fc2c338495f5bca642eecc8f5af7a034fdfed1f998b48bc,1117,293,1410
88dd1600581e212c4f656ac03d9befd83a33a32802891d1ddbc1eec853990c5b,922,218,1140
9e108351aeedca278271e06e5bd5d7b44f3fcb01a2b9fe3b3283fb40cdce9d0e,1152,206,1358
e628a6d5b72a4d01f0c02b28183087ea7223516f838c4df53801aee02595d2ac,889,209,1098
561955185c5055439373bdad9f1300cadacec2a0ec205d4c27f78566f03cc0f0,1752,433,2185
2a9173dc0fe552049d12a742673fcb8adf928769d043c47504310aa4e0e73749,956,229,1185
163c018c6b442157f307341e60d4625a7d1d7d7446b5a8096f9ca9b19f403b78,1124,205,1329
3f200dda37807a81b8acea8ee7d77a163cf4ecf0e48d9d8f81cd05a2d4cf208f,1002,228,1230
dda583d7188685beb4edba5953c24b94f88646ed6de9bcb07190bec09b106d03,1104,293,1397
e041ccf1fbb9e7d539837d568e43ba7bd749398a1dc8729ee5cea001b711a2fa,1566,231,1797
e0261b727a737803be69a6e5b1940275771e20e10b020a2e01ccc9e564398859,1211,293,1504
d8b5d052ccb7aed93186947026dc82f39670f2caacf5756cd115ec47e60804a0,1007,204,1211
000ac4486f3b0837d820a46e85afafef6642200bb088a6d1dad8e6d276337fd6,992,367,1359
0b297df43b84437c56c80fd82084b805b0c04b664c026fa051be66c3b5f262d3,1783,313,2096
a905568872fa1857d99628021e56291366d3e29c9c554cdc9acc7dfd0739f773,1095,222,1317
850748b5dd8e8fa63819d693f2fe09711e86c6c3c7b4122408b9c41c9a39a08c,1251,318,1569
ac2a5e015c7601c184af1bcc93e0cac7fb31a881528dd011d2d15e472c27fbbc,2241,699,2940
94a92a5bfeada827561ee6bfa1209930195797e61693479601c5bbfd1edbd08a,1013,249,1262
d6cc71fd7027e1a0791bf92d3b1dba7b8bd51824bd2dd8a5f5199ceb472632ff,1608,449,2057
7fc873b230565e68ea9ada78a20a35868565766b2c9898adddb14fd66403996e,1920,331,2251
945b52feb80109cb61d22551309c3c7079e849bee42ec19bcbc6246956dc69e0,2354,116,2470
7284132843ceb3ef354d55257fa57cd00b4279a247d87e19ae8bc726c1418297,2254,1152,3406
ad4b434d44b42e7456f47f9665c4e5612cda6437f113ff108fc67e09f4b23354,2424,321,2745
1b706514d9841aaad0f51b8158dd92d8ba40a635434d8a0990cb8b3bc69512e1,974,302,1276
291c668966a865bac5f008822d825f2ca40d9bac2df739184b65beada4ae013d,1092,137,1229
380eb7e9e9bbb3740f2c59c2f6c604e78062c07a11cad2708f5bbdafd0bc54fe,1078,296,1374
76888f4792adb516df8c3492fee84336afc353c417d982e3caa3436440952c23,1250,204,1454
ca86fa9a9467e6c4642f43ea45964468afff27dc197c5fdb411ff071f765f0ea,1123,211,1334
95eff1a7f7f49bc7573b57dffc17a8089934190a01acf59cb288109199091f39,1054,142,1196
98931faee5ce41b600dd817bb8a37eb660618c97d8cdebd7e470f51e06866803,1069,454,1523
7a9a9255e772f725fec1c7de3b5c09224d7aa18872d1ea35304e697573f4ad8b,953,216,1169
6acfa92de43cf0c41d96c55722f7a660988efeb420323adad95f480ac9760328,1166,215,1381
92a99e4716b19292fa51f4682eed06602d9ec54ceb41d5bc5fb10878357bc116,1914,730,2644
b1fd6e6bc1ea7ec3ea905ba702a168b7b30e77dafb8eead36d33c2658d6c3d86,961,364,1325
cbc15829120edbe8ffa59fa0792d538b47c48c200504321e45700cb184a5cf18,1332,361,1693
f02085f6ad64d0cf01197ce52ed3d24ce68a3bb91e572f59b04721c8072e6e64,2375,311,2686
874d481719a9110006fdbd9ea2f0ea1a26589b0943d43945fc579c64f0312419,1043,369,1412
10ae36e9ed49bcc382a17fc686be0227a5c8eac8bae78a3df78f421e79adbad0,1552,450,2002
719dd23c363817dd8757cbc57f8817665a358c04b4d1f849a2aaa767a1ad92e7,1069,138,1207
0baa4b1413aa916c9a19a0d01be2f24eb90f5868001cb840e96105d77586b4f2,1260,214,1474
cc36f3f3b6210b239f4e812d9d79c04bf7bf7b12387d1ea201d66eda4a043faa,1161,604,1765
3cc91cb650d2382b9e02c2e4cb98324379195757b254108a163634eb11be0b33,1363,215,1578
54ce0a40db287385ffa14fff014e76eb1615d93eeb057d5fcddd33cefef34946,1300,540,1840
78c14effff75ba0aae3f219c1dc2bdac40500ab741206dd089a9b7d4e4dc7f5d,1322,213,1535
f3b2b244bbab7b29d6541a3c4e0deb39a694d7ea1fd899996a348fa98e201c86,994,209,1203
256a59c3a19e97f17a1e41fba65e1abbd198bc956da11793cd204c96e4d90d9b,1110,294,1404
e1c8c3c359c220ed9c236a7e77664ad91f8da100ef6bf7daf99504bbda6bae7b,1930,889,2819
79f173f9f741c4405d59cfd8449978a202a313ee13ef618b994d08747bf27339,1449,219,1668
591ca050be7b2dc17cf777ad7880df44b7b0c1120d9fbed8b22d686c2c377343,1187,392,1579
7679beb70f2ecd1ee94e90d8f591830a1c082db8dde6b5665cfb469ab557ac4d,1779,539,2318
1d5caa054964ea233a58a29c8abfff07468f79503bd0663768846a0543b4172a,1317,213,1530
43935d45c6bba7273936d1b145003c2fdf2697aa7a2f537f90be16d92022f937,1016,214,1230
6ebc76437119987a435808e59b2374c6652fe96bb70769e702746451922c9006,1302,215,1517
0c697583bda13d496d0729dd826125b8741386cb921740ca992b8ea2ab1c2aae,986,280,1266
e27a8670d0853937278cebcf2f65329401d3afa95cff0438a73e43d6e0b4fb50,1039,202,1241
6f8781bb2efaf0aa9c04c4a3e009102dd794973173b4ce102a9fe8b38266d0f8,1040,638,1678
99ae5fba81843983426b82e9780a51fbd00dbcede6d3bff3a86b877482f77156,2245,533,2778
886ea20d511a85eceb302d20d0f87ef4d94155e9f569caa9edb6668916058d40,934,203,1137
af33efbfa80dd75b659fd9b52021e1aa141f2e0ad8a57274243ef042a4ebc5fc,1359,217,1576
80e9c3f6170e3504ccc7f2be53b27fb8fa40f1bc7cd9a54b0b9ba2a139383873,1224,206,1430
4e872e5bbf005a306df22fa2fd95087348f2cbeb3e82c76db56bb3db0f12903f,1063,384,1447
70bd6f925a5bc4c613d1a596ed07cd485ef0490eeaa210e8e45487a5bc6144fe,2226,699,2925
61ea2b63d748f215464f407bb68a6e9199dc9844cd2387c00fe077ebf611d548,1779,549,2328
a265f3a6090112c22ce0d9a0e6d25c0e015031c7358327c2041d66ba5585f7ae,999,213,1212
088e37e74cbdb1ae356569765bdbb07e4d3c38e8fe955cc6ac47533b94008ac2,1163,447,1610
bdf19272182bf6b3da6fbb71544c33fd26f1c2afc7350fce38f2e7cf16be6e71,1318,293,1611
26742d81dfa9b06810c312c1ec5d0ff95209d27029ff939803f32931a369c969,1377,131,1508
d48a52c580561913c9cdce26ad3e91166109bc1876972293e90b965f6c2aa213,1775,510,2285
71d90f68afddef53362b3fb412c3178a19dfa7891238202e35bc2c7d28da832a,1018,249,1267
4ce11aa495e2f1128e0846b4e8f3a91db16d0aa962d368346f2fefa4821d2e87,1230,363,1593
5d7b914d5612c4609c0d5092577182198e2060247e09bd81a5a58ebb055e56db,1260,430,1690
7c5e1972c33958299f983decc45c022d603226ad48e828921b6e1b19c05802ac,1837,320,2157
08a2695ba56fc7cfc8a446d22659a451d17ef0905fbb09accefa6e11d7b1e9c5,1119,208,1327
628097b960d2195911c8ce998c27017a22084c255614f45fff3f76e8e4edd89b,1385,224,1609
4eab50f83705a3e4e136cba77a491bac2baea0eedf0820b157693e689732011e,1274,212,1486
9116f6ac7d658d6031a06b42076f090c3282da9f225d0b5ea77a0258c787e3f3,1394,205,1599
7f89c9234cd15faf8783b05e952ee61f7cd45d5a454cfc4b8ac58b16049818ba,1204,547,1751
880823718f6065adf199cabc9f49bca1b750989cde1ae496fab1a954d5fee90a,1391,293,1684
569679c525b08b12669c3786c25816b1c93becbe66fe95ff70b63eb252b7ecae,1047,213,1260
f97befd94c5e4747099326b861612f5ab225027bf0eb33faf6d2bc73e01bf46c,1133,220,1353
d8fb65285121d8edcda677162aea39f7bbb4c2747e91d5d56b3ca8d4540e323d,1097,217,1314
6925c33601b248d424135a6a0339369c36188f32faf3fc4c662968f595f8f45d,1124,208,1332
cf3afc2ee16f55f41ca669c54781665e1dbcf259bbfc4979d6151015b8bb5c49,1475,210,1685
f57c9d6008d19a414141280237fe3f17854d52d2fc6b4caaeb1846076a009434,1508,210,1718
0faf23f546ca0d2e8065b3d10d9b28796a591f1ceb45c1a434f5470c15e559c3,885,212,1097
0e3663f16ecfd0cb4ea8e8be6b3fa4335cfa32bac1bde09e8bfce733f6bc723a,1256,209,1465
0586d9895066299c122548926b4ebb61f0346d03b3fab0011dcefd06351eedc1,1265,130,1395
c3f8092c4d65000607cf9f0a0117d19b8dfc2698779f9996aedeae25b3ec9be3,1124,253,1377
cfedfa1d8dcf25ca4c5626be595b453a57d2b2c8db18a1d32f058a66b637b204,1148,522,1670
f720ae1c6ac321aa5fea6df01f12f83cc38338115ad96c786d0818b1f2eaf122,1286,369,1655
063ca1db292051a1726d6d36b672e0cda86d63007189f5f94f0ceaf3b00f59b5,2178,892,3070
a54a791a2a116bce2029302c6f4c9a1436ff18516e32b54b39476c47d955299f,936,216,1152
25254c6725a00652f4dd8060bd9b172aa0cab0f1b7009d437d08352de560e1ca,2076,1953,4029
44dc66c52a69517f06a94c5fb60ea657376a4c5b88e0d5d1b25c6a3d92ebcfdb,920,611,1531
f2d7091492a3de86b983a1f8634cb96c4c9276def6d8f4ab6fa6f1fddcc379af,1130,630,1760
9efa456016ed13e0ee720571841e6b26b51fd61d1e022bea8a5e95cd6a0ed350,1011,219,1230
175ed51ec631a61ff5be1c7c393970c28c005e333f64ed215f4e4eb6877fb31d,1149,206,1355
f1068147e425138d7f8cb4c4c66f50f0d1d34361cf804b79903a1801857e0811,1730,932,2662
e47bb556130ae181bbf89758f3fc9224e1b75766e1292ca948d72d924a15f798,2351,546,2897
1fdad6a74c2ad5c9fa2b5f0e32ce06a02d21ad8660f8f32775bdd10c5719a8ff,1469,449,1918
a5943614b9072e6fc3de8033dbecf217e4f775ce84e942d7d2d9be23f9faab91,1293,215,1508
b7e42d088208b3af9ca69d83e85804a2f28674a8ae8349e7e4fc48270e92ea93,1626,643,2269
045eca7ca317f94136bce6cb7443f23636b6e3eb19e6ca7371153e8d5301a463,1124,208,1332
829f3d58980e595385fdce8287df425166ba192a00a3a995136adf4b4711af20,2205,917,3122
41daf28ea84f27449ad89375b5d0468febac2cbeaafb70e2ec4c9ac95f07f4e4,1076,204,1280
34db7953fced210a4162d5bb022d0f41bb21ed6624646774c5ce98485ea39ac7,1049,303,1352
0c8dc51d7af82b9ce76e13aeda763c1c092ec8480fad98739624d6e08bdcd9ab,1204,210,1414
991404254e309e756b373fc26c7787e40cff1bc949c9c4122da34e4750a267f1,2238,552,2790
cf92be03e47380ecd2196a53865112cc8735eba097773b88c2ebc867ef414a12,1014,208,1222
a052597478567c357b8a4e28fcbdac8e94a62b2ca6c29b966c77c7a74f85ed89,1094,249,1343
1d143406b1226d26895d17a3e701454231120dbcb6520dd1d8284b60982229d0,1562,763,2325
57c7274e0a63327c98f7e4ac6d568940ffcc82222ab520e7e5ccfc303d06ead7,1362,210,1572
fdf2d4bf1428477a4a6ef537a24a458f5d7205afd45248e2ed15e0537c16689f,1039,217,1256
82ff90175e3a1ee7c2a1f024c8f8881f54529445cb07ba35006c182a64911ec1,966,210,1176
d5bd4e4571f47e416589eb5ac457392fac34f192268f3921aa16974be1631216,1313,211,1524
b49faa309f908136c66ffdad9e7efb61cb8bc9fd950c0326b1509eafcf84156b,1743,313,2056
50ecb0751a072452f9a3a51e0cf7526fbf746a8536c0a439d51a770e30cc77c5,968,441,1409
36333e8993b84b3bae3b2cf9318d190b13c26236aad949f6bfe4311b40356732,1108,207,1315
15e89408c69f823c3743dfb9d593ff177f4184c93fba94c05661a4181e873a28,1234,213,1447
6c2ff3537fb27109aeec41fc958994e8a356683716fd4385dd86406c806cef22,1903,320,2223
a9430b97ccaaa06a1b15d130d0b540022f1a55493295f3dfe33a31e178b87069,1306,221,1527
b3df7c7a233073c771638c8260979831ba8a4d50be66bef12d39958299b456e2,964,418,1382
0c9d7fe2e3275544d79b1f301f50be7f82a2b2af8a80be60a3a723aa17af28b4,1120,217,1337
8a7906a9fa4ca573787e8085a4c0cd7188950b4ff2ce2ea92ada5b9d96f90d9e,1058,205,1263
4c7e8c0cabef2dd5db93a34bf7627cc123b5e18f60b45ebbf172d77b1e3d43f7,1452,216,1668
98ae6d3c176eea8ce544c6bf6fcaadb3c5acc86a2f17fa74390eb5512fa1f5e3,927,611,1538
99f6f9ad85719791e47380a0c0de0f68a1731b570c1ade129f07ce5ff93f2d8f,1198,294,1492
0911b9adacca2bbc006d52a2ce6840d8eb1cfad19e6a37963fff34f3b6277e26,1023,204,1227
999d8dd741e433ff5a8d20b715f00255bfa8cd61f6485bc4ca9f5ae89710f742,965,611,1576
f3acaf4800a9222e3306794c9116eaf92875834a3cc8cfdc4058ebed16aba397,1319,259,1578
160cfbf6b24f3219dcd029366c89e643bd9dfd25c297a51bb898d435cb1a8925,1359,203,1562
f12f3466dd94a0786e4b88600ae71b72e1176453498e6245fe0b63e78c3479f7,975,211,1186
64a2014255a511e920bfc7f9926b9812b70f651461d424cfaba022764bddf648,1139,213,1352
4d85236a0e2cfddeda204c2e5f2b615f1d7c139618e064894a6827e9cdbb227a,1476,615,2091
ea62767915549dc9c189955919b1d4400fd3b65e96c50536adccde1ea0ccc9e6,2265,753,3018
b65fac9509ea42c408d12bb5d9a2fcc733967fb377c031a00db78d73e4a8c198,1134,210,1344
ee750e1421951de888e0ddc758f6ba070268ae9897eab0483eb14797cf4a832f,1069,458,1527
645139b19ec0e130b8c5a47945d406f3c4fc4868840225b5f233617f223b86bc,1197,4,1201
1fe807d64aadf123f593bbf0f7420a80e2553056246b964ccb3bcc5518c70283,1493,299,1792
1a5610dcf49e3f7cb9ac3c085ff0be5c610ba57d75fab61f97d9050a25450723,1124,205,1329
0e7e2e6b3fdd9156e3fdea1d095fa0465fc0f55872e90b9d31e2b00f8749bfca,1065,285,1350
2ddb992ff19d16f5902baaabdad1b07393deb412036e519a33a801e3589ba0fe,1138,271,1409
121c44fa7f4807e939dd7cba8da94db55d99ddc69f3bd67502bf6264a7b4a81f,1384,214,1598
725809e43f28ab45f0032a65a5220bab736d0cac4475e7bf68652146d9da6d4b,1501,210,1711
ad6d0dc53ec8386c3fb6d5e98e59b001c3ed69da2b91d8b4b0bd3df14517a634,1019,205,1224
91bfad72741f358ecf9a8d720582a133ac2de75f839f703e465cd9b322cdd0e9,1061,211,1272
f08fdc4d9fc5efd7aa292c4ce1e0c5c5b13b33d81602e126a29699d3f48e80d8,1152,211,1363
f2fa68f6ee77ac328b1f7f0175cbfc64c17a80f47ea6cad777d302a89edc24c1,1353,207,1560
7a7267fb7b17e10f29f429b96b36ca55815a20a404b92daa8f54a99898a406cb,1287,331,1618
9551cba13739e671621b07e2138fcb06360756085b164171a16d8b6657fe5d26,1482,450,1932
0baf6e58167511e6a51ba71f4f9676997bcb997c69281c790910d4ca5621e441,2056,1011,3067
6c916c31554e07c806f9383b2e9be7bb7537d77d6dd82b496bd5501744df426b,1727,766,2493
6831c2f7ca990eed061cd291c21ba09bfb823bd65065d23685b116c2e4f4852f,1604,216,1820
7d72e99c8217210a1d032cdcf851d596402560c1405b5ae8375d141163f4a224,1123,286,1409
c2952f83a7e9658316ff6dd2fb90cf69f22a281d47986cf4574349f8918c1436,1771,668,2439
e2687188a7c9ad45c7e1f6e5e15918d94e62e716ea7d31eb77cf7e87db38148c,1211,218,1429
1e2496df260c9c1c393284e3f271410ee768f95427c40ee68b6fcb7d0d989b8c,1680,464,2144
bcc269841f22f1dc64ed30cf014bc544d4ca31afb40b40bfa3ab5dade9af9878,1420,214,1634
bcbef842e0993bd1a1f101d2f631f47eb5a3d2b562fccd0beb012b04b296fce2,919,208,1127
e10a93a59f70a119a0f0ebc591e36b70ac4a670057b2e470c7decf827475aad7,912,213,1125
215c774fa6949a31f63d3184f3f8e924d7d4b6616b1376be88eadf4e5641af6b,1401,445,1846
369cc1c1863e593428f1bc851c65b0a99a3f7ea7c3f4210f171e2bfcf608a27d,1152,292,1444
814efe5fa76316ca7e5ca22412b2dc31b41e468218de91aa2aec3707a034070a,2212,443,2655
8c7c40f6a1d692d50181f015a5f304664fec8bbc8285a2a9548fee9294e88e7d,972,212,1184
60a1f38424cd3b995b3e8efe2fc54679345a616fc813da7ab24f4f783a398b97,1429,217,1646
ca16c498a36ed397f431a2e4d540ae7e376e99f0080eff91913569f50dbc31ec,961,213,1174
2e6e5704eaff90195968c904e1b529bcbcf3035c5103327128ae9b55f05d32a0,1529,323,1852
4b6b4add93e6f38e16d97f705c3e902896d5dfdd6f8a2bfc790b84347e9250f8,2029,450,2479
506cdda62070c000aa5f280a6caeb7d99b95c1b6a892ddd8cd02b6cffb35c934,1811,425,2236
ada525ce97e5d83784d0ff4a42538e19325e8d4d9f19c91ebc1a5f2f903e1332,1397,287,1684
22b34277ef1a414cd22ba8893960375a7f3fab0f485cf5256b2c92f735a0d0fe,1114,211,1325
8ec3ad473322fdbc92fa022513a76a705efa53c02145b0d990846afad84ec797,1406,451,1857
cd77ae23e2a4bba4b32254d822ad9cffee7fca48ae9ee61fd55afd3385d6e33f,1079,641,1720
d5dd22f1487004f99f5873201f92e37dae545973e0a628608c4b927ea0ec006b,1118,637,1755
a56558cb9d5b5b7bcc4c025980160b00b82ad2cec8cfee8ad53dc3088679244c,1470,205,1675
4b1664915ebf2b97693a1dc87b6c82422508386cb5db406a7cd2afd4753d5ee3,1297,205,1502
d179c934b2282a737a716532b3714fde9c8f073b3b33ecaff8789d409fac2427,1338,205,1543
7104996b0a8204095b665147f08e9a157f78967917f919e008750b6468790176,988,209,1197
37a944ac9bfc3f9dcbf201a4ae9b174be6cb2d7be427aec7e452f8f7d06035de,952,202,1154
ca4f79ef592e27d7c852af6906d3bde20ae65c903d8cc63bcc4d8c303552ad2c,946,209,1155
2a5d5c861c4fea6de4a1221bdccd6c54375ce90413b07f9732d4e5a296e849cf,1124,311,1435
ce169653582f9af6bbff8c850569b0866d2eb7073760520314f0cc1a66cae5cc,954,204,1158
a7a43b819a67433d1e6f54c89e4dfff7c717addeafe12460f7eaf72d35b0e1d1,1432,450,1882
2de0755c10e1bc48ae21c468f26b2c088047e9ed7bc3d6d1dfc01e26abd6a91e,1667,319,1986
40c8cca751976d9cde429bc5477c84afda6088d870cfb56f4d55558ab8e14651,1314,215,1529
c22efec06ed743135dd5c8be0ff3c011279280e9d668605ed305bcbd3cd3d3ef,1057,209,1266
33dc6be5b40d9258ebde173593bb92c2833a1c3b3fbd0373dbaffba57af3ed76,1247,213,1460
33dad4afe3e316c6333d34ee6e6c28dc726d27b952969800fc37c00f3b0417cd,1564,216,1780
8835369558a5df71112226db9aa321dc415f671fc716dd6f4677b84c2dfe3753,1011,214,1225
09f3bef7e653948f298f8de0e83eaf8cd08ca1e7e19a711a18a3f09b9481fd88,1116,206,1322
fdd42d5d8a0e5013e07efcf9880e55d9ed83f188e153fb9953ecdd7c5083300e,1127,214,1341
91bbba78364a5a493d088342b842b3c0610defe9dde2d6473c27c7bbde0aeac5,1354,223,1577
9413d0ffa5e21c9915836a37a79225a215aa6effa68bcd3d15211f32b7ec1bbe,1324,259,1583
a38ff654da6f0945f9186dff1df90d21576efea633331eeb1886e1190293a153,1047,208,1255
95f6dd586f08e3d5789c595f08430361f6690148bd45195591bb9763715bed76,1279,688,1967
3782875a01d5da9e537110e15d985d8f472e43bcdeb51df88a3ff3477cca61e9,2121,343,2464
60237cde641347e43441b4c647aa83aed0ccb20c3ba0e3f80017300d888021f5,1186,216,1402
dd58f1e704577e2558cee08b1af1f6c917059bd8160a894b027914c2dae4e5df,903,208,1111
45a10e9055e290ce5c6dbaf72bed851e65b8d62349c1fae5ec9b4aee5238742a,1988,1817,3805
adff0c0eb0a95965b68c8cc4615ff70ce7e2b86a4678d96b4467202a8593bcfb,2271,334,2605
10db3de9170925eddbf9d108125b1fa2e82bbc9191f521bf6d88ab7ed19a79ae,1421,292,1713
1ed96df1a07863ec24d68387f24c7e8728322ef02c7774102ab97fc9893712b1,1364,213,1577
6518935daa8acb57417f1d73b38a70c942be4e7c13f6b6037f83f42530fede9c,1256,218,1474
eb77ce8dc9a7d8a887fccd4682ff0ce93970d44ca3fcaa83924ee7a0855da4cc,1737,336,2073
d3d14c17b88c7a034d96d5f614564fd8bb515931751a6b0f95b3a049ae3ea191,1809,315,2124
1248e46b5af1eac621251e9fa4ed8bdf3e9d5920d23cdcdae113e7eb4e1e45e9,1122,210,1332
d314fde87723eb0e3d39b30a7f24f5791b0a62fe14df10b124091a86ab2bab2e,1075,215,1290
09b9815cc2299380e5837fbc099fd70e8aa79672f29c481e8a576efe0eff6e89,1955,324,2279
8526172e7328591b59ed8f5339f2d49ed2df523c7d0750049070a5c5f8a054cb,2141,444,2585
f8c22b4d6f1ace04440707a7e5dce8f16c1125cc87419ca0e49ca185b93c3165,2258,1489,3747
e1635f37dd0fe6f7ea9d927c624e79f18657edb4085eea5df480f1707efaf9b8,1436,376,1812
eeb74a0c095e7e79f0426fffd64bdb0bb3505573fe0fb259cfd90330b53f9098,1048,212,1260
dd6a8149754b3195a2eb90be6a592bfdc614ef3c8dde4ebbff2f61f64aed28bf,1176,207,1383
79872345a27085befb6c5ee7d5d821c3ad33dc284aae229a18c11d9fb873a046,1582,207,1789
bae50c9dd32aee8960a912e617a8a772cd36a5491221ea193b3cce7a343cf349,1124,205,1329
ae8679f719d621cbebf7f1a11beb52621ef071d53210aeb7c4be244a6ed00848,1672,436,2108
0c5ffd606b303fbe8eaf05a0d64f9804366cdb73fa51707ffe272af0035099b8,961,292,1253
0e1bda6b3b37a90e1a0a22bdab51e84abecd95039fed36eb9909577b523de158,951,325,1276
bbdb4a004972636a3c90c13b7e5cde35270b304f34438314e03a18d251f5b064,1859,317,2176
41ccf99c2d233b800bcbb2f203bc1b4894080ce054c86847324c2542eb7ba984,1161,916,2077
c7a9b33d42739803c6ec4c03f91bc70fd46f37428fc61e33d9df5151fbcdf080,1184,209,1393
e0e20352c5a8ee630339171f964caeec3c40703e5f5e2e3ef2d5fb96d09c026b,1180,772,1952
7a9891b4d1e96d74096dfcd3b8bfef8682564d938456ec1c5fee1bcb8c8abef8,1554,449,2003
19eb2591d7f49236fee16392e0ba1a8cde2cba0eb0dd43bff3181b8fc9bcffc3,1799,318,2117
31c0e46524e51b9b73ca7c26594f82a71d40ca4a539fdad4fc7c6bd41f409cff,1049,224,1273
9bfc722868d8607d538f26f63c6707c5a81857722a14876192435dba6bdaec1f,1094,591,1685
ca913a4cd1c9105e8fe412c46548a8a83c8a35cf5d97828a4f4606f17447e001,1706,563,2269
76da369393b785833c7b2423d6957d170635747e0c3df4fa38e9c2e34aa724d5,1124,294,1418
221c0e81414051ef952dbf9e7d0f55a4ae3d0734356a3f84ff4a42b1f94c681d,1414,859,2273
22a04f5b39978f4c6ba8f5cd0cce00ed14dbbb1043453faf9573926abf39ed26,1066,213,1279
30a6bd723d3510b401fa0e7470411a62108b551d0d0f5112fefafe1d73dd82a4,1330,214,1544
a6c296707fdbb5055ea6e0d9464a69bdce2b948d82289e4988d8a703c8465ea5,930,210,1140
b8366d5eedffca2fc23843e28fece048f77034a6931ea480e3fa649caa2495dd,1446,210,1656
eec147320f05183b4f5c4702a98730ff3eb88a7c65d951c69e1b0436763d160b,1222,289,1511
1002f026640063df22bc20131faae0e56270ee2fa0609cea7cf83d3cbd93390c,1252,215,1467
4b92c1ca0fcec38ba2e8e861833c57ba1d97c5cd6dd2894a848dca28955f5dca,1422,623,2045
bca3e12d04330fb48e9ed83acc5583c616f5bde169e9d7643e033dd521b1d825,962,211,1173
a9c6390b42eb4f17d778a5a6db8baacb3e0c3f8ba714d2dc9c121a9a56901f11,1097,214,1311
91fee266f28eb97c50a40fc22e18cf9b6442e4c38095f1fb4daa282610779d71,1096,523,1619
e076f9c2923296eeb969a6133c757a9316b67e8981f9feb6dcb7c274e40aac5b,1214,211,1425
43130f65d2066b47057023bd6e7632f5d5519e0c409d55b9ef25683e7b81afa2,2048,486,2534
80e795da86e92e96fb133205ed2a0607cb18a39e202dc1a6ec7dc714fcebea79,1173,380,1553
b340bbbfb0ca1ca08d75d76594b5caa0f67467a0f9cdb79603e7d54db71bdd4a,1711,320,2031
1f91f421739be9e171b0c5e8839d86b7f6730b049432b2d882a41189cc7d6c3b,2373,486,2859
5e9611c44f68dd0919a350e5a1f82c7de4d43c39be9b96e9f2573e62c65ecb44,2036,324,2360
833c76988cad778ca877f21fadcbcfdaf9aea315020a7d1b7ef35b70a938bb5f,1081,387,1468
bc4b956e5654ebd97c1ceebd7c9f47500e4ba5c9d3c662f93ac903b0c376aaf8,979,208,1187
49796bebddd2a9d42957bd5f7655dc43731107a446090b6296331f899dc5bfe8,1360,354,1714
113d7408ad76802ef0bd0a2b94c0b9fe3c03fa3fc9af49cb886474c66a736c05,1522,310,1832
855de83e497fd4030b6d8803d53239c6616e4c77d71a24704aec12a31e735b77,2027,318,2345
d35203b5031643e3713ba9f8e6118b9aad0d31318f82095e4805ef7a3fd4dfaa,1095,324,1419
2c834b8b74b443e08f2f7fff4163d3aaa5a483499e300fc11e9b1def8c378b33,955,212,1167
463dd3d5413f9ecc3f54fb050b9adec69471bed7f6e95f8bedd3a37a8f0147aa,1298,555,1853
e6755c910baeab195b6bc348aad34c07a21e4b52e9505e964b381454c22f30e9,1094,215,1309
13839552df9fc33bb084d43e5239e40a71e0ff0481ad32304c80999be00cae3a,1029,212,1241
cc575cf034e5bb9abaafa5bae4017d3c00fa6df1ff2b84e214ef58a3192426d0,1149,694,1843
30d8ae4ac2d8c8c6daa952506da4490d86e096d48809d3afde8150d6fc3af7eb,2020,937,2957
c615913d9f1a72509f906c97f05637306b9f7d1ba0f1a4ff31516f14301ebfb1,1259,222,1481
e308980ece9d1fa6eef55cf33db3459cb6089f806b9cbeb5c950d29c3b76f5f6,922,209,1131
0ebf69f871fb401b50f041cadccda798be2c7893b16309b7bc2c381fedcd3d9b,980,218,1198
b85a7fe23bc4ff115bd97db33fd95388ea381acefd93218aa1835a489e654db7,1016,352,1368
474adeb4eaaea38a71eeac5ffe71904174f47f934729b5a0fe02393d69266186,1124,205,1329
3e0a0b077e58386f438b739f3cfdee428500ebff217e9da030408a06b13e8321,2423,659,3082
f9375b92ba71438b88aae30c28c252f113e31bc8f3005c4f5cb2016ea0e69f00,1047,224,1271
14e134d5288a866275fbd3a00d484671078ca75fa8c1438f02e593e6d74bf97c,1174,297,1471
d03b01c42acbf6ea2450f9caafcf71f1c3bb9c40e6fe66ad9b3d628eef51760f,1136,282,1418
fa5bae3ea54729a75d0074f968a5268c4c44f08134012cffa2465a9bdd5ede91,1485,466,1951
54e5a88ae14a03995cd6956be710341beb6fad7b81e7542dc96f0a6b4ca2c168,1252,205,1457
17e055111aadefea10dca20cb3a3dde9807148f0d2e4ebdc313c45ff91d5a1f6,925,286,1211
ead59d0ab190bf12b60eec11e657c8c3e9b6dfe61e9bbfd4cedfb14df7308ee3,1912,803,2715
3dce9d037ce4174c3bf7d91597443c71ded73d0a70a0d105e0e6e6bb9ba28b86,1387,285,1672
770977e22949de6e751f1f380c317b0f39a6747f41f3d0c38b0c7d7ab0238e5d,1447,203,1650
d76c07ca7563402672235b5425e96ef35571893417c48c591169712d44163d18,2281,1861,4142
d69bb5f6218d5d688e7e015cf1b11e7174dcde8b015c47d98dcbcf4fa0dfe148,1359,301,1660
bb0bc0142879f82df478f825bbbe2ceb2bcd21f549b7158eacea60cfcbe2cb00,1744,319,2063
37948aa01d76b9861d10c688058354dcdf5f22379e3247c5da6098f2e13dc46b,1441,209,1650
a351a8143ed545968c18cc6d43a3b6a9e04be9d5e585e3606fbd09acfe2a8afb,887,217,1104
150081999fb8c9870e3dd145ea4b1777d22647f0bcca90ac82a0279d5d9a4849,1103,383,1486
e5fb53df5b6e8b14c7910285005a37e01d1466b32789821fc9c7c53e4af52ac6,1112,209,1321
a0ac3d3b16e40bdeeab85f58afb59ce6010afa36ca624ce2a0b76121d0e32f7d,1383,213,1596
f89b4b732205f4f8921c4fea47123e15cb58fda9a1034c8ae883bc82bee2f0a4,1014,213,1227
c1967f1e2a656e5cb4dda1bb53c0117bbdcbe003fbde6e5a08b1aae9609e0237,1018,251,1269
3d66086920b5644759acaa4d9bdd3f69296022f1056b4af2b95cde89ce525721,1300,369,1669
05eaca806f97d242c78992b34da4da2a35e9b9c8946a4dd7835b029d2ce6ebfa,978,307,1285
8c4997cf8729ca59c9e3974a66ce1687bc03980f24241a277f809f9d84b9b7db,2343,431,2774
e955fd04fbfd045c46416786937cf99b40e350a3dab51485d9ae1943829ef113,1040,214,1254
7866fec8c0a9d58ecb6db4b99f0c7cd337bb9277a8cef2325f01095f751532b8,1306,321,1627
3c48a45fc039c7f45248422a3eb81c69fc64c77940a8b8a97aadf64f44394650,1159,251,1410
6507702959512ca43a4fe4c7e85d573f9b2e2edff4caa2c36736fce5b490c6e4,1361,339,1700
3da14438655ec18aee7ad8c20d0d234fde0b2b1669b5089928e6661ae21a5624,1521,293,1814
e032c01b7053bc21fe159896fd0177d5da6a77304075b29ebcc7887d9535d44d,1206,211,1417
ea2339520eb825af72703fb08d369ea2b500527aa1bd17d68c1b2340f4c7ad1f,1124,205,1329
6e4c57d0f908a87d32a276c42f441b23b12fb6d281300897fe0503e9e85adb20,2235,820,3055
a15b4118784e509241281ddef2eb6c46fcde7f0a15517f35b02ef007ca82cf5d,1063,300,1363
7b93282ba8870a587648666123a7d7a8117335a75f3e6f361e96cf2858227953,903,206,1109
070632181fcb3598d54b779fa0b8720675e014c8bc96d3858e637ee4fa475871,1159,291,1450
f859f69ecdd5b5c07c8d66f5d57f867fc6d0e15ec97bed30d27069918d6f3f89,1198,214,1412
4c86cc31bd13dea85b5862c03beb6e4b552743650c3975c5eb72564abb822fb5,1136,209,1345
762ba9fdb8c27334fdb8cac3fa22c76c44d57c711e076289e23e44d67d370693,948,210,1158
66ab1e63c0788cc78cf593a96da76faa4a2e0683232a9fd873eb89c43ef7e93f,1022,218,1240
a98860029b3df60ae64abbfbae8f0aa6524744d7a27cb3d275a87c6f9e36e19d,911,212,1123
f6ab51780b70a21e391f2a305d55f69942a132ba7de3f043943626857b845ff9,2022,332,2354
a7c192be9c4523b73ea439f738c32e5826116596b0795cf5968bf28659af9b87,1113,213,1326
483cd9ed2c725832ec53a3f19a91e43655d57d72f4340ac8adc179a8c11212a5,959,215,1174
be9f30d3e6779b70fd4997c2e474d75f64f583af66b7acfc1b164152071e0c94,1137,217,1354
4af9bc9aa5943d5be9a78af18235e7fd203a0f5ca35e936dc1f35b2837a23c4e,1081,204,1285
6a0cd900a671e62615957193a4d68d54b9e33cf236b703b6847f1be41c638772,2328,678,3006
010561dae82e33767ed5dff69f315ac3c4ac4e385af63bbd09a7a40dce55073d,1170,211,1381
aae7613fbc28d019083ce939d2834a8b2563cc3515f74127b85686f23a9e6f22,1042,208,1250
23f3d4db0213d6a3bf1191e30ad55a8dda0daa83ec6ffbc5afdab1f0b7de82d6,951,293,1244
afd4a9e3c0955fdd1a6697e6479f950504e3bd39a174b9771d2cb4afcc5de173,916,214,1130
dd33e4cecbff9a61567ffe36a2ee9ca8f872b07cf03fd9e398768332625e65e8,1057,218,1275
a926903aeab453b04acb77454fb1285b7abe876c44f385c4ee9f2abd716617b1,924,210,1134
247f76c01af060bbdcd02cd8c2d033d5f79e0c4ac5fd5ac9a857ede0254b976d,986,211,1197
3ac98c8e046d67df5499718283230a9d57f753f0384d02924f2421f92daad622,2414,1616,4030
dec1041b6afdc085e089d5e35c7aeb558e4c8ea344d306f64e5acd88bd303c50,1381,300,1681
8a8e41bdcf90f1718334ee279014c6c9b73bff49f62dbcb8474bbf9ed29dfe9b,1100,202,1302
6566c03325a5db0845c7bada732f99c0cc13418e5b0fdc1bcae19d973d5b52a6,1481,208,1689
c8023a56ecb212993098e440347770943083df9104ae45fa2854b9f3350d97b6,937,212,1149
cf18965ab33ec0a090a7190beb5838a86eddae4f7469cb15d43a8171cf608595,1129,582,1711
f9a3e4647c29ca0987d8ed41f7c60119e72e8f9c6938e1bed36ce9778ba10ea1,1582,245,1827
22b328f27cc309267656640d902a0a10868a0efd3ee8ccb6e82c08b7a2890ae8,2161,769,2930
8d3eb6bfe0dc242fe04742999aac91e0d7cf7bb44204651624251a566029b016,1487,263,1750
f0506ddb0ed7f9bb148eabb54709692c8993ea33922e359684e8c1633375d61e,971,204,1175
c5f528b3d2007ff78560552a7852be9bc98c53e3198ef5d8398ad1e0d673971c,1345,331,1676
1b629ca48a0a694307a4d01fc005b90d9e9299ed6e556d2944be0435414ad680,2240,928,3168
8ce5d2c42278a7230c285980f039f0ccf9cd0b9eb1ea2cf4af5e0ab544f8713a,1046,248,1294
022e3b1df5ccd91a7920f7610121d566a8e6197cea933241322549799fec2bf5,1231,209,1440
4b0d424f018ee9d808e300e50964df71dc30ce674a7ee6def86836d7316d7292,952,443,1395
860b381b999ea92fcd6c2913fb9265664c3f2869b36237a8c4cda064c34f6416,1105,297,1402
ad63db2b99bddf0f542229e75d8498bc7cf9521f7f6e764f46f66e5a8fd4e319,1124,205,1329
3e87e993a72907f798df1c0fcafc743138dc8e4ca03c18445ee5a1897972da06,1055,215,1270
7e18490b6a9ab04ec6c67b54a9b2b0f1490d9f465850ff36e74b0ad70f32cf4a,993,211,1204
883c2b02262a3ce23b5b06b87fcafae0f4ca85a8b889b7812dc11930c21acd64,2338,1039,3377
035e6843bbffee54aa664a02eaa3e3a0c374536f8f7d86b8c22de13f6d733538,1039,205,1244
62ffd151516cae72186070f2f8f9d2bff5f292f07fda0c5640baa03ee54aa02f,1353,356,1709
a02494c84b34e1e195d0d5a90bf389fd576932d92c00ecd90196d4f44e7155e5,940,183,1123
e8ef4ce625327cff2dc555ef1f4eefb00b249694767fbfdf5d6f9185bfd61cad,1257,148,1405
1399be2c491edf955844cbd4c77135d83ebec3f69a53179c3bd5479499c36912,1207,200,1407
2c92fdae89a2c523c46ae00465509eab6088a6b41bcf425a076579adf2d2a1a8,936,251,1187
397d61ef0487e4241a1248ee484f47a9d3624e338767db67242a525dde912653,1128,223,1351
2b0d0d5e2a961644348004d115bda5ce6ea53eee46472b8e2b507564bbe2554b,1324,362,1686
27228a9dbd40a6adb472517ea4ef57f3dc8f83124e694c040ab1374f0e553211,1301,235,1536
c9ff94fb3b2b1e949358a13b986502929f5bc8d535732128c93f7b353e73eeef,1403,209,1612
318d1630d685abd5e6c946df71e46b8b24444a6567bfd5d9036ff69e6ced2f98,1120,296,1416
2477b10c15c4866a95bf062b78d9f5adb1ea5bb21c120d187a86239839b514e2,1004,374,1378
0d9eb3227ca0d17656d491ff0196e969ab08cb069878e735307652ae90c76b2d,1058,261,1319
9fdab417f55e156126be1247767c550841a7800ab2ff1d717837cc38560d7389,918,201,1119
4edc9851340ae56894104222247268f2cc2e7f63351ac73fa615f38195681e81,1267,297,1564
c40ca3bec6168f72e01a18a0db65562bc0cb27a514447a143f15306ebaac3348,1015,203,1218
fd783eeb481d4c6ef8bf2e92bc8a526bf2cb167e6ab79bd931702adc2c3114be,1332,355,1687
0627cf748af5a905646c8590931f3f496f4f0fc0f0579ba8212f54173dbe5e0f,2330,1404,3734
85f7af9435c23bd9236c8993bb6cbfdd53a31799f5de04975b2aa363eadbd48e,1093,214,1307
cf2f046330120e3f3940e68e1dd0179b0b35db57434ea4de93c7a937730315dd,1408,692,2100
4f6c8517505e6835c512334131d8a8795fe03303f3ce9dc419e8ccb7e8ae08e3,1536,463,1999
c15aeab0325b9873f0c07ba247b93a51f0eb6f0f80170e5d78ae992d59b70ff2,1021,210,1231
69b64f9dbce3b9fb394202187be0848c757a0261e5cd31f075505896edb458c7,2286,332,2618
f68dfc7588b063712111f878c2dd9c1a824aaad62c2e7ce2c94529b5b6949d27,1123,213,1336
1d9c27fe9747dc0b1e23c8945d9950b06cdb582556b349c5c0163ba89e4050a2,1289,219,1508
fd3ac8be7ee8d7911579887f7b4222a2fd12228d3a71385e6946627e4b703aea,1054,216,1270
f15e27bd56be6c2e3e5a64433bf90e0e1ef4301a60c4b236217165c5301d1346,1321,286,1607
465c007fde13d80857e496721626414780b702629d2b6bdaae087282a821b5ab,1203,213,1416
ae14dcd3085a78f4c26435366467dfff7072b96892d178d44fde54165d9a7074,1251,217,1468
9d38370092cee82ebd8d5dc2d40973d191b2354c9b78c999c68c75bd1bb676c1,1155,222,1377
01bc7649a3267a7ea0f888b387a0b489f1c6f44888df422efdeaeef49f2ae180,1875,312,2187
17a8fcdc30442b3fb2e32fe5ef5024e221961d058ec081140fde2cf92a0a488c,2116,320,2436
7be08054459f71a8b403011fe6b8f14885df7dab26ad7354b2b0c3ce826d375d,2005,343,2348
dac79f1b7b7dbec942be9336957fe4cb322b9b9062beb65354b1bf2ba23ab3b5,2196,882,3078
50657103f960354a16406ffdd1a7538b9ce00d723a17049ff698819e4d69977b,2189,903,3092
42f21cbe00bdc315c1691a5ebd33ba641078e4e7a66bed71dde723545aa3d0bc,1166,209,1375
a391e60ba80b9781f04e8f7e186320732840c2c7b20c20ab073555fbfdb2d379,1278,204,1482
3acd997d67e657c30ba60300212884b516ab4f8ac47392930f01e95ac01f16a5,1496,292,1788
0e06dc4369de625aa1390c4012c286f701b163ca8ff4c7c7ca1e9e52f53830bd,1139,217,1356
68d66e6970f1bb52b6debd9cf664bfabb213e02d5b23c158b9a8ddc6e0dbf204,1124,206,1330
5aadb54c334b8611290728372600c7906dd7ca4e40e8bedb9a286f9f11a2fe69,1631,329,1960
031a54e23b376aef792aad93b2eb0f0555a9ec5ec72f732b3203fc7458bd30d1,2257,533,2790
9f0836c643f4acc98ea3adfb1f9cccbeac4ae20c40881148fec75950b9f6e258,942,218,1160
875eb523952efc3c13cdc22a51d6a765743c93e06065173bae040ca140ffd6e0,1285,296,1581
e91e685ac11d8dfd671faaa86525b0c8d9a430be5ed203cbb7867e9a9aa24c20,1013,426,1439
50a13cd822ff4f0f7f8b40bac42c599783843cedaab16951cb752441d4053a90,968,213,1181
557927dbe5a367d2dfdfab545c50043ffad8c5eff2a79f83c56c05050a1efca1,1756,781,2537
ebc4c95c28033c0cbb17a8deaea94292a0e2a30612d65d66f02a906fbad1b4dc,1310,292,1602
ec692d269dc34d066ea9aa59e092fb69104e18de0a7cbd36582799f86b8f2b92,1266,215,1481
b3fafd3e309ae76126250cd813d7f88eb1833b46c43ac46677304e4a0a2e7930,2301,321,2622
7f4648067a83e59fe07e194441d5b077b244b950ddb179dd2c615e56049723c6,2364,671,3035
7cc701d18e4639aceec19be65adbd74b64d2992252bdb041ce2b0279c3c4b37c,1095,210,1305
c3207c316b50e84ab05fb6fd4032250df72fa96da44566c12c0c9ae6b356ed28,1408,286,1694
43767c9a3cb1e77143e9cf4c3ede37f23f2fef60a1bbc9f3df349f75d0b0d00f,1297,701,1998
0da5192d0eeb063c723c2281b65d9957b9b274573330398fad90f3b8a129a0b2,1736,322,2058
a915d6897fdd86d7b752baea9f100802e38ac47c40fc3bfd9621c716a7552ba3,1120,216,1336
451fa2fdc6d6352c906326cc9a3e7e220eaf336fb8d201c48ec824f203299806,1515,931,2446
d98e7c8aa769af8b718a9e502a4d99e108565445f7fd5008f2f511b81cec7600,2357,544,2901
f457f175b87ba22a9973c160a297fb81d6d085b2ace8b5077fe816dcfa36d5eb,1103,297,1400
713f340b2ac18885ba280c8b6e30c212f8677c6c3ebf079aa73e238c0e9a48e6,1419,212,1631
ba566a809abd0d4771bb930da47442db06946c4e3e1a99592f020043c03d751d,1313,296,1609
b7b4969b44fd69a7a6d4e29f818967ad0e44937bca53ba14eb58028436fbbd68,1810,324,2134
5a139356c3e74e16278ff2118b52c123970e158555df15e7978c6e4052a49957,1031,219,1250
d70d3d414a5656c62a3b690103e785609a6803e97d09cab44abc607c2139bbbf,1549,506,2055
fde1490e51037feb39715841fe85f042f5d9f3095683e82efc1e308243ff019b,2302,710,3012
31f9aa4796ab6a0f4971b685462134fe55df10987177957aae334cacbbab10b5,1044,219,1263
36e78cb60ca27e05a01e12fe6222ebbceb73689cfa38adeecec8c62a3d7f05f3,1179,361,1540
f83d363b2c00d35441b7b9be61574d0df33746f752f5e6dfb8c2442fe02ad2a3,1034,685,1719
590d90c94146186c2261bc6fa53e1d1c8ca721656ef1cb3d0a4857f46146ff57,1077,203,1280
fb9abcdab4109dcbd86345b772332663231255a50d2f0bcc0ee9e4732b889d99,1108,362,1470
1a0a3abb08e182baddfeb604acaf277823e5b0722dfdbed88e5af2806a190fc1,1752,777,2529
69e58f0f690462ce83ce5a0ffd1b4b539d88a8b0af7dc3fb8f990c07247d27b1,1251,524,1775
3826873b1b2ec8e8ea950260b05c19ef3f915ec3fbdfca1151507f30a242049a,1464,515,1979
c9b2ee42636546cf0a746417adc7161ffbc8e3a7c8eec41ad7b49fefd497de61,1074,525,1599
5bdd560af62377ca4b6530fe0a766ee43e9bcf861889f71891516e5e08246112,1444,216,1660
9c77a542991fd830792c8a45b4ece163e4cc38d501e8a322b54d35bcac280f8c,2166,785,2951
47f180006617fc919fff44bfe627ae4fde06dabc2180b549f65d479f587fef16,2295,1520,3815
685251b0960a91fe21ff4662f895d14d423211b6e62dba7cd67529622261433b,958,284,1242
8cf4c0bf44c7361be1ba4d636b2efc5c817d1ca0449d9b8dd9a13364693b8f69,1592,463,2055
a886c23b8de8293a174ac2bacbb7ff190cb5fb99fdbccef1ffed439d7380ef0e,1701,629,2330
0d8a2a61b428ba4aec5d1dd47d76a580525981c22ef19932e9f2543a1ab6be09,2188,992,3180
d5459163760fd41b56885e3ef56731eed3548d594c1142fee9f528590f8706c2,2085,7,2092
849dd82e7b8d3158e440750ea1a062373e2e48825952333349d3050c74ec3332,1987,1481,3468
d74fe87725708816c51d796710e6d4067480c629dcd54454f5cb0348d8783e95,2519,1379,3898
2b4992421384af148955215af40c3967e7c77ad5752433bd21b4164dd1cdd3c1,2594,4068,6662
