id,prompt_tokens,completion_tokens,total_tokens
4863518fc3a737f3e78997ec10e15fbb73e4ab8e4af8659940b62550e11562a7,1306,207,1513
40bb40cd52a3e3ac4cdd63040e9daf0726366cb777527f3e67632a06493ff37d,986,217,1203
7a4229e70cff0eafd8d5c3baf00d28406e89f515a4a32c9ee2ff9ff4d790c98e,895,207,1102
d3f75db8468929eebf040389c53ef868eb0d73004fb3ccad06f951c904682cb1,1226,199,1425
3e5712430be7c38fc6a53f0d82087d576cdb4674b8df0d87026f87abd42c7a4b,1380,211,1591
9b989496e6d540450a2122d5d898cf3b2b843f9ef352073c233888c4d1fd060a,1113,205,1318
913201401cef7751609ad861c56b7ba883af8f58f4b095e69f726c4a1af9f889,1052,211,1263
bb9a0b95e571b3214e549ef1183af024d6ecef6abb5be8f4a3d2002c14f63cbc,1099,217,1316
92f8a8dec91cd25f291ace716bf7746ba899df45890cf472b512147e7acff3ef,1126,462,1588
a6e6bf0ba63d71423950929834fcfb4b10faeb7db3d699d7eb5abe19e8b798a7,926,208,1134
6e0a634c8d90fabe54ae140b9e5cb2d56ef11146f27610a2331bd8ce35f01df2,1658,322,1980
5b36382b1d6c75a6ef2c6b36650d5417f42031af14c54d183d9974916e61a6fb,1115,205,1320
fa65c3d9241e0750e3ddec0d8ab6cfad0aecaf3a229b39f63491004cf765cdcf,1328,201,1529
f71e081f61d1fdf4f6bb16dfa6302b01f87eb83584ac389c0ed1139e6f1ed7f6,1004,205,1209
4b3d4670ae00bc1eda75fcfcf7cf49ca3f79c7dbf9cd138762256d80b18cd424,1114,379,1493
4aba464b8e279743896c534ae65fcdbfd7bd1828950ce4729771617e13a4a7b5,1575,209,1784
6a25122ee5f65806b773d0ea761b954db93dd6b1af41f4300952d404a7e32e7f,1460,531,1991
d8b333580028d94409ca4a8aa1c47490744c53645134a768136c3afd3de97a56,1674,310,1984
c1ab7baaa2105dfc8c2c55b15c4c6dbb470cdbe8cc74890024114b3a7ee59b5b,1822,775,2597
6c7efee351189cc68f4fa0cc517baf4ac089ed6f5a1b9b6701adf0809246fad2,1005,210,1215
db8e3949068ef5bfae84da4ca1c8b56593a0dcdbd16b94653ead71805b231777,1040,291,1331
0931e48979da6b09f90cb84aa785bdee021e15ddf79cbb734dcb9e5627f4f9c0,1501,508,2009
bea80d4c5df1612e68cb39d590683fec7bf9cd0e164c514771a477b1070bf559,1424,778,2202
a1bb35fab81125bd64386212cb852dc127eb242a0ba0cf265f0d83e7ad64800b,2334,916,3250
2b2085df8697d11aebbc11269fa519ce6ec21d983039ae9e112c83723f875052,2258,561,2819
72cac42a61f07a36a64f17a8f82339976d89bc8ea6645d38af22e507aa776ed8,1463,202,1665
21aae7bc504832e924a701774b33ea9ec8d7243cec56cb748c4d4fe2ba641b96,2002,1075,3077
934bb0cdaaeebc36608a2ee5116ca71c92184c5d94cb3b55d419060fee65a7db,1469,210,1679
632b2d458b0a27217ed3e48cb5b88552970690a3ac38c668cd36f75399ee23c9,1175,890,2065
776dbce4bec2b8a48d587c7791a3daa608333f6f56eabd0ddb9c00f18b70c137,2245,673,2918
98a3112b2769d22f58073448ab7ecf75af93d6ef33988267e7ca6418334f2950,1688,487,2175
068459b1f226185199994459ff1fa449b077431cb0f2e8f846101117f4b074b1,1093,214,1307
262982f0973b6c6fc9231ddcd178523ec28a622d0d2cfae54337ad2e431fd93f,984,210,1194
04597160654c2efdc59b8fee94f12c52591b42fd32c09f60eec81b5cb307012f,1115,205,1320
87138969c97101c913ca5f58a2daa5239c3c41dc429cb94a03db66bb3a98b95e,1043,255,1298
3ccf41b0e967619d3f89bb09d2cf01d76b050cb1c16b823dc636c57d756d0f47,1275,215,1490
b8bb9c44ce65ce3b8b6546b897db1f6f607cd76b0cd5628c7171099280d478bf,1382,303,1685
cc621db2676a58a79f4093f73c83fc7ef9200c99ebc138c7db625317e89e7b27,1693,663,2356
7f518cca1f66bbf26fcf692feaa0714f3e68282985563cc09dfcf0fbc1b65ff8,1107,212,1319
c976dd478ae9ae4a8d3a6a5cffd72413a5bc8c2f780d5cc2617c8bb5868d0698,1199,449,1648
ad769c21df44a148743f4a89634773f65f0a6b3b962351cee5fe582da0d705fc,2267,714,2981
a539e4983e25f1c2d4e0c57c6514fe458b5615181b30f5aa6837ae58830e4cd6,2071,1015,3086
0a8d04e32054692bf5d2d8998361944e4a921554958fdb96841f7ef86f7865df,1290,217,1507
2240be7f19cf91090558c27fce9b9b597965bb14aeb9813cb099bff93904dc37,2048,1030,3078
6c6a72c5fecf12376264aa3a13d07de297ba65307518afc4441f55f00885048e,2033,963,2996
35279a31600b3c9e81c9e1b2b80e18a651881023ccd5b9d746d9e84b06ba26ca,2093,425,2518
85a0401645ed1d51900d7ae36394102df4a443b91e541be5e5b78d91187a8e47,1320,746,2066
7541e35aa662e4826adda4422052d5122fa57195f86bff15604ea08f901fb0b3,1491,278,1769
658c881145f4d80749103c38abf7e70006a649399f0707ce331569468f7d1d9b,2204,1083,3287
4f1dd98e321e5a50e56b213a005d3e243fda9efc8e05b83fb8d969ca22925dfa,1337,213,1550
b85b1398620c73d61acfb3458a5c8dc287b6dccbf3c15303b7df26fa08541cb1,1376,304,1680
06fd4fd80612df29e42806d160c7505bbf49b4fa4273ce54374f900c2a0384b6,1115,205,1320
086d6d97343df5d84244667c27e222483862bdfa544b45d3634c189fbe4f943c,1828,446,2274
c880cf1482197f08f3739a7c5dd999c38279bbfb5af44d6a2a8465931abc3c4a,918,208,1126
2e4095cc1bcfbf1405a077c49ba93552a6cfc27e2c384cacd61852ef6970f660,1187,211,1398
418571b52240ffe38c6939a6ef8f078cabdfe39a0a75fa21e423a3bcdfab2c97,1429,209,1638
3ed5189a3521195b755ab5051bb75cf2595643a6199152828af1123ac762438e,2027,1020,3047
51cab35e2fd7f8bda20dabb2a080ac7a3c4b3ceacaf36b6dace1c884221c3788,1189,670,1859
cdcadb55f37bce4d31df9b9a8926285a1bf31266fc8e8e5ce222d0e2b4be8c03,1505,529,2034
2076622da8bca0ec53f3654d2dc454c440b841f8c93d7ebdcb02a3127cdbee6d,2075,315,2390
32801ef6e8025ba404b891c3fca6274326dc55d19c6b85577b259b79730a09b0,1352,211,1563
2181a075691ae13432bc1024d9050f8589196f7810bcf51429d2cbc5ce08f2ae,1475,1169,2644
b647efbe7c9b4183a273fc18397e24f5ad838c9de1cd5d52717a7b875a361933,2191,1396,3587
ddbf8132618ab955fa5b5993496fc26275f7fd7fe9518e5ce205b4308a9514d4,2216,685,2901
2a1d5f7e3ef4c5fcaf371d182f1e52c6844bf4fb7a13a86501683255a3fc57e6,1633,320,1953
a40f8541903d2036d542d938087a1bbec854c2171aea4e77d21f1f1f99b21a12,1115,205,1320
e0cc688fabed6cb17366dae7f309ba7a4d55decfbcb9fa5211cfc84ddf4b9948,1585,441,2026
6fb47f2d01259889e5c6e7a90a92bff318167bda43bc723388c8a2d80176ce99,1829,816,2645
2f15945d148ee7b0911f25320e447e32d73c3733d73a4f8d37f7269984cd34b3,1097,207,1304
9ff3eca35ba2b5a793432c8cbca10155a9c0769f9bd88b3f7fba451a406c362c,1169,210,1379
e72e4e2034a78008e5e1dbd4de0e776d6c7571f4ffe3abaaad42af252c072eb2,1188,453,1641
55a765961bb07172ec043c43e84162bdf5f2cda9c8001c3a16126cf004b2d94f,889,201,1090
737e2866924897fc07134fceb2870c9dfc44a31db6c6a1660db7923592b9ec3e,1955,314,2269
5a216df293cd976bf3e3ec0bba5baadfffcaf5df575e1c6d13188ef96b396c9a,2105,675,2780
89b4a0b8e1ac7c64d950ba135ca0884918fd2cce26d2b1bc04e17bb03c446053,2049,319,2368
0c75e65c67b454652da32f9b105887b673fbc919f5d091a4a37a622941835a7c,1873,793,2666
9f241c2c57d678f192bde1e0805c00f4403ee7709128b4c04a10ba43717ad33b,1257,395,1652
5d08ee850ddf99bb1caa8171e669f2e6f8a55f4797737cee201875b9fb61a3ce,1303,762,2065
f140dfeac947911d0179ccd6ab2cf465fba001b9db12e2972175faaa533a7247,1044,211,1255
f9e7c53353d78f63fd9046e74395256789e165693daf6a24334ae23abb593700,1326,215,1541
f7fad6225b822101cc7d7a0b4f3ca02f8324019d7cef5ed80e75fb4d30045e7f,1306,209,1515
451d91d4425a98786bee6870bf39e640e1130d0a760c81204f9efcca3bb034fa,2333,1574,3907
180cd4c87bdbee323b9f56b2e8c913839dfb81085710083a8a30f88e9f2e7efa,1377,218,1595
f68ed01eb78114c711f8fc324313982d4eb50b5445ef5378fdfb4a837b7060aa,2206,916,3122
d2b86afd2dd647b916b1212f80490d0666d264925b6dfb63a55a4f4b21dc9b3e,1715,430,2145
e4e682e9ad2c2c872c2c28406359c6dfbb3a2067eece4b781c6b483c438faf41,1545,518,2063
8babf24c9fef918935d96aa6b1aa631338c602370b15d501b57e78cb31981c00,1422,466,1888
1acecb02bf826d22136c5b7dd139d68921d1b46b8da454a7ec35f2ce58519045,1115,205,1320
e38a49979437b51f7543a3ce1dac9c9209547fa15ff71fde74c46771b3fa9205,1380,582,1962
5a4f1c01d147ec4b6160735d4a0dbfdf8d49467f19525fa808e022268e8d1b4c,1315,1207,2522
d68e4fc483f2a52d3ddefb8234f03ff78bb50a3e9edd28a963ecb13bf6479f84,1277,441,1718
e395035db6e36a20b8e10f8007b0b35d0baaf9fe4114ad1a685cfee8cdaed559,1001,291,1292
e9156304ed7c3e3a08baedacf4b6e1daebb91bdf1d88bc7a1ea190e306603aeb,1434,220,1654
b52549a0147716914b5388e0edf26ce9286d6a253c7996e134b9ff63491a5ae7,1350,451,1801
f32df21d9b548ea227334aa46e0dd8070a1170edb542fccca28723a4ccfcfc41,1642,310,1952
1448ab7e9bd9928c528107fa91e1cfb867dc662257f74d6bfdf60c8da26867e0,1887,678,2565
a164e5fe4ce8b1655d54392a311f4898e34dbb05ab8c819af454021f1b620aaa,2231,1207,3438
345d9b8ccfd84c86a4f0917795c167b9378e43b54b14f2a2e191c8770dad09ee,1066,207,1273
594591439388ee781333a68cf53ace9e1a119c0de2f7e905b5d165abc3beb597,1219,228,1447
535ad5b1b7665d81b886777b6702efb841b28f8520f4643ef4b0f3a3505706e1,2306,1042,3348
bb3399146f74e85b55b59d7b710ef55d7846120081c1f8fd669045a50abc420a,1046,212,1258
5c25f32b9bb4ef60d82ea2bb5c0c0816acd8a210fa400421961b75a7a1c10ef7,1129,464,1593
bde2c573e0de454ab9b35707aaba009b95dc08727beb4e64bd0c57179ef8f32c,1406,212,1618
cd425022bf13265b801090ad4d6db4edf3bdb2ac21017e066357e47435133f78,1135,610,1745
85340d24febd582d5c7a883d5daf0b50cf958e9cfa6e92362b6a623f08b9ffa0,1028,382,1410
b74ddc72a79d42903d42c231a0b8a969e31914a1f6ec3f29e7c06f77fe4bce1c,1252,407,1659
ba9cc2e7b9fbd20a4b6d6bc51ad5f348905eee27f99b77afc1b49a240921635f,1115,205,1320
5bd1a8442de664cf32c278c0a64be97c66f7079b31a90813b9ac69c79aaeee9d,1276,209,1485
372fc98fbc981287f7ba503acd035ea3d92c66af18524768a3847d03e6bd43d6,1710,1359,3069
9f1d2eb6ab3293deff3afab933bf7adbfa3db5835e04b247d6c1852ba2769c78,1204,205,1409
27d4e721f6555b4142499244fd38ebbf3abfe6b93716c0afebf62cb20c28aa46,1273,458,1731
82c9f529bda5e60e2283ff2d14a076a082af43ea9154b3511ffabf2b4fd93695,1366,617,1983
8c35301fca900ec33617e2cd466e4ee90912fe009aa5887f7804ecd524f6f161,1624,566,2190
91184ac6246dc516708f6ad47925ca31e865265a0bc34accda7a90897401efe4,1285,203,1488
041e729ffb6ee9af2ba1546151e642b75ed7a71d3da396c08719ae02523f798e,2161,641,2802
89b0f3e45749d6b0bedc601228a534a1069b590a124f3f61af564c8ad98ed65b,2364,1089,3453
3f40179cdfdb7f2aad7690276ea684751c99e5d8d1707882664834ce7a7c6811,1677,783,2460
384286207c339735026386997d876459d2f065f7efdb2cca509ac5c923e9a2f2,1337,205,1542
546adfacd6da4dc6427e581fc68b9eda6399978f001d2acb1ac5a9ff1228f5ee,1784,316,2100
96814b6b026c0eb8dce44fe504e7e096ed60170a5a42b554a57ec979062900ae,1463,620,2083
d18f3686830159b483ca3f76d1cdf3359f22789f4085395db23f3cda67e01db8,2178,581,2759
8c57173bca2eec7ec1205fd06f12929c9b67adbd7a14a31d9d4730058a5278b1,1584,202,1786
83c848806ac8e8ab26d4abfb49c0eb38bfe3750105f8ce65cc1fc7483b0e0025,1305,214,1519
59c411bbff9111ace2ac54342231e1ceb4193b82b1c8a421d13e2df0527ced0a,972,208,1180
125816624c1a36975662185c515a2cd1cc740b08743c36f501a875c221038e33,1215,295,1510
36d72a18f8ed0983e7f147967da4708b56a916e68ee498002d9dc785349cceb1,1017,206,1223
61c9e1ebce4e94fcfc5c2851d3f88a3498b38551a6013d90dd6db81686ed57ad,1210,205,1415
ec57160e18a640a498d5f58bcab0681105dec1dd3821ce897145e2e9635a05c7,2176,587,2763
e106563d1a74897c711bb8f38561cece4bf374f4e3a515ae5d047f3a563d7182,1115,205,1320
8eb12464191d8fc1824a47b89cc88ecc59a5bdee0ba162ea96de792b61279dcb,1674,943,2617
f4ed286eef2405f50c09778996622f38976550f63789a83ea888be18b8c684f7,2282,1630,3912
8f935ab38d6e7edf6b666d388ef6a5e90fe74f4acde946b503bccc26bfd85263,2287,1489,3776
fa0a0746bddcd4446b91c341c8eb4a110faf3d1daf445b3431920f0dbd1d0eab,1680,318,1998
bf7f10633a7b5e8b587202f0cd91510250795d6334f4e4be6931b73d6a1508e4,2050,1257,3307
71424a2952786c827142d8a5cfe1ffeeb4a809979b388191041b4536047e1783,1405,758,2163
d71baf41294ea8ade531f40557f94ed4fc32217aa06ea523d860b38e216c0657,1403,201,1604
f71803f7a75520be5a032f64803e5a2aab94df0fb46c12f1c1e1eb09a849fa56,1446,779,2225
9c62e36606a8f6c19446483de224375c8d4c47ec62ef21b2e93da908a59072c9,2190,2681,4871
c66c88ab30e80f060dcd2056aa0dc460dfa1766c206ad601c536f04857c4aff4,1692,315,2007
03959d91d642700b34ed0ba0aef01affc546c58722e1857faca2d7327aa49746,1054,212,1266
25e9942ecdb12e9ad79c2da283c9f2484aedd8e798c922030bb454d0a058531c,2056,698,2754
187e34caa6035b3ac188036dbb1519d0c26143b32684ad210f04338de9b965d6,1638,432,2070
cd81a2f6441565e25a3a27ebcd04672d8fe5c392f8d01b802a9da098adda4b43,1273,614,1887
9db85030ca4bcb7a106ffe80f4297b46f20dfca60f63c54c63b77be67b30541f,1326,294,1620
09fe5a7f5d610fba1686de8625e9ed083fae9682fa19ef003c1d73f377a59653,1549,612,2161
c434bac9a66b41d8e5af5b6239ae32ae93356ef0bd4be7e302034528e7b34ce4,1158,379,1537
803c4f080d3a6e477d9d363b848fd5d68ed3f8ed84e77bc8dc173c86889c5762,1495,207,1702
a1cdd052fd63cfc05cc7c60211993322e80c725d73cf35dfb431a55b8f3f00f0,1115,205,1320
ec7710f50aaedb53e7add944a7ec6f573b22efac848fd286e1a8fba439414d6b,1111,214,1325
a9f5b8857eaa57602232716db9042e32e7e75ac0c553fb5831c938b92c19c6ec,1010,200,1210
806036cb02564e26dd896e267f9de73f6e54c00afb9d07b4691d35b3b3f44760,1085,216,1301
dc92f987e42e915e6b19a5d560047cc0c50d669f1c3a5f0ded3a3a4ed2aa9b94,1046,293,1339
71d644d841a7675f3fc14d2dec0e59cb82d3fb48e19595878110d47696465c3f,1115,205,1320
ac87bb1150e8e40e2c7b74896933aab97672f2de41101f0bf6b70d023e1de58a,1243,218,1461
bb8ee1777df2d92846d06d141a35c129ec3e7d3b87dedacedfe86cea13e4b124,964,210,1174
b61bbbf262436f4dbce4e8e5a9179f42792fea4981aa1b4bf0a4777f4be08403,969,216,1185
542efdad292fa8237652d2b23519ad05782c89c5b6b5829eec1b009de7df253d,1197,324,1521
0b05ab4845d53222c1d1c1f7e9a8d190b8b1f6a3678c27eb91531e0914cf8cbf,1188,399,1587
ad49badff926180dd800e288bbb9365128b11ec08caab9eca29d72b49f10dde6,1480,530,2010
bfa6290f1a0d9795447973660372b4c51ba4fa1a2caec69e65bc2f9c7c75ee6f,2415,2039,4454
973c5fa5822abe70a1f9dd048bca9925574fbb69747dfe62585bc0933a522bcc,1623,776,2399
f27bd8f60b99d289f5a6a4e9b957ec69b9e1777c84f52ff2e72e1467e245075a,1072,254,1326
946e9c106969f9fa653b5e5953333a5c8b9af7b056dcb693d4f6c9003baee418,1115,205,1320
ef3ffb2a8780aad9f535cf8dac33129e17dce3e82cca4169c974d967efc6d478,2303,1359,3662
67c76e83f6b13f324a767dc2ddffccda9cfa1c71f23d70a2ff8102436f07e975,1648,514,2162
7e57437668722074b63e17f4777c4144a75d612c932ec580acfa2a7ce2a33649,966,211,1177
d1a777fd8389a4e35bbb944b1d380767da0649ce472d1bc2f455f96bcdfb0915,1060,298,1358
886ec60e267c1c1a24ab4ad0f4ff06940595666cc8b3343199ea8001063e9a37,1487,209,1696
6bddbc54e82c56df0b4358fd5e97269f63bce7568bcb284d70c24afab88c763f,2035,530,2565
514b995c76a7d892ec9872e7e1b802604ff2d0d3f279dcf7cb3e8da02de473b4,1512,222,1734
ab52597279b096e77c9068e36b443ea78ede60095918843589a08841802919cb,993,132,1125
eb3c269f3c153d9f467db3e4b33c836c8630ce2a2d43c2356ba9af5c8d9874f2,1740,793,2533
dc24b2e594d96f7db2e2ee14554597e4c09977c4c4fa4e6de6f3ead18a623e97,1115,205,1320
848750eb4ea288b1876739cda30ce9606a42418842847525036bd57fd8f78159,1408,202,1610
bd33fff5e9158138bf0ef681f7c05b776e60962f90dc7cfdbe94c0664193e197,1142,366,1508
b5da60913c9a4b98ecbbcfb1c7a79bf479a66b01db508a7510cb8bc09d522e12,1302,212,1514
62975b8bcf0b136a5d93aae1b9380c4b8e6212ca352fbc699d28110588a67fbe,1159,199,1358
19589737b978159f217182e84375cc8e583a9aeb18cd3e5021b697a4b2c4a306,1144,857,2001
2cc7f1e1c4f224c1718019d9022b9d9129e9024a86ae27aa1803ef6706d7ede8,924,200,1124
0fae29b4ce82c5257413194b194730f85e3c2355b435294abe496395e5ad49be,1516,371,1887
dd126fafec7866498f8b66a0593750e673d8eeed189c3d4461446a4b06023621,912,221,1133
f10887ab293d2fb2898c566d3666bedd26e87a6565cc41ee7bc4afd9513894aa,1181,887,2068
3ccf0a3e34ef6e0c8117a531c9c96f2ebc69e3b80b98c451e45be4de75556a2a,1435,221,1656
b7ffdf09a6ddfeddeffa508e8acb58012f18789df104507ef5e0ceb3a55e4533,1688,778,2466
248d00e7d21f7769a93cd7e96dc0d6b455f6f0161437bcacf67aa0ec351173d2,1246,1001,2247
050e33b9bdb4b2c266ddac37c540d0219ffddcf1af2a086b5fba31691addf440,959,222,1181
ba12aa47b287bbe5595e2ac88eafc79baa35a3884544b6e591fe9c49aa25ebee,2220,1206,3426
58c0aaafb829f88893c47011d4f5eacc0c2b3831dbfdf405da89d775cf6a71ff,2137,598,2735
de3574b0e7d3cb7f6e7ca41b522abdcef4a1a91d51b2b3b7d0bd606ca66d0dfa,1951,1514,3465
f2482d6693643e8df5259f6cbef77395ef21fd945bacbc79782a766fe9918673,1481,809,2290
89fd6d7757f81dd370fc633ff1b20abecf127d91cba2461cfed4886c42d02f36,1870,449,2319
5b69dd2d2cef8920bac6f6b4d85546113616a1042bbc5552c2a07b286712f5c4,1068,202,1270
e86f97b81c5dcfdc90e905a0ef0ed3d29f0be8619bda94bb8fd3afe46bb286c3,1984,1039,3023
a8246766ce1d6ca379122db84191689e60b3c4f4a730186e6e04e7233171ce93,1480,1176,2656
28bb856b6d093cc4e3c4e27a572baf2af47829317bcb3eca75100e91e747bb23,1523,216,1739
31d4ce4aa5af69e8cf91421d8822bfab50f5da119b13486fab0eed09f982be86,1131,278,1409
446632fa993d921910c6a74d065e73697636811bd4751514978ba42ee38f2a47,1168,209,1377
274691631b85990039c57f61500b03ad96d1045a0ae08122aa3359841dced514,1505,299,1804
6313ce79e900403f7eccb7da84af39b356ffe05c164b24c9c9a6e377df115f09,1212,896,2108
5df506d8b3b175f1d9d234ec72d9af7bce44eb345b63e19b6eca872cb4e3a510,1494,210,1704
951dbab35b7ce37396333b546a420f7e59598f4de7b2b8d39cf720ac43e3a05b,1220,214,1434
4ab3a31e8b577477045d90022f7c1fa980933ef747048638b9bc6be2b9ac3ce2,1076,212,1288
932986f9345236c0029a9150ed8d5d5ae88a1d1b2a7b7b15b49e0c797ca62e70,1223,354,1577
9a3f4b7b089808d0a6910c8d43e05572d5b49c5ba4ece095bf7d6db7215a163e,989,217,1206
317bf104420d81e0d68f7f4f8b8d5d78b9be763f2326bdbbb74a4bec3b5cfde7,1341,854,2195
3d2a6dd5d20775f93a7b66ac4487de0b7774c2220d239da010b1b670a0d0d7f5,1115,205,1320
73283f21ccec46b9dafbb562268a7dd37fbe49b6b8edcae0bdd62a454afbfffb,1140,288,1428
00eaf79ad04ebffb1cce9227071a101044e3f251543777f1b7b9a2c5a7261071,2077,1027,3104
d193ab06d597412c808da6e09fe13a8ffb72f7545f0f54e1315a44e9d934f215,1427,678,2105
831e7e828f329d3356ff2ccca954ad6743a40737762e2d275285cde226dfa4e5,908,214,1122
b920085aa5956e072125dff02299790a04c9bcd8b0d64aeee1f30fe4bc751d3b,1030,215,1245
16ae8c7de35412ca744a1616c7925b5944b4cbf4c481e394d9d55ae3f25f7e32,1311,217,1528
98dd711908b43ec6c449c3124627b091112eac722afc0ee6bb826d8b4f9d95cd,1006,207,1213
8348353a98b5755eca9fa9381bd26fd86f05ec667e670bc7f65d41c1550b2903,1210,358,1568
81ff2695b1bb8b1fd069386ddc500b281274c9e18e8a4114f5e64529fde7ee64,2196,437,2633
a0237ebd604c2f411e7f1f56c03139b60d8ef4c0add9598083678bb29d483bd5,1027,211,1238
c63ba1c57325a51612ef6a94fa287f26f387a1f5c306b95dee9d5b35ace0b779,2297,903,3200
29336bb91fb8ad8ec008b63e37bd8893c0e4104aee06e17f9c13d5d63912f1dc,1394,372,1766
a1e201a937f5df522bb5839e016e14f3192185ceab4dd4b74324569bb37e8995,1106,207,1313
37acec76180cb0e224c3a9c3293e61bb14462ecd2bc68ee70318ddc8dcbf4557,1867,427,2294
9d037690c31872070ea3de99bda6300ca09a5762c99a77e5b3dbd0da9f147b09,2036,1676,3712
17a26922d7b8782deaf1ad208afc0e9f1231e3a50cb0c287b104f1f331bc0401,941,200,1141
4c1d139e4982c709f553c174ad095f2a84e2127e45fa5b8eee99c4bf20acb7de,1421,428,1849
2bbafb7cac111c1f98c9bb2bf985c307596b10792dae4fae9c23488b4d2ea477,1298,439,1737
555cc63d01ca1d9e3d222c27c51b41625a9f3a51559cf6fe9a2f9e31ab33917d,996,204,1200
68641512137056224ab99568f004b5097d893767f6e11a7ae5ebd616d13c1941,1008,215,1223
0a1aacc0cc7117e0260ffb59c3b47cf9e081061e5e084776c5329c609aa71752,928,207,1135
bbbecd0d532dbf9bf4d75f28ee7913750c9bc412ef65dacfdeb4019d9422bfd2,935,200,1135
626660ef6106506d5ddc6322e8df63d2beab5d2f47feebbf7b9641461f403fb3,1195,499,1694
b450f55a3612a60a331d0ceb0180ad0856f874f886327f76a8b76f0cc737b60f,1124,220,1344
8aeb9cc4a64c4b87de84cb0755ca4aa31c99ba403597c538a804144953b95ad6,1115,205,1320
bf706b7e1184667496fa4947441d0553889bc34e0a1ab1e26ea315cae7f8025b,1780,697,2477
11408a9288a475b72de4800ff535a7956244c14ccef9aa3656e439024ed8e297,915,214,1129
44de1967bfe06ce9a60e7f25d8286eebc0ac93215caa1fd1b0919fcba10fe314,1240,217,1457
59626a578cbc2197d34e7b29113220274042f103dd4ef6e0b6420caa678242f1,1050,203,1253
2512deabd4c57992bfc8cbd284cfaf7db312a1569cdbfb980c6079e3534e1c2b,1332,201,1533
5b847ff82031d87c3830a8e8d40d97c7c4582970915e5e5673ab11233ee7e651,1001,219,1220
ea977f2099c8dca770ea8b3b9fd202ddeaee6b091412efee746bfa12f315baa9,1623,435,2058
ba0e1f80156defde4d860c58f1cb93c1e1b9518689803edfd25eedc9fcdf9317,1032,224,1256
5e8fefe5fc9835123852549260be6a69ba04c96156d999667748e076e299c493,2122,1387,3509
2c0bb659f869df81db7bff55fb8b56e24a31fca4a0ddef91d0a3d5d0677bf8dc,1085,213,1298
1d2280f1e984da9b9850bfc3f9aca1ae03d86c3e01bf753b5001476260df79d2,920,214,1134
b6c99fa521a052a0822327a6f65dd94a38eebe55e4e80856b206e7ea1875523e,997,209,1206
a7a441688665feb8e4e37b4f143cd564be3f59234dffb3d8d6e3f3fbec4b0591,1826,1101,2927
47b9da6673617317c0fb9005646f0bd19f02f86aed8d96d9faa08ff149ae79b2,1270,210,1480
2b4d18daaacebe59321cafdc2ffbb15c751c6d6baad2238ecdd8f750f546b6cf,1583,200,1783
a25d0e6e1a44efc4308c018db81442c39b6d9652d33d8b77f8824f86581e4da8,2156,1406,3562
d41f6d01b72a8b05ae44f430818aafd68a9e137deecced48b6f0bce7a92d9911,1455,211,1666
6d6f1d4ea0ce0841269b717a0083164e110f85a7459dec1540ca6c4e9431054d,1200,380,1580
1943c06cadf080706260d02dc5cf043189d62c186bbcd05dc1b3fe881199ae49,1215,214,1429
975e9b617e007b2dc6d090960d075c9f25c966b74c6b8fde426781ef996425e3,1565,212,1777
2118c2c12bf75711a42e446ebc7bf349c56bbe4fb28ed215ad3a349f6e10040f,1147,209,1356
670c1dd6ece6e09080b3facc3f21ee61e68fdee9935dfc4e90f250db5004a34d,1161,321,1482
4dc35d6713234019207ff5093e7fe5350869bf44b2920fc872ec01017a691693,1563,222,1785
43916549a84e5d71f6fdc7519a845efb1fbec98edeed063e028391a39a3eb0c0,1880,531,2411
5ea17639fc9647e05aefb678ac3d7034cefbb92cbb7cc89169c87e4abaff9c84,1115,205,1320
2246142a1afc34a64a5b9d9926ad27eeb1e3dec7f9c5ce03cbcf901cac09c7ff,1228,562,1790
4b10ad8a80807d54d2d6dd06ef719f1ea706be8738deada16116e14695dfa4c2,940,214,1154
07eaefdbfc77068ca45814eff2ed3d72ebe9a58635552f6512f4e7708e565aa9,1211,201,1412
2604e17ac2e9018317a471d47ab9d09fb74cd7d2d6a382f09ce0807f1c2c7897,945,210,1155
adac7c6c6a79059af444d75b9db9958388ed495114d6c2e001a16cd8cf34eeee,968,216,1184
7756056a17488e4561f67ffcf6106b3d5f6b228c87de972ff7a5502bc1db7bdd,1005,216,1221
f8e87085a3d058989c1d2d14a9e254121ef47113a5a2e0bbb253b05e58475690,1988,549,2537
7d6557b874f8aae133f551711c023107969604adc09e6ad6950d3da15dbcf015,1823,309,2132
2939fd256fe35ac0d61bc2bad82cca018b4b264b961fea4ca2e1539f6bf5fe80,1894,643,2537
445e8e87a5531501acfdccfa435ab63b0b8d0a743320e5681ed7283321a2b819,1438,537,1975
f9c9f5b67c877aa8dd64fd65ce92211e4667520811eac7d13547f39da7725370,1992,810,2802
a5bf11712404b6a0d7c36fe60187d38ac777f254b1efe80cdf6c9bfa02d779f0,1163,315,1478
bcd1114b9fbe4039f50f1eb0101b530eb0aafc7c178419fd4fa075157a657ea3,1792,1366,3158
d855c075a45dd0d0b0f0fd56db7f2aa47313b0aabccca18381092648c75ee1a7,1048,210,1258
94eeb6a6c071a0d297f7235a84c4dce66cd5f48afd20f544542e57c322f58c85,1365,219,1584
5b789b5df64ab96351c5db2d2ffcb493b54cdff59abcffd71b2849df0cc6969d,986,226,1212
17eb936886c372a9b8fd94d2e479f6594a1701e7f3506bbd03a9db3e6561b80f,1178,222,1400
db1fa32f1c2cb22ac66c947b78153df5b6e326c39a23e3745a7220a6805792a2,1115,205,1320
82c646bf66f48f28ab34d198a5209407fb4e160ad2bd6efa871e61fe54a3d27c,947,216,1163
e6c70985462b186c642cbb82ca0a6123853633eb7af41f26750e56ce162c890d,1002,216,1218
031a97f2991971e453b0aa8f7b341cddba23a01840f942fc668374664ab9a73a,1023,210,1233
cc0adbc48da3d49f8c9dd247b0ac1d4a32c084e06672dc0fdcb70ef91b03b397,1110,213,1323
942632a0b061ec36d080c08461ac9555993a27c2c8e0a169d11c0aea2edf3be5,1297,211,1508
f97bee12e2777fea474fe50732460d327f4f8508f58f323e209c4f71c613912d,2361,1177,3538
86a418311aa5086d7f5bc6169baa5864d86ce963d69ccd0d2cc1a43650ba5e7a,1372,218,1590
9f1408adcd3c602608573f2c89981fb602dca69fa9063d9fb00362c70f25a829,1213,206,1419
7496d46a39a68f7e5a4a759256d2593cdac1a2f9dbc024aebaeeb36f0dce82a6,1133,205,1338
8c13b7fed40e5f753615e56a7312a0e7c53958cec250c7cf4f3ba42e75127f88,1502,322,1824
ab75ff525ae88808577290d3089099d8afa7b5ecb25954aacf946bdb432490fb,1222,322,1544
3b7a9030810eacc234b2327b61c437f54282b51185822669b12cdfa181e01d34,2276,2500,4776
590cff1535e421d0192da94ff1d9714a39bf9e68eded671c48373d4ff66c50d9,2367,997,3364
5fc0d2db478d9cabe2decaee658020f8421799bbd9478aeb9e71b09aa22f5cab,1180,323,1503
31b85b3720ce840779306c9f1f3a8040f9d909d00d5d369c3ff7e7cf1282f2d6,2292,318,2610
b623189216c2e349248862f07f065e77982e4780b9f6c98156f9091c561fed6d,1899,319,2218
c8ba946cb06e5541173170bbf74597e01624acc17535845db4fb7ec9a8ced922,1239,210,1449
56f61cb981f6f7946721da44951963c7400c69811b72cdac715587bb2a82047c,1699,668,2367
1308c6fa2b3e455c6847b50afbf07cccf1af69ef5f3d06b774e76af9bf54fe5e,1359,390,1749
b93bce7022fc7603a441a99034bfeef588100a2f6fed977e3ca1ff5c9f56cb6c,2384,2036,4420
e24dd86db75f7910009fc147f4a4b7c23e61fd3d091dbae173cd1730911a47c3,1127,212,1339
c94935f5c5e30808c24679551b18317e805d7c38ad5621b54be220adbf7f3476,1240,316,1556
9611c8c237de2a02bb39a88cd235157a565f6567d14683096e626dd226fade61,1187,204,1391
cd9007185bef0eb1f054a7a0e3a0aca3ec2b48c4b1c7af4adc25d509a634db3f,1203,913,2116
4a76f3b3651ef704b73c9d1785f821307cea8594a6ae8a4cd0d50866fb8bc0aa,963,201,1164
a6d7171071d5023294dc3f79038569d99017bc3bf93af6373972b8126a87a486,1123,203,1326
c72e1e08cb7e16d28c9058a4fc805135c65eb42b8f3029d151ab7e615454d11b,1620,323,1943
65b8edcae0cd0791fedc3dc6aac9220fa175480eb56d2c60cc6aa817f9ceeabb,2385,835,3220
6d70d04fea13888eb23359930c561dff88d1c74ebab70f88e6b5ce89e06679c8,1136,520,1656
3e9e57e1acb66e5f2b71e0043edaa33164853a8f5a4c12add1bf9fe2a9cea87b,1183,205,1388
4371ccc8d503ba520d88ef61d4501e8a8e152ba547632ff791c31187d5aa7a0b,2169,783,2952
f154a15411d11930aa7b0afeb3b18dd3380736fabbadfb838e6523b3919b99ad,1362,458,1820
b9d6eaa6dcad9e15908ac7897e63bdfdf02305243cb99762431abfe5fb0b6beb,1436,210,1646
0cacdc6ee8e3fd35566d6e70ed58e73499d21fc684966e2812be8c7e92e168e2,1160,309,1469
8af645a6c67203e7a5c7e583cf7d2c00792f84468e1821578c0b932cd3f39776,1139,315,1454
ed6ba346b3bef95b8942c0856a2f995ded71e5a3379ab3ef9c970e2bc4a92ed1,1115,204,1319
a965201ecb75feeea81fa6f0e2e98510a731bab3f41fc35252a6deb9358cd621,1503,1016,2519
13bb5639a255ead251b88862e3a775bd25e773e8332a0ec5f7e599bf8c8aab59,1201,706,1907
51ccaef7a7fec7c1cd3e93d5cce407e6bba930dd15b7f2486ad63323fcfec305,1295,209,1504
5d34c8685445cc45fa492526a86d84400586a5348b09a46b3ffbffd6e31387c3,1166,540,1706
c323eb6b7e6c19bfdfebe4f50d3bacbfe7b23377f237f04143127ba65cf9a370,2386,1156,3542
305ca9c7102e8916c6d12dd637605a38b6a813c399eb849b17d9bc666e16958f,1482,202,1684
f9667212f7439480697f7b539274ac79bb8ce80515b46136641246a2ec3247b4,1201,206,1407
f03380077472fd05017988f9630fcf12d46c7d606e13c5cd6faee666d9e04f56,1276,208,1484
3e28a77766b4dbf24abd5d9161221666473579ed4a6d2d808f8bbafc32ff6c69,1233,219,1452
60444499dba1832c75e949d48770f80de18db475c115019fcabcce85a30a0a76,1548,284,1832
bd9a7e7a1043d2b425c6925a0bec39f207ad6804ea25a205458b4fdd5ab0cd58,2446,2619,5065
e2af132d9ecc3ed8016a68eccce92d8647e4dc2d95933bb933be06a1a4a7a350,1764,314,2078
e32cc7352e75b40ec725dfaa469a2d347cf96195ae82f52016f9abf9be407aa8,1171,137,1308
e04cddbbb0979ab44f394dada4547fedfe4811128d09429e1dc17eeda1211173,1945,940,2885
56a0e10212c4ffce5cf5487d0f0a25bad4ad5a5e36a20e801ba090930debddeb,1297,693,1990
45f990822b688df36a9f9760223ebe51488b41651503bb6b26bc21d3a8aaffdf,2078,310,2388
28e2d53b2b888a82b455041279ab5bc11bc5bdb03c2fd604dd5465081ccb0294,1654,786,2440
43a031f1a1dba6a0f6a3b5bb5e5ed2cb6f43d6e1a7203ed184120b941e8c4dc9,1297,210,1507
fd9ede03cf558b49fc9d7ea363461cf82f1fe0ba8eeba1b34c3e178651caa299,1702,427,2129
b655052e8aa14f30705483179d64ba953a1c5cec240fbc33e99ef1389bd9861b,1146,295,1441
37c6d66b7e2671940d8d370e0f0895954b62ec66ee24394dcdde597f60351b35,1308,1087,2395
b386739ee34a70d9c51ee58ca322a7b70fa6e266a827c45cb1017c01f93d23dd,1119,291,1410
27b2044705b9721043ff60f0da7ffa882530d2d17a5b02036034ea6abd099dbd,1004,216,1220
2d2034f317770f68680b9a876be44f9391c7c529de09f0e568bd6b6e0e07202d,2175,689,2864
7ee09c7ea3019b6f61a7b12812a26df174c92c1d6b1ddcbf5a67ef1153bfbb13,985,246,1231
45d24fe2a4cbc1273b21e87145d50bda4a7852e5a85c0790963d9ef08e6cca89,1612,433,2045
299c3e6518455781b46066fcf1325fe26d3cd1db35a0f366a52c869d9b682866,972,250,1222
5d1735138e7a48fa1a76489b5cd131aceae0ed7c3503d8989968f134704bb9ed,1085,211,1296
fa4df35cad0b3ea818a045ddc77ba8dc778e5b2e1e372aab76b4098104e69e4a,2435,1361,3796
3d56d18225b1361d6593fc8a9a630b6fe7720a343577601dd54c01191f0b56b5,1168,211,1379
5eb9a0f7125233f29e4429441faa3e10167f10945cadc97c24c9674f8d1af209,1115,205,1320
80ce4fe12706856f3c6faa2da556bd555507f8cb1bc0e6b1d2603925c3cdf83d,1562,366,1928
909253c3bac5a8d8e947a5de5b2aa057b1182578dee14e06cd210f7eac0e033b,1368,211,1579
5122961ba66322895421a3cb95f48ef5f8a287f2122c129459a1392eb2e500d9,1091,360,1451
63358f0b718f714219f037e7adc0014b5021910cac4cf6e31e982245532ef701,1677,436,2113
bc0173205438736e8529e9b9088ef0d1462b3fb47d8ffcc4ea16b73ef65c1dd9,2002,450,2452
e68110930cbef7d1d53309c91a8ce5c1f71a334e7baffabf3e412bf46ecad44f,1545,369,1914
fea2bfffabc481e3dfeb80278b360d76ded9e25218422e44d4bc8af234118aba,2008,2300,4308
df970c717288ab3bce009f09db082862090ab4061b95923577df9f7122efe321,927,199,1126
8279e03e7d4453530931555340613be588bb1d670db85ac05431be92aa49e4fa,1021,133,1154
7351a47c84e214aa69d802d7cb43b5073fc0b12f8117dee87d0b4ce7717d0557,1348,1732,3080
93a3a62b95fb5b681166fda0221b42df425f64f7660e64bad08bd88a4c221717,1935,803,2738
fde9751adb9b8cc2adf0632f5f4e421eec2c485dd681614eb671719df7947b5b,1268,908,2176
940637ee82d1cc0368ebbaafcbe79e9da583d30656a64d0eb3b37cf346dcb229,2025,719,2744
a1e415d54ba2b83d91211959b048006b36e8fabdd208de1c5e348067e93d101d,1584,287,1871
9d52d3d04cc56e92b47466431b128d567607b3c0edd3b0f48970a1e406c9e768,2176,601,2777
5abbd2e89e842c05646cdedfdfcf6211296a5b785533c6a23701c299307fef5a,2318,828,3146
a0ef53650f09dff14a0a754416e349b44bfefa7e7e6cf0feb810446f27d3155a,1638,785,2423
a85426b4e33fa48b4c076fb86d518de7cb1fc00dbd61ba566b0457ec5417b3dd,1681,680,2361
f46b07115f16a970f9bb0765ee446cee1785d2e6725ba97c22910e70bbb8db42,1696,964,2660
d20b60a56c6669b5ecebe8b146bf56157258d1f6dca94c2ae5a16e81205680b1,2078,914,2992
a0b70276b45e46a4d44f3e0bd6470016a626f2f7be543f64e6a5222b83e6ecb5,1615,935,2550
24cf1e75dc3301e27676e72724840f6d9a7065e7dbc8b408ef2e71767fee22aa,2109,1474,3583
d5d8a050608d05482c7509c081823ead2cd29ec23b459adf127dd32c36b3f25a,1383,843,2226
65b8952268a5a1fe745be21beaed7851b2722b66fb22a36e334e36d022ef9c14,1678,1744,3422
91ec31fb4da99c1be6d1e56ad9b2f265cac7d5f0576d504ff84a8fbd062a27f7,978,209,1187
9bc6fcb9ce0a061441b3862493f3c9812109b1a098b25db7a0f58a40b50ae9e0,2156,1032,3188
b2e7422105fd7ded418bb8b58a1e9b4908013243da51879180c7c79fbae01ecf,1677,321,1998
f768d5ca1b77c61bb169d494bad186d530b86d3daca2f05f88d12e3db1a6b9d8,954,214,1168
e1f3d57ee5b27bec6ce2b0781456e503557b69172a6de67e94978e60bea290a6,1610,292,1902
dfd66052064e8456c5e00cee7238698f4bf4b7b1eadee79121d72b92efc4cc3a,2261,567,2828
2238a3897f0bb857005d3e9175b3ccfd5a05684422f82302b21dadce2a879a0b,1050,215,1265
ca49902969f9b0ed1bab77d3599829dcb3f0d39ea9006404fe068caadaf20702,996,211,1207
a729e8c3400500d245a7f0138d960e9e30a758f43c835828ff2eac4bb05342d6,1551,440,1991
0c831ea5cb137ec4109ee9e5a90b878a3612c10cba14287be614a9c3e699b4be,1225,460,1685
322d7771b1d4fcb87112f970d56621325dc683b456acad0f5e13c72d16c585ae,1135,219,1354
2052a5f9e006f1c13aaef7cf17dc6aee55cc53d46e3d528c69a74c5d7249ff57,1469,204,1673
0ef2d8edcdc434aded175c620bf23b7fa89f991e7abaadb2148479d70b0f7812,1521,705,2226
3b6d9aa2ff89e5a67b0acbe2ab26df6770f80a169610080ff0660c35f386b2bb,1328,203,1531
81848cd2219da6f187ac759104b57a42eede919a9b3aa22fe2b380656eb2d640,1064,210,1274
7c96fa0c1df3556b558f50d6803106e800f7a0da039832bb5195d0829c1170bf,1068,216,1284
4649e5a2954c71855f28a57f40be3cff487562cd3392a20b5f17f11d82b5bb42,1115,205,1320
8a187303b22f59f4b1933ffae76e42d7e3ed67f3674c3353259527bc5d122965,1027,212,1239
c306a151b155f6c87b4fe9f5919960a77b81edcb24f9aa3aee9d1dc07820e9ff,2206,662,2868
b2c63795f6f526edccd61ea477aa9c8ed4852cebf0ab42ad59616f345906cf7f,2133,1375,3508
c7ed342cb2ba5fde24ca13389a363347de00a56148fd020b04bef8a680ddaf82,942,279,1221
f66138f8d02022366f908c4b2c24468934148b1bb1e47497c660a47674bcbd62,2343,912,3255
bf8ccce35666b9828a49d30f158b2e5f4c2e6e57bf6567e3e76663b286cd94a0,1674,432,2106
581cf4f87d61d6b03848a79c7fa22e2bb9f030ac9530bd5889c0f462cd564c64,2257,1200,3457
d09ff974004e67064901f94e191e26bd9d2bcb4df045c2a3d61ed54223fe4cf0,2036,773,2809
317522deec2b8c2913788b7ebf7f0a8a4cc522f40635a2e42e18d4fb1ceddb1f,1326,542,1868
63d627ee136f7a72c921dbefe71084404ab4017b399b66464fa0ee3d42e63b82,2032,531,2563
b4c8480189bbdbfb93c5ce730dab6acd90f085a5a599c272ef5ce3dd5787105a,1810,1519,3329
612bdf65a91d49469c9150c3c3ab8a02e9fa35889b6b3e4224c9d0ae6840898f,972,214,1186
fa99de0a0db5c8142d21d4d2c7022820811da572cea692aaed9f2a0d435c4fa6,2040,525,2565
752aa28c7c3192befa49737f914f0acdd967058d4d11e6b29a30d8fe964c4568,1081,217,1298
74e9bfdc3326fa4fe7d047e8c20cf659830aaa0b06b254df7fd804a095ee9381,1040,220,1260
7fe84794443f1d99ca0396a2433a8c05d4f8b20fa8593711be6d298243162c53,1007,296,1303
34ba3557484c64d8285f3b903fc2ca9b51f5998f77ddd9925f15750a0550e947,1002,213,1215
6e8a5f81d1a1abf976fa8fe1f37a287916fb337e6d803643bbfc6ed5bf4db4da,1026,281,1307
715e35aa192fea499a23e1b3023f89b6eaa8dcfd193136e7e0b338c896246eff,898,205,1103
20ba8ab94252368cebf4491369175519b44998e010d1dbd56cafc2cfd7519712,1346,214,1560
b2da3c57fbb413f1ae542176e402159aac951b47a5830012b222b60dccddeb64,1115,205,1320
3ca1f0c6f71607e2142032605ff3e0743a23e450e0bf2c05358f69223fe39c26,962,213,1175
872ea61d5b23e2fec13a2ff18239dd2a464242522840e68d2e8f14b3d3b19db8,2315,1002,3317
bec64b81a390e1ce8fcce6e92f2c931b2e024bf8332b2299be56e3652077d723,1680,734,2414
e55a8e2389a43eca8c6b09f69f2560702a6c4e22fab0b983406ed9b58145fb71,1515,460,1975
d6123009d8c1034f1b69b4fd51410d3563edeb5c60e427300f9db7d0fe644216,1030,220,1250
1841457b4ee43fe8e0d5751c88b7433b3fa6a2e8a512de639c9ec77cff8ad7e8,1338,374,1712
8693fad422c9fd476b106a20ea4d7406976a473586cc419d0d889437bc3d29dd,1423,622,2045
62f6df62df728352eefe633c70b95a4949c3685f741f7c55b8aee3b3d3257b32,982,220,1202
d1754f2a17748c3d276891e41621ce9363464152179e57448553644cf12f71b3,1019,290,1309
6e11b613e9ddd13f373ccad68b5ef453eadc324a4530ac86679c22ca6f10d9d7,1647,675,2322
485525ec0922c2d1c36d181293d3edc309eaaf336fe6968fb2fd78b791121941,1088,215,1303
80b25902ca7ee1722072b162717f5e71da9ff6985eb0d8ac56bff1b119644ede,2255,952,3207
d2ddcd2685119dc008b096dc89c1310985a60963bf5ecdfbf0450bbe74f12d96,1453,210,1663
e83d1b9089562eb30886826f0c2c66ca09eb050a09ca5b154f1109a229b20927,986,213,1199
a37f6ba84af28bf31ea0f977cbebef1aa7110f1fef0dd79559d5bfaa43682f3d,968,293,1261
ce314ad7a0cd242f73af9724ccd73a6b1288a8a41f870a85783ffc979176599b,989,141,1130
9518432f5c1638811a05a5d5049af8b3db676b9b88f274ead059a9d0e085bb4c,954,207,1161
04ae68224b183afa41085440287851a5f0ffc2680fcdc3096a8fad5b0d869241,1150,215,1365
4d8593da3b6a075ccb7d80939a108e9b0fe12a3899746cf8e9bd9aa829dee8d0,1353,219,1572
67f4107124b678139fb97bda7647cc0ce9f44e3b7422119e9c221cdd3f236933,1283,205,1488
7c21c4813ec25ca94857ecc64440509a22723f8bc5189e2f1a39641092b4d940,1115,205,1320
b593082c825bc8f8d1e7bbacb653f5fbeb26cb6f2d245a04b09641aac11f1320,992,205,1197
6732d4a17213710eb2ca8c9f8c1e23f35a18ea617f1de0ec8ba6f91f9f554026,1879,318,2197
1717e4eb605b93deb1d7ece4cc2e061cdc6244d3b3d6856335d81cd1f19613c8,1493,212,1705
2c395dcebee81588494e32fedc77240ebdc251573fa6f6247df0f9073c6a7853,1021,289,1310
3f95d1d8e0fc5e85370043d987194976f33458e1f3ff27fb0348beae38332165,1047,202,1249
d098a5b7d6544ab80a2a7a0121253f1946ed5ffc41938514e0fe4a410b9fb6f4,1489,1468,2957
b95277fe8d791f041e35fb58a0ff5fd0ed9e1dfa2183c7e23259916ca9a4e4af,1323,375,1698
b2f13a775f293746691fa3303955fe1e58c5da0e05d420c10c6068fde20083f3,2352,1281,3633
f313b35469f3600fc0767545ffe8d84354fa0e9bf0f0d5cec50bec0329f3bd3e,1029,212,1241
4bd6b278927bb9763274e939c73eaf728ecaebe3d693d668f25a7d9ab8b03f33,1927,615,2542
ac8aba7cf645403e99cfbaef8c1143fb1c3dc85a2d89420034974aec75454e2f,1443,632,2075
9a33ea77785963a9b4feb25760f3605538514a202fc1d030f539a94d907caa62,1308,301,1609
f18042edb1ec5b2f4b4186ba1e0ca1e11b97974bf4138e4799a24536085e8198,1028,217,1245
4df09d19d6d10425f717cca69a38ad6843279a168f94616e9414d43cd54f17a4,1762,577,2339
2fc9b81ecd58187f1e8dd4480ccaf3a34e0392b5f0b81d7a7d17f705b9df034b,1463,298,1761
55f440ee1dcda66ba3c01df1b3e6e0f0dc0f96630457e952e7df79ff6627c326,2178,1268,3446
15e3698c18954860533a25e74e5fd35ce3f570124d99b816521fe1602b683209,2354,1297,3651
ad439ada83d05515761589e273e80844471471b207fe9502aa0d49b29cf38c59,2256,1140,3396
1abc7d7e7649ff2005bcd12b83ff1f01c74aa04cc0c45d0d1f6489b215f37f74,2223,668,2891
dbd2439ee7a9d55727f7a7bad642be25006cfaacfc924b8dc4c9a14cc074be0b,980,309,1289
cf6dc6f9c8eb655c823f949ebe0b1fefc4aebc87d7ab7337ee331dacc1383ae1,1974,579,2553
d156d83e891609df358cd4d118f2726f15f5e1cfc377a91020f4ea5cc1886ae9,2369,1278,3647
6089b5a99caf29393dbbc1281159792943ab56754b9322765e8d8e78dc226e91,1386,463,1849
54e63904edf8861b1185caa3b2108dec8b4b0ff63ac0a05b43d27eb253c6361c,1327,690,2017
2613c0c3d8f8375e17257e0e209b8662472532ab66b4166137cb8b484df1dba7,1625,1245,2870
60b8ceef44fb59ac725a89f42779b8f84040029a932c0311f6201fc435a0be3f,2447,1670,4117
b5af3ddeec7f5f14fb74d63a4e9d1109a14133885c55b54fdc9a2db9ad81aed1,2132,1492,3624
a54e5d813e8750acb4476f4a103488473ed6a2e6e6f4883d6efd0f8e893a6f0b,2011,1137,3148
