id,prompt_tokens,completion_tokens,total_tokens
6ca66f0fa3e501a5810e2265e58562f3ec6772abf1c641706d7aa698627c8fa3,1009,207,1216
51acd0626e21b6f883cc017f49abbdddd6691df95122c0eec0fb22dccca11718,1417,211,1628
a6457990296fd7c59d213e6d025fae3df3a26e100b3f1563b4d199bb9a2aac13,1068,212,1280
46c1407c5ebd18d1b6c3069b1f31091956d581f81896e2a0a7d3b43bf6d96fe0,1124,207,1331
fef1b1888c57cd57b8d0bf8e6809543b5d755dd80eda783b940ef9d0f2668a42,1029,211,1240
9b588ed50ae9bda180cc25b83466c72b9e5a31cbc708e82e7fa050e4fc4085cc,1355,213,1568
4dffa6c0eb948b6f3f5f6ba3c5d44d437b5b6076c506a536e1ac0ca5866d8d66,996,215,1211
7292247f5d4ef9a73af587d03bd201471ffc68c3e59cd89fcc822788f7a7b419,1417,286,1703
ebe562c3e9ecd2adc5523e2abd91b4f276cfad398f0fe12e7f278f2fc16028d4,1135,209,1344
7da030a23793a2a9b4c02052463ddddd4c5dda6e107492596fcce0bc736137e3,1782,310,2092
d948742f56a06378f44720e01f56c8f98334757b975f896bc53c6ce866df7744,920,223,1143
78f0e3a97a0ad6195bc9ce9501a462522c21f995ac87889e245b7220502bbdbe,1439,207,1646
b347737134cf12a92e96d36589b4951eed809a0cc11ff4e8afe1127bb38e0801,1120,204,1324
db37b49cc1000314f89beda7d3a18b2a574ac3bb57e5bf5489ca89b145ef3e43,1603,386,1989
8014171f7dbf2ca69768cc7d395b67ee6473fdc8d5c4affc7482b8c519ca5dad,1120,366,1486
2526a63b9fb4a343d516f55134ef5c93c4abccdd80dcee7af19732932ebc33b6,1081,215,1296
1f89484457550f4b3ab15cb7c04f1215d690f9b4f4d81756464b942f264ad357,1053,288,1341
6e10a5af40cc8f31c6c84ee689152ea7800c5ac0c0e28183698c60ad37a0634e,1124,205,1329
dff231258ebb9e68ba351116c91109b81e3c6cd0a7d9b09601f3777dbcff0d35,1185,205,1390
2dcb1a141342c618772b2acb69ba233901b02003dfaa25e56140f216b8d3a1fa,1367,451,1818
ac8f845352875651118c4e7970cc7454ac041918b855a289c35a86c696542c8e,943,213,1156
8175d93f816084c1e0b5353a2f1397c3c7afe57a57b88c7663d38206a05d663e,891,268,1159
6560eb122a03b5cd24c64b5207db6a16b5cca16b36fd7f2068e7c6d86f19a664,1359,209,1568
f72286c43bccb197bd345988de4906cc867db3a021825f089127c736dbec6d20,1561,203,1764
d1da198e59e66de1205e742078eba3830d71e38fd90d96b172da94ce3c00c879,1872,549,2421
5eb383983d8a452a5964d9da7d703340672d7f0f57405e2653728ee2bd51e252,1602,462,2064
df3240f491a7a7ae7049cd3c0e08b45f5c59b720d064f37a060818d102b64449,1201,309,1510
864fed24fa940105caa6b3cd2bb0faac515197662930c511655320a7af14fa91,1794,529,2323
21553b94a269ac30cee91c5ecd012edead671902b9c7b2dc92b95d726b5f2340,1467,575,2042
12f3dd93488bea78d3289eaa21a408bc9bb215e1ca4fce2c52df8d421aa6f348,2222,556,2778
b1812a72198fabc12c83d50486edb47184debfd5d1ad3b8dcb70493ba0bfcbd3,1591,383,1974
56e65380f17244ca27fdaa8e49044e401ba4666552437fdb4fb01a629546351c,1451,439,1890
4151c27d1637fcdb0ba998a3ca82ba722c3d551d1b8dafa1d33e5ed1c222e783,1243,312,1555
0fcd49f39d1cbe417948a3add0ee9c9f1c1027f76ea9981e127a3ab314697e49,1895,321,2216
9e781e453c3e578fce3b7cca3fea55e479439157c021ae9f338108adfbd9dfc1,1124,211,1335
5a49bda9b6643d06030fe85df5845d1dc61a6ecdc58bd529ce0f1054489d9cb7,1814,312,2126
05d7a943d0e4eae990dce36a9b508631c38dcd82610d236ca0ceff35b965db61,1618,332,1950
b076374b5d49deefd7ebedcd33c031d23daec851d49bafef02e04bde232b249d,976,213,1189
90f747d22c6d2bd204188c7e3ab2b5b981d392df14b52fac82f4a1d5b45c125b,968,203,1171
eb2787788cf4e0b81a8a529c61ffe3ccca689d870079394742f7cf881fd9bec7,1077,458,1535
1431a71610f8acd7a8f9db542a933d220f8762c633976d9ba366446c4a5b044e,1219,207,1426
5d312efa3b3f1eb1f4bde426e75f723814d904345e5a63939b96acadcc4beb16,1278,213,1491
f0105308a049a34127a04e0865718a1429df7b1ecc5668891aae3e3ef7403d36,904,260,1164
afad73455093b0f9213ed7f76f5566e5c4cf9bbb50a369be06ae1e80f2841e59,900,207,1107
48b1803bf68d58b241f8990727e12bf51b9c1fe3a1fbaffa96244f9af528eb8e,1500,209,1709
fd1b910bffdd6dd821cedced8010ace710dd8f7aa4c3e8160386758212efb61a,1053,205,1258
794e4c249a9c63f5857d84f9cbb8eb9fc1baa5f7dc89a6a18574520dfbd2bf9e,989,206,1195
648befda028209cb9c69bd0bececa5e829e811a35ce73947a20b9ef7c1ddde2a,1298,365,1663
3cabc75235678dc57ff1ab429b592c53874dcd5ae40cff915acd6bef2663a3bf,1346,205,1551
4eb8a48336eecc4e89b572d26c2750a33dea5f43dee5ed82bebb070307750feb,930,203,1133
0c875564a959df2fa8b223b0680df0f110af274c4638fefd7be3e08ab37d5950,1644,322,1966
60e73965c0178d9860c0362a9a1e5a62376ad6af50b837b32eea5d55e9ea60be,980,293,1273
9aca034a7b757ed8664c8252c3ca814d2d39ec51c7e80ef92c30304f508d1b4c,1504,867,2371
f0814e2cd5341bba71422ec63fb2f7954e4f62fabb4d5c91e8ae68c685a83f72,1128,220,1348
cddce1a6c284438080d7f820cf64d3e923ed6859d3e6f53a93e61f58658cdec6,1744,326,2070
465585fb13adbd6db5eb5c573b913be11985ab707a63c30c331ef2b285d7deca,948,215,1163
035b7eabb2798585cbfb20de595614797493e31192e71ed2fdb8ac6cc2e7b2af,1387,207,1594
e07e18e4ef53c3f48521f44006baeacb112f0be3361645444c958904ef4d28de,1515,210,1725
91bd584da4b3c399be210fb61ddae2c3af932a38c370b3808856990a4eb49475,2289,314,2603
350fbad7e4576daf4a54a844f90708353f712d78cec1b4990c6d3b828d375b43,1042,212,1254
f5efb635f81427a448824d1dcda230a79c2e1cbffd6132d245110a347dd75b9d,1124,205,1329
e324db62a61eac8a1850659470dabb9e72f146e8c84e3a9f085e2a903b9c9d18,946,209,1155
5fec484fe51e1d22e30b136336b48597f258e195618bce25b4aecf453f92e446,986,200,1186
49f6e5b80b00d6e1beb91b938ab5c85b8d657d285a0764deacbb8aff9b5ae32d,895,211,1106
5a212a588b616adf147e6636b4410acff6d7a7802cca0f0551d9360f2626a59b,1544,201,1745
351bef1065b18114109bff07dd1d2c30777d6c283e7fc8bc29fcceeb00ec2a31,958,209,1167
6e1c51cee3fc1de4896dac64bb5c7b501f6a978d12dd5375df03bc76b6780103,1184,208,1392
b65a13b964701ea4df0f3d39f9993efb00052a6deae4e6f6e7b3baf48e5884be,1145,601,1746
a8353c89d4e335688e1461cf1f3afe4cbf678c104fc3312e99bcb5c48694264c,1681,787,2468
1f376f34b84d2ca7d34e73a91f5f04152b65592954d3a798eda366e98695c94b,1831,435,2266
d0e2922b334678fcb470a9eacd7d8b8ea676cd7d41f89e1acb7bc974acc538b0,1040,213,1253
03eb009efb2327c4befe71f4e25d1785cacc77675c93ae8f91e6ad1f89ec0f2a,964,365,1329
38cd911d59f3efb3a9ebcaa9be5e6376e16aab0333f36922ab33a81fcdac5e08,1111,451,1562
5f6607696ff9f50f6de7f3747efe15f2d86d36c89a3bbab6306272b48fbbb132,1277,286,1563
6d25013b8bb25c3ba162740caa97053985fd67028b1aca1d16893bff55399e4d,2205,1236,3441
d7e8cddb2191ecf95f4a7429235e2a0f13e79e47cdb5469e7d958bab7c23a5b4,965,306,1271
7bd536d435c8153b9787619f4bff1c54689f1d599c22e0013d97483f17869d06,1003,203,1206
67f65fc25594d5c285365d0f518357042f279067c04479b8e5dd5c7cb284e6c7,1018,303,1321
44f0154aa8dd60d7bc5d158466443ece72afd0658d29b0780386f68a17694f86,1209,251,1460
4c3ab547563d4c46e90f4b98bc927e7166bbff4c159e0da452c9e39478710fe8,911,307,1218
032501f3955bbd14d555b598b75b4d630ab6c0be102235cecf7ae4152892eb1c,1252,459,1711
a1bda5dc0caeeb436cc90b810d02d7c5cd0ef9c7474e1f6343ba9e090b54385c,1115,216,1331
74f1ea4810a764da0b8eea63d09de3b47522434f314690ee4752a54a0fc239c4,1000,207,1207
0fddd3ce119ff6b8f05b03e1685224fff92142b9e496498c404108b17fa8afe2,1213,305,1518
eee219d6807d07df15038864cc15c2adf52c5d5193b60ab75fc4c07b9aed6c82,1032,362,1394
b7469fd0bafc717b27a117cc951a22d91c86afd4d7a5144fe9944a6defd31585,999,205,1204
5b8032f7d227c400c14c9bd2da036ec7e59dcbd59d763655b1b3dfe483d002bb,1124,214,1338
7bbceb86c5b24f123fb24166c463a32cb2782bc4184e119cd9c08fb6f1f72920,953,332,1285
87994f00f027042b12e9ca920cc6e4ecadbb9a8d0c47f32055ae649315508041,1211,210,1421
e699ca3abfbcb921dcb270df4cc33b522de654e181433c2c46badf399d672838,1214,321,1535
af640332052d3612d4c8f5e93f26052761a40ef2cfd06da7a6063842592937c2,1423,210,1633
886adfe0817d8cbd57de0daf404b3a564dcf273b0a4cd47179d58161b453518d,1622,318,1940
ed72c12f8ebd68c3cfc385772a9041aa4ca16838394aa767847f9d1ed5a5170d,1507,280,1787
bfd7feecb9e81cd2a72bd599bb8647cca774dcf091548b0e164bda0ad2faed0b,983,208,1191
beefc02e37a18ba3017c2b1ab38b921d1d296ce73d1fc14ea2e00a03371e954c,1939,551,2490
993b55469081fd2a83a78ada069f9b14d21ef8362dd91214046d136af7bee0f8,997,201,1198
cfedc858937fb9af8aee074295047bbc228b92be025c2f0b7643e5a76136e28a,1462,212,1674
a658a2c1b936f6382824a789c358009d5fe82a5b0155d261b7ded4bad45978e6,1079,211,1290
be669afd6efcf39c86abd8a280dcd97d442492f12c3c67131a3055d0ca2b0c9d,1090,215,1305
b32d85bbfb2c9f3d397cb550913d9500d257986b1bc75043a701870d440c764a,1557,211,1768
4a79440394aeac540ba8bcf9e48b91c68239b747bffdc97f795440c6d9bbeec8,1124,205,1329
c5572abee8ce855b2670760fc8d9e9d9b819cedf7401ddc5465f2465f1556220,1166,323,1489
b3955100a937bb5abe3f67836ec0dbaf256f99c3d4e1827c52508ffdb3ad2b1c,1385,202,1587
377bed07dc3456642ca286659ed0a4cf26be45dda7a5016ea1ef5067bf500b2d,1437,457,1894
d6d9abb8476c762ed81cbfa0eb29552d29a7e47d5f50466beee63cff32d96ea5,920,209,1129
9f161568e92454a8900b77176fae91d928e8e6210e1dc9ebfa9c55d57c2eb971,1881,435,2316
e05fdafb02ab67d274a44e9097af60e3023e4978676c259d345f0c14e4e350b7,1283,210,1493
ddc94e19bc04dca996c17a73ef44e83ebb78df7d5f9543feb9b8f869978e5888,1580,455,2035
5dc64a0a0379e728f2e965dcb45b44c84332c01ef140caa4c460100265221485,921,212,1133
a17cf21195b381ac8e4ac35e5112486250aaa1b30f48ac211895543b6030f7f0,979,215,1194
b92684f1c759a1014ba1ed6ad5957841241310434b26002b97307bf9a36b3e89,1380,326,1706
c002effc463aa7c0e6a085c5eb8c58f4d0b0dd767e267f437c955b7b08641e3a,1047,372,1419
09bcce122a798f6bffb17334d4968f94aebab8e3c7c931adef7bc57523cc422a,1116,303,1419
993e8157c0ad5c09b060583aea7101824de23cbc86e149092d0b59ed8d9829d5,2118,312,2430
d4f03f203d918f7febddb9173864b4bc77a9646e50e9e35ee1f24a1721ece809,1679,317,1996
9f1ca94c3fe5c27bbb35180284197c663bc1e53d581d591b568760877d07537f,1421,465,1886
6fdabb57544dee685e27b8f7ae024c9b644595fd89c4e08891b93a3ae9430c0a,1078,212,1290
0e270f3b3752c9f207817a23a188ceeb12b3faf7afb173f3654d68fc96d99a5c,953,218,1171
3176743e0ff4e8ebeed79676dba298053cdbbd60689d7acfbcee2535f60a8277,1166,620,1786
37f00cc997e3fc72a995c0b825b0c901d9eb3dc6dd33a7c8804b63945a42e766,2253,1375,3628
baf2444c8ba1e49254392807b49d217f5f05c51daa067a0ba62373557e221ff3,1273,213,1486
9ff2566775eecb4b3b7334d90fcaa7f5250b9d82760bb6c2e73c47a928981997,1133,209,1342
d830140f98404b2b5597f677affc0614ff519e8d9730aeb3c7bdd4e09efc5e5d,1124,205,1329
f45358a847fd7fdf2de0760766bf3985ef0e33bccf83a73c7b9c94b6eedd23f9,1045,455,1500
47e650c7ed03a53fc04c385fba20f58a17a4ac31256bfeb12b47200d1bb99078,1229,209,1438
5f08ba880cb787de17ec04bc69c64167b960dccf0ffd2224c44e5a02f404d1e6,1007,209,1216
8d8e101b17b5078505a96844f579f7f6c1d93b84165104c66fffb508abecec66,1824,318,2142
b340548429d37ffb6345ef62f4484aaba92e1e2e564d595bad27b1a814ad46d7,1075,284,1359
98ebcfac16807d657128d3bf4ab9b6abdf6b1ac3d72f3607bc00193c909cece3,1169,210,1379
da43dfe707c29ecae98a6a6525350aa121872bba8af04e508b9ba91525cb0c72,960,212,1172
63c2f849a4d5a9e18f1bb4d7d26a7def5f226fd069029b90d3c1f689cc68cd9c,1033,367,1400
b2a4fd8ad89fc931b3f9710eaa4d7be3f99874ed07764a44226c8c2ed7183b3f,1994,770,2764
5563113810461dca61e37630ddf0b618705638d88520ec4a6883af0a4eb0369e,994,202,1196
a09a78e25cf38c89497bb7a2a6b2ad1087de1e0cc36c6264cb13ed8b57f8688e,1225,205,1430
6a9026c320ed2d4d365a0ac4f80f4a4f455722c849e30045a3fac6d33ba044e4,2214,1249,3463
da236cd973585881a74d99671c19174fb0c389bc9760f6a59d6a59a3eef483a9,1593,312,1905
4216c575810fba15db33d8f4eb481c8b244e6865ce82462d0d35954e56ca0090,2196,319,2515
1c340db00262aab5d18d91d10d9454612916eb50ea82a975ef0eecffe9514f61,957,254,1211
1ab26c1056a2efe0f330e73ad4550de7b0c764e7c74885a81053f321fc44cf49,961,209,1170
cb023cd23a733cec8c53a9326895c6d0c0845d3d9e08ed8fa4bf3c9a8ebd131e,1090,203,1293
bb65f4751d57f7d63a75b7e3a22fa373b3f05864b9d484ef65acc634faab6f2a,975,209,1184
c770d77b7cea9adbbf3e797208466bba6ecd8588c74ef0b54cbe68a9f2f853a1,951,201,1152
ecfd102d829fa329c07460d16a3d77cf3a0b122d31f904b3952a4730a5ad9bc7,1571,243,1814
49fb5e89ff82cf51646c3803200403a5fc978523d3c1dea457c0092798525d96,957,206,1163
317c6d04fedfcaa343bb6c442a65f07a1e5b1b26f0d97edd940e3da1a386708c,1635,320,1955
a21046a4f7d8ddc674f9fab2c85a0ecad66fae750d93c8215d1c248cc88be5af,1015,291,1306
85682783bf0ecf4e0f73236f36b743abca46a2bee8da6f671f6f81a8b6287241,940,217,1157
fb2bdfef0b5c0e72055b0e85e1a11b617fd61e1ff1d15affae9c867347a9e97e,1124,205,1329
8bdd197e418ef0a7fb6a060c256fe84a74a46126c512360ae8f56f71cb55b3a9,1265,210,1475
afed96c369052a1b39ef00118dee86209121ddc87deed7ac619a0332c1d48995,1756,672,2428
3b11ff0f442e798dfb6bd18754555fc43552e72647e0330d374e2da1a73e750e,1624,409,2033
4f0773f43a461c92c412bd87d5dbc4297a77aaf743544bea079990dd49d6fd55,1159,213,1372
cb883d9703965e5c58223f4a6b42749eb37c94670ae66f04980eaad894f0ae85,963,201,1164
a72967a6aeb203fe97cac9ae1154279b360481065aa9433955ad7d52a0649587,2279,545,2824
f20e2ae6016f09881695e7d4281fb105b537acabca75ab1f320db8aabb7c8ab4,1084,371,1455
9bb9204db124fedbcf3d2925389e29884618408e9281c5b8f4a964a9c8612aca,884,200,1084
c584853dcf5085b03c93593493fdc43217e45ba0d43ce02b5830e633b97c968f,1210,209,1419
f052b86a7923fe2a84a7634caf1154283db20f038a2fd3da41e620c2649fd351,1180,210,1390
7625889a099472a4b30e0b6342891fe8657d66f97013962f62d494e32d99f898,952,292,1244
3155bdcdd3aacb84bd3702cbde9b7efdb2919ef2ce2161dbc71cd56337f1fc34,971,218,1189
c89866033bb89db145c36523f2d09492dbfce2c8e16d2cf3ed26c39ad82b3014,1041,234,1275
e0d3641a0893cec4abfd0cf97cb3d10a0701f4acc54b880e1674d7bc0c777485,918,207,1125
fa0fba24a6b54a5720a6e0eddb443e0f9ae1e1177ce13612aea671c4e0da0819,1010,221,1231
12ef43bb85fe6b1ea36a5cec59c6007d32ad83031fb0033c006e4e2f6edcfa47,1580,202,1782
61ab22bbd6b16107e8546eca54d65466c9b5bf065fd29c97a4773b54b0b786b5,1124,205,1329
6ee7a10fcf5c2009449f5cad660ae394dd2d5ae9b2dd3258731a04a05390ebb3,1248,216,1464
702d89d654bba8b46d3c0c05cc4cae52caddefb55d5d3a1bcd106c139d6aa952,2128,723,2851
2f538b9d2ef8a1347540f64ad918bbc55b0eaba05555dad7b4dbfb680b602e51,1256,212,1468
13e1c23b7b93d62215b64ee2676ade1a69cb0cd5f777b23f2a1016a10525d60a,1587,375,1962
c3aae138dcd09bb44bed8cc8a54407d3496fa8ec55fb76f63aa8f8f5fd7e2600,1492,293,1785
5ab7c6a421747f7014951f48db00a34f58504c74aa4729099c897ec184ad959b,1090,295,1385
8788f715fc7901faee6a4618768b5bc63b18feaa252eb743fad3b1c611cb92f1,2110,542,2652
6bc7f1908b5ae38f52d2b276caeb50715271321314efcbfb796bb3d627ab5c41,1923,325,2248
e70ed1b2c80258cbff0ebe31eec982c466d2194adde555977ab86c40294460b1,936,214,1150
2e0989b917175b45805927880be4ed6c66ef4b35e8eac42c76a6491ac387ebb4,1064,295,1359
103f5f1087c182a8345f8a729ff785a39eb8e34f257f07c22df6afd55da44ca9,1359,465,1824
5ddf104630096f14c8c6bf8aab0b7b5fc3d749d80fa78333a52fc3e26f3111a3,1153,216,1369
c67fc96de6f5598124bc38be77b1737d82d367309edd9849cb997d299eefc131,1125,290,1415
4af30ce569224db2af94d8c52a362bcfac3b2e6fab2ab9651b5437993213b6b0,1230,210,1440
2616cece815b7b80c46911b6286479918f3b44232a262588f88e8f4b17b41c71,1847,329,2176
757fff8daca2b9123f81c3fe6e391bf9755f6fc140d5d6b472213a8ae2e5b604,1781,528,2309
ed9d57a156f14705a31e3ba723dce7c591f2f9d21cd61fdde61bc2b0a6d8bb3f,1584,291,1875
e1265009e6ab6c7fe895bb029dadcf95b77389f3cbd19f974e52d44bcc8020f6,1042,288,1330
ced91f68a7b8d41f270508543a7ff62590ed171ed21d6104ea03eb5d438ac948,1018,206,1224
ea90a694fcbad8ab14ab9c2ebe7e0db3b29db8731a15c3486c1ea41feb7b0232,1217,322,1539
4b81e368235c904d230db7f25d4133f62f347a23b99aa10da90d26878fd56e82,1003,217,1220
c8c7d5320bb73ef37e23c95e0102d6a84e118c42d18a3b553384af6380461953,911,204,1115
1646a468ac58304c254e1d538199435040100fb420a3b7069794c5bff08af91e,1334,472,1806
1bf9a70c56a0fb4211b479d53e395a3c59ab22d4c342522550e3834300b6b915,1280,635,1915
263f355fb00dbf14f860af563f0923ebb1b3a2ccd808d07faa1436643c2a71b6,1672,435,2107
fb1284147fa48c82590e6e00add3e6b08af2de88d1ff52a00275ea56ce4c8fa5,1735,663,2398
d59980c4ca027ea2a8c4a0b1c04653f66608d5287120c2c30cbcd3186dfc3adb,1198,213,1411
b0559cfe7abe2a37cc494b71c84dd6ffe3a14bbcbe2e6a4c29e8d5a17f8cb87b,1124,206,1330
fe4888dd86e0d92c08053d950ff8c9a22fd0c3a200201171a681dbee173dde73,1048,205,1253
0d46d7fb1357f844255446d17122c2135fca266980311524c9e35a50db5142ea,879,201,1080
20d210f9fc2d09131f0c33cc37c164450e903ac51fa58777dd21052b1f15a689,1654,420,2074
8a1945488179aeed930fb83469f7c2f59f33e9470568fccaf23964e8dd1d8f82,1224,209,1433
a35f381907e3ae71c32287987ded1deeebeb39d29d84984809a4ed6b41b7d76e,1903,1488,3391
1b0d9655a89414619273cdc6601ec75359ecc8491dba3e2191eb7d2f9c1e3f5f,2235,316,2551
a7fe72e8afe96c91ac65b6f33e0c014a8b98b1a5d79ece729ca87cef88a2cac8,1241,207,1448
fb3786dd38dee275abbfc056dcc1b1410b9313a823df7cb429be5bdb242db6ef,2218,654,2872
a5036e111a87ec12d8d669edb14faba2432ceecef0570ff1af74de76439eda13,1102,217,1319
5cdb5efa87b30f06fdc8d840e9301ec97d5f8b438eb05614b255e05fe803a1e7,1024,216,1240
dc0cc8adcd56ffbbbef07947f01a0ea26d258e6b5872c6771d3f42729e25f7e9,1086,285,1371
80812866e109446ea310c3e28e75ca9e01e31ad970e2f3c3d95a7f37e43dad2d,1131,206,1337
485f6a84082792956bcce0e22bcc7595a3222450cfac7f6689cea4a0b1e22f74,2198,547,2745
5b1241644b715e03bdd9529533f48d5329be7639dba015d3c8382174a5820b39,2081,360,2441
3ea9497d6f693b531651f516a8a02b4753b0a139e24c57e7eae411a5f61ecfb3,954,207,1161
627e4c9b7498c00fcede7eeac2f1c935b38e5bce5d41500d6c9087379cbd25e0,1812,853,2665
33f527348f87fd2acf0485c6c07a8c9fa2dec0ec7c3ea962ea55b7dda9cc803b,1285,214,1499
d0f9285c7d84d82e4605b54d3d624c058a9871217645339e416d5ca895c32428,1049,202,1251
bedcd30c82ff7ca4cad7addb7666ecff140d6dcb19e6796d23ed5ff1744232fc,1133,216,1349
a60274948771a1eb51b80e14f2f901ec91747891ffc708003a8fa7fe184f95ff,2094,550,2644
0ed610213637fded34efcc8f32d82d567ba632729bc37c411724f4b1e3c3206e,1664,555,2219
2662445dc3a224726b57c72e41b54aaa576acade33c34ea21cbd0959e7e47557,1787,648,2435
80f1670e05c99a2b9f0dc76c9806bd0aa4e5dd3dd17fbfbef771bb29bac610e1,1222,208,1430
7c36a4b85d1263e2d886828fc299df84b00a00621830058ca76892e07b1d5bd5,1867,323,2190
a2ce124b081ea694e7687d1af8d0fe7fddb49120d27384773b189ae451860785,1589,296,1885
84c697611d451df12525d51042bf28171c298f589fe3dfdfe556f3dbdd966f7b,2272,1029,3301
fb54e4b8b820e130dd923235407e5b9d02c2b5de23a86c2154ed181af257fd35,1106,369,1475
3a9e8abfe7cd081b8313580c3d874af5b3666eabbc5710ae4949785527a99c5e,2168,676,2844
14f05994a3ec085203336f1c1265dae2baa84c029b270b558a46101e3461db30,1222,216,1438
e60b056f2fb76c2add219c7840ab13c88becfc1b3ae22954034a554d19a378ad,1124,205,1329
75d32e7da2af8314afaf1bcb64d09f41a86af7c2d0a99a37c593c78d74f527c4,1124,205,1329
da1de0735633450a3eb6a27666f80af3c077c8a5e9f8f910499a0aa5f5d94413,877,207,1084
8a911e044a8edf9a451e2a5a643b238c2dc691457995827aa1f3456a6eac6b0c,1032,300,1332
e94f49354d4132b7dfc191c6fcd8469b6b89138765371c330144e3f1dacbaef3,1603,367,1970
7ce2a13256a078900326011ad6d3a6c3a0f2b9fd76f4fe6a96b2710fb581b23b,1009,388,1397
1be51dfea9dc3219b2c0d0333b964447cb8f94ccc67b0df5455e926c33c66d0f,912,209,1121
5e6c1f08d5cfcd6abbbef04dfb121a336b834aece68d7f9e929dd9cf8d6d8411,1051,204,1255
54a15b2f51c77ec410c4a59e26a8100d897f459cb00e74b2466308bcc2651bb9,1120,253,1373
82f4eb599d298b37c0aa577cb448bab16564d6d8e87bb0af9ded9f8874dc26de,927,216,1143
55423ee4b115ad31af0d157c6aca0167a7484c75a68efee675c6fab3d4270c49,1316,350,1666
b215025199ec642cdc326475a8c01b230c01eb1ef12518fe6b66d4aaf7e7ad3e,2244,557,2801
62f1951fa0441688ca6cd3269ed5b1b6aa91708f336bf8ebeca36e48d9c93f95,1173,211,1384
2fbcd3f26f352dc8c51eb37171c964cb4b3d0a80f77cbaa6f595509e80bbbd01,1120,213,1333
6778b713cb516db4af0ee2c9447ff9d862e0cce97b3070d5081da69f9f872d0a,1614,211,1825
160d61f95992744cdcf3a9e5ac71be1ecdcadcd87c5d22950ab2a400f8368caa,1033,292,1325
9a8411db45eba990981084971a08b08032dc626ea250f4c1ec46c05f51535fae,1233,213,1446
ea4432788ed98edf4ec2b3fb10740b39a93479f64a2d0981360efa8a502c6c1d,1427,595,2022
787c5f195fa51219aaf20de7057475ecf095732cc6d9146a504020dea9d9923d,1411,376,1787
bdf668d1cd8ba33207b56b24f70145e8d2cbc82039595a07939b4b51efcaf919,1112,325,1437
7ceba8242f575162cd0ea8435b12d5dc25752ab213914941d2cbf3c7329415f4,1184,284,1468
6149d72370d92764b2e0b77ac75eedf4d35fa37bfbc35241b073a853371eb2a3,1025,370,1395
cd59b7e916547585d199dc21d9f793505dbf050840ebd1be138a60912beb3d39,1124,205,1329
445c9c1ccb97f672a1db5272dc63dc894ccafa56948d6967582b5c9dc8eb100c,2274,368,2642
5d3a98860b2ef256d03be932f56642add32253b67bf6e0c2b6986eaff2ebdda5,1580,292,1872
845f707ee7b65bc12f463c2e2b6b584f663ad37ab4991ab297321574ec5cbbd5,1438,216,1654
25c38d4bbad2bca0c6ee559b28619881653fae9c63b43325055fb66bc147f187,1190,1045,2235
e02dfe48aa44be65ba71476ca0fccd5758305f339a3606939eceb63d76bf489b,1102,442,1544
f7337d6a48a9aae848cb146c078b8048d9db01b1c5011429cf0fd2b1d4b8d22a,1923,584,2507
d9b71e0688b51fa427a5a8b6d178c7ecafcbaaa930f06ecdc725051ca8df04cd,2021,321,2342
ca10a68fbd5de76d0ddcfb6964d3ab962f6922c5857b4b632a328ffa6d7d6878,1272,213,1485
99d38e2b27f8ead91f3aa505ddabb68eaf5ec6914deec766e7d2dba63ae10021,1213,202,1415
bbe40ba0be24e42f5b6095ed4c7bb88f591a01d1efaddac467c76ce0ad0749dc,1615,320,1935
4c3294368b6d7b7698121f8000ded434f30cec974efb0011b5f8bbe57abb6f6c,1273,209,1482
f25737da7bf3cc9390154a51d65d22690f4d4da09d95614756c12419987b1517,1119,216,1335
4e54041dcbe96f577419bbdc7bad88bd40496ed36bc5ec169237f9fa75f20ea1,972,199,1171
fcc458277b45e26875cb44772810b52b59461ff8aa85bf7e6ea2b756521354f7,1257,385,1642
96b39fc4df0b3c8beeb272d373b39ae1822566f666f7d12e7dfa1ac409ee543d,1124,206,1330
8a3b37b6c1b68f26f4378e74666ee9ec3e1d054a5efffbb858dc950771cd7552,1334,212,1546
a480435a7de4a7ceee7efa4a7c6ff9beea3d95308270e55e23083cc0aba78658,1448,465,1913
a849089876a0cf871573dd7a76629e00dccd608863e3ad8a0d82200b39487b4f,1053,206,1259
d589d281c17fdc23bb8bf95ee4a9eae32d4d821ae9f29277d21a575ed82cd58b,1206,319,1525
5a25ba60ff283583fed132ae00e6f1a38cc5935dee732bc4fb5177129fa5677d,1042,213,1255
e27fcf36add93343a88d596d0d3aff4db03106522d1c832efa9bc9ba9fd517b4,1388,495,1883
9d2d6bd39880615cfc18aed7d6aa219ee8458a42aace3af5f8e204fa73479e68,1108,209,1317
bbfa272ee62629bd75d24f989cdb59da28c2e3388226ef7c14871c72fc8ddb09,1011,222,1233
64887ed710309be9626e81d1853a0c73fc9fcb413a8b6c09424ab0b027bc9ded,1184,213,1397
ed993c1f7a9d5a969b28d1648bde9cac43c12067e0823a504e5fd6dafc49159d,1295,276,1571
abcdcdc22c6cedb710d8810108e8c9298858ba585a2a98805ffb283d8d506019,980,268,1248
c31dae750f8cefe2b7ea798f51a1c244f6207ef7b9877b78b0c51280598fc4fc,1068,366,1434
c896a669a56ce79e6451307333dce6f01fde3a66cf1ac2ebe4dd13b94a66cb1b,1070,201,1271
b51a67769284060eba38ea91489b8aeea01dcc2240d268a59453226acac835b6,1016,293,1309
b8a471b6aa4e9aa718a16e3ca7f5f1268ee8536ed237f0fd8af67b85c5e1f3a3,2032,705,2737
fe1f3bab9671289d270817b18ef5837f4491bcfa59ae5fc9ee6f109acaf6f705,1083,212,1295
122742e12f5cb0d9c79017abed059884169b8913f564a85802648107377113c4,999,201,1200
807318aac46d455bb6e18959b8937f82aa623c3a82acb7486156c89515f99057,1309,206,1515
1762baa5d736eff761887a203402d2dd01310f72a3258d6cacd437dc2e3d1488,1089,223,1312
40f398b33bf8bef81db41a97ef3f7ea9a1696ce11e624ff613748cc39b808485,2159,685,2844
e00aa82833b89fa4539db93e28031073dfbbe4d268ddd3b25ee34151dee3e551,942,215,1157
d53b15323a55530ab0a2a5dfc14559ef0160d14a79d9a82de5e53e4c749c4627,1560,209,1769
d6d981ce82fc3474472dfd7a6a0174c18542e1eb056067f5e5687ae1fc1a2701,1000,254,1254
1fbc00136f1b18de91e881ef999b81351e2d298e2918f4db75d56d09c6c40b97,1296,201,1497
abfe60ede06e0a05c3a2ca92016a78578d5368f962a6c08928cfcda7f2319479,1251,436,1687
d127113f100f38138e21156e244c68979b5cfc3a8226cf52f741ae2d33a836bc,1162,591,1753
aac5e6786f29d17ea13a7940a4f9f959d06dc22191bbaa0f8c46938778000210,1643,799,2442
d4ca6dc2c483ca1cb163e4bf1c6defd3b00d55c33d70b273bbc818c17d9f0db1,2256,760,3016
bb7f9a86c57b512059cbea25226b1e86fe389dfddca8200b386f61836ca86392,1160,359,1519
9007e2ba0d6417fb6e6fe622e01e5317e9adfd8ea1b696f5c5196609bf1b5864,1043,212,1255
b7ce12ee60bcd55da7be9f35639c25e2477a21be1932318c6fd9def80981f149,2315,314,2629
0193badb2ac900c0410446f08927fca577523c53fb286a22156da36331856477,1137,262,1399
0ca20ff4ab33905f2be92ed25e187cd0bf20d91dad49ca48a42a4964c68576b3,2167,1225,3392
fe46e288566b4f13bfcd61bc06524d650f91d2fa3b453396cfd07bba5f4c0c1a,1228,208,1436
a7a0a1ff7dd20844494882aad5d61ce624879c0ced2fb528aca4e8e8c8d185ac,1124,205,1329
da1644459041caea9f5497036b5ea87d87e6910e8f48f5b6a552ca6e262e230d,2063,541,2604
aa45316188724da42e9efc9d543bd93d1aa20f170eb88e9fad6ff4b840eb9963,1119,212,1331
89ff611746f1f3794978b6364eca4bcb746b9839170d2a213d3dd28631bb390f,1502,210,1712
0d3d0a6a03ad0cec21f78e4d83ebf94daccf74c15371abb649fbf3ec9272d152,1354,217,1571
70bc5e97a9d33b75b430eb24886da3f8711309913bb0aae17b04d6ffb2e91481,1187,213,1400
6187b6b2a69e61a5d675a3df3728932a73963e805707ab6d2439e7004f2fa6b2,1604,202,1806
37fe113a5f2bcdd897ec7ec6cfab853c8373d2e3ff022bff710e63f36e88cc4d,967,214,1181
cce0467f2a989ec07041f76a18930f0cefe5b921631f984f77aef2e1031cfea4,2325,846,3171
6249f89571cbec58ab54e4942e0a76b4bf5e43a745feb5d0c2335e82a73810ab,1055,210,1265
09af5eb00c1ec386790b77d66cce96a1ba571e5ff0583d44ddb4ec9bbaa45518,2098,535,2633
76ee61493ab2bb83074faa2336c63416812d582772f6546bd7ebe1a5427ab19b,1549,213,1762
77027f91ef24b8f29a965377f4db64f8aa4ea543c5696bbb0ba485ff2b7c7a85,2497,320,2817
7d0e1cff3b5959259a6d5c731e94ced051a914a964b5ad420e9d892c6143104f,909,206,1115
7f56a7518b4ef56bf2d7d56ce01f47c9281404bdbea2142b565b54c64f1f6ea0,2311,544,2855
caca46d63d05105b53341a067cff483c19620e06e1b0ec9aab2b3f16ae8e2105,1097,216,1313
833b2703a1df0757c10e3f0f825a77ea85494efc34e96d8f7dd3ea9aee70f3f1,1058,215,1273
5deed47803af05991bf5e13b5432af7f3f4a5a7d2aa6b00261c0aaf3e8da7672,1124,205,1329
d90a6099129d2ef2018b00fd43acfce614e67b713e72569c72031e0be0a4e3b6,923,291,1214
d337604917058acbedee3f1797f627f3fbb12bd000c85a9585111e0fd6270249,1172,217,1389
f8ac4e26fba60bc20ffc766a5ecdbade307a4196a6059fd846879d7bac15f1bd,1514,450,1964
5e60855a23c88cf072c33f29e1f048b4ee4b424cff48c4eed6a53354ed01d733,1163,436,1599
4d43a46a9190ba8eda519e717ded7f7246c0b9d19fc4afbbd1497110fdae2f30,1217,212,1429
838619a04c074ed03c8dd8956386a873c664da787e6716b7752f3b6566701a7d,1120,290,1410
bb6bc8a013b051b4f3328ff9c75302ea06ebf361ea9d424585f8c598910c7e66,1114,213,1327
92c495dbaea52a7a0fb6d28dfdfa5d6c722cf681858a9712798a32d80bd691bc,1321,532,1853
a7e00b48f4de6ed2ee931818d2df3593be1abb813af7d9c47dad174f40e0e677,1332,206,1538
12443f1fc282da2100cfb21f324f547ebb6966a313f032e406b407e6ee5ec16c,2230,467,2697
67809541d6a432875176c498e9efcb5b3e90d69d9ea027edad3985e467ecd30e,1221,210,1431
1e78f599932636518797467d94776dbf097e34f56216bce4b141fdbedf9ec3f0,1221,316,1537
435b2895e74617698378aa4f306d25cde8269dcc1d9b7a1c9e867c9dc1161aa2,1254,296,1550
3a8b845d8284bdc1dda0c674f2b7e9744ad3e99ddbf06dc12e5d66f34a297e01,2229,992,3221
76eb1764ef08acd3c7967d43434dd4f91e3de70f4f6649ad705865200b4db81a,1599,342,1941
51093134c15540d55f4582d206657a86b65d39ef936620c8e553308f7b971145,1016,205,1221
86a8407791de6d47263299189894f0087ebae8f500abae7c573f01dd0ceafd51,898,208,1106
b612fdf5adc25d095c378b0b71b03be5c25bd403254ca5aa0ec94d504665fa28,1131,211,1342
136b1759c817effb711345dffbf1d72335138a477ed189e5efd6867a524da83c,1124,205,1329
daa16989f4b14a2db8f30202cc4689ad29277d59d9881970c379b9e370b01d4d,1033,211,1244
e37896106b759a128779feed3b86b440fbd0003e97db82f0bc655ba3cefdcb20,1159,254,1413
18ea12ac3c51c1b695d5ba874f77d76224f73433c8b87780d040e39fde63fcf4,993,203,1196
e75899ceae5e16a36a23361c3d9bc54782866f0a8a31c62f9351bff2342102a9,1496,213,1709
779296bf9e8039d2aed2f53a951e73f3df439b31cf89ab63c141e3f35679441c,915,209,1124
e261de3ffdd9bae3ba6051cc0286c35cc445e77ab51da0e33d57b9683ddc9e57,1096,367,1463
739fa659ff3c62713103521eb9631214e04b5937a487768f00a3c85d77ea8ceb,998,205,1203
a14e928c579f65afb3e47250168bdf6c9149394ad38c592c0a04718d7277d9fd,1069,208,1277
5721492b2925a3561b1f821f8c1b7508752f49dec0e620dc27109ff49b6c28ee,909,205,1114
48cb80bbafb75e95a3815aecb6bb9a24405295600baf421c2caee5c3f56a20e4,1023,207,1230
b8271e265adc043be242359b5849cd29b8d48420da6162dc0562696136474cee,1291,206,1497
cc32d48fc910ee8498e455669182ccd458cf9b1ade60e997ebadb0df5fadc8b4,1705,426,2131
b077f2967b4dd79352f02ebd43681fc5d9f9d09f3c2ed8f557d8ae2208b6dbfd,1941,557,2498
794d157ef87141fa3bf893798d9fb3f6bd7d55117f95ae6e2c8f1af280df880d,934,219,1153
cd25e46f550f3ae02d2ad89cdfc72197c586b463410ba1edb24c24a99fc1b8ab,1499,460,1959
97bb94f70f2ba46a3d5186dc861a4571b753b0c1628d8c58a4325901abd5b1c0,1705,548,2253
7add962d17a3a00c5c0f3338d4c7b6d04b51917224cd3855f715656d76786864,1074,473,1547
6c4f75d8f83596c9508db557f58fdb277f60e090eb8b1161eb02645356c1cdb7,1250,314,1564
df2cac01525e88230aac5357082783732c70605ce7f94e3404253847a25b06e9,1054,209,1263
34515d234ddfb9348fa2937452d3203f6667e427ccba767613d2dfab7d02f9a7,959,212,1171
8ecdcb3efd2c41fdf3fbc7cfbd1a6fc50ed6e1f1cddd2be48d75d0c21dca8c8a,949,212,1161
d5bd022e17daa0696e96f2a16ad69ca4fd4901cccc0dfa0a07b5a4d0010d3b2e,1486,450,1936
3b2b0201bf104fb053f676ce34aafc90c172db1e5e034cebfc9d9579c3baf48b,1055,763,1818
fdda414d23009699c238c8973e228c4e14f84a1661a4d09e93980b8a11ffcf34,1587,290,1877
7a7e3cdc0f31d526f664e5de078f86438c90129f077f0e0556e08620d8cb8580,1834,809,2643
7a75eb8e057cfb0bdfdeda90d4d2536ae12425713571897e844f78aa2fd53cdb,1163,213,1376
ede7bc5eb04421573476462f980fdf036112463ccf7461a918c21ce90d3c0416,1280,211,1491
f5af3e920629dcdfaf36710018c41cde7f0e502f8b0445443ffeedb536d46050,1212,212,1424
d42932c94289088580555c18556b9067b5023bc85bac6856fdd5f951bdab10a7,1012,211,1223
2682e5766914943eb09766ea8f9f81bfc1c0f3cadb29dd054ae1e382bf934642,1152,211,1363
fde1f379404704e57ca9fc5efe2120e2d48f5139ee3ea6217ba64acb333bfcd8,1646,319,1965
c4c50f47ecd9a1f1014144d45dfb3d177828aedbb8b994f5bc4d8bfc3c33727b,1100,215,1315
68e30c8f1590fbb87af536c25b478d12952d7b99f25e2ca5af9211ee2d6bde07,1109,210,1319
aeb681a871d1840128b8d43c5932d4ac231d78d0d5accbcf4e9a22e4c6052b70,1258,220,1478
8b572570313fa873d25961e1d2e8b7c2332c16b14b194a11b4c729675c175a8d,1020,210,1230
830dc5b224705ba76da673f55cc07fc103b1df57ac671901a370bede6f16be9f,2281,676,2957
234fd5ea9c9b000f97fbe1c1511d3d5994f57437ba0316f3c93933f41091c4de,1188,606,1794
c3b42ae780813f3b77fbce1dfe3b45c3d11a1c6a1d4350f45dbe61df6fe5aa41,1048,209,1257
875a3375e6fb91f027100bca85f9d6a9b99883da33107c3bedf86350cedd6cb9,1124,205,1329
74add5f4e30adc31ea04066707966cab8675815e581547f0766b86b4d8c393a4,1062,220,1282
fab1bd9f678e2cea8bafabe7d17993a8ea933731fe34c68b2f2a025d351f80e2,2287,556,2843
6f86de3d9bdfdfbc64f658ea34c1c5a5a95dbb0a7abf07e01fdf740c44584afd,1068,367,1435
b7edab4bdbdf294e2ead80ec69cc68890e595323813ef9884a773568d6ae9dcd,1112,550,1662
fa5e0ce5b79bb11924dd439db357cb64d3360685fb24147421fbbc19370af7ad,1208,207,1415
63a499405c332734d27420bdd0061e09b5b022a96661acd549821c9de16373d7,978,205,1183
644f9a2c1e69036c685264876571211f7e2fc9aee5cf3b6ad4de40926397b116,1276,205,1481
3b41bbbeb296d33ba408f99695a319d3e4e01e427f0ec64450f3d727cf7fb411,1100,439,1539
0500a28bdb850e5db8f753e75496edef4998c554be98d13ba162adee8dfbc34c,1456,210,1666
4317b104ead9cf3c72f809a35309501d9520670f09c1fb41fa670464e0e4222f,1234,224,1458
2905cd5cf0387694fd7c4d79ecb55c6b907b7d932933260eaf4a96ed4269fc7b,896,200,1096
76fae6519bb08f58db7ca60ee7f43673860721cfdb4d5cd5e11c120f69e53d5f,2320,724,3044
f126adddb581e60fa8ec3289f881a0f041e1cc48dcbcc8f9d919607ca0c4a5fc,1179,209,1388
f50c1867ae3fd891876438a3909c8ba853e9040f8962ff65e511c2b5172397ae,1062,206,1268
b1574493212a7ab3d300bf7a0cf752bbfe886547483565e881f6cb7ea5eb5bbd,1408,213,1621
ede2461278c1cbada044f00fba978f26e3d703c5555a53f3dd7f68f01b76fead,976,210,1186
c4c94ab75b6a60b70ca6287b1e120705c2a75020bd1c935c99a9eac4fa25f65a,1094,211,1305
66717e1865597f35a83fe7ef545158970c4ca3317e07c2b20661319b286fb7c9,951,216,1167
40ea08e913027b910665957c0632398e17e3b3af45ed6b539d7a2a35be4ff560,1231,208,1439
436848605d116b0331687d17dd65a27978befab429cc96df8270a5000127ba12,1183,296,1479
eefbcdd401af57182a3a2f8530d5d1d0ac7308d0b521fb0dcd929f8b83d0007b,1440,210,1650
068a6fb45ded210800d24c63ffa998f9e03b451618ded0795fc7a0c178ff856e,1182,211,1393
d62bb69410fe7939526795c626fa350390d20d60a132c661a34814fe431e3f30,887,212,1099
c2c54520b9e7009c24b5e38048a2d11693693b69e12e131ccdbfa4c8807dc0d9,950,205,1155
66bee9bf1303556276b57e863767faacd82377db9990d99a5d722416795eb320,1726,313,2039
f88ba585ea69ae49786514ce558042c4a7e5a7b68163fd221d46c04872797b88,2360,1039,3399
5b0724728c62242c747988d486491ae6299008cd5d1bc3385ac5809b599cba27,1677,323,2000
b9b653e54adfb01be3fe57cae1c9f324a5173384f6e908cb0bea4913ae8639fc,888,204,1092
c163ce3585cc1a0dc9330c792de94ccc276f366469f4e52b4f2fe0954876240d,1080,210,1290
a7518846faa2b66cb9badb473f90673d98953609d4b7e78b263a43b95fde3fa7,1014,205,1219
3c5812021595aa2c7566684ef922b8db2f353b8c5a5a921444a93c0bf90ce10d,1124,206,1330
b5966073a792fe171095379f26eabf67a81e7f336f3f0adfc3cd336e2c614282,1072,208,1280
11f5bc77216b552839e25c0db20ee21a3d2c60d67e05d42aab8513441ac06c82,990,212,1202
1484f6906e7cca58e3ea1d1e85ce3219b449bcb62165414d97d261887aefa208,1425,450,1875
d163ae2a978bb85b854a8138933740bf6c8ed5161d2f0ee1bd45f5b8326870b3,1831,556,2387
9dd66ce44f60572657b8795696a27a95d3e55e1601615802c3d2eea7801287ea,1014,211,1225
a9153c2faf7117867ac77a3a50889d2abe79436fedb23b52572f5821fbbb4466,1117,212,1329
51e2cb91216f496eab58335fa5d469f87da052afbf94f2697ecd9f73f5d7ea76,941,285,1226
4bd19933247b30cfd27b115a90909764914695bb63c9c93dc0eda2ad196bbcd5,1278,310,1588
abe158d944d8741e4a43219498d83d4dfb40ce6a1dbb3ec970624bec9b21ddec,1846,314,2160
9ca027d4f8ae8c9dc585db59c4aafd22788041612852cd7389f1e78b7e2edb6f,1073,299,1372
0635fc4a8e910b052b6734f70757d08b8fa6dd40a95ac82c35beb98453bd6428,1854,206,2060
1bd8eb95175d1a320ec84383b88cf93ccd52042728ebcfecb1db1bfeb96e608b,1801,318,2119
d873c4746626f7bc9716f8381206596efaca928c9eb0056142c2cd1244a18cdf,1661,427,2088
3b126ad1a226ff850257b2bd0d7b5a77b3426c5d798bb162408ccee29747a6fc,1223,291,1514
755249c40662a2762fc21c04e0d26ac4c701f84a03125656ad653fafaf6473a2,998,278,1276
0801cf383150120370a8857bf465b6fde55a1f77e34dfe82d2c9807eae2eccf1,1401,370,1771
a42b7ed62ce2721c8197a9404ea84569840a644a52d134deedfeb4e6b95aab9c,1640,313,1953
63827d8a3fe8ff9b6bec8a69b353f9e75a93d9d4273a3311f9e171101765fa90,1236,436,1672
aa7316a8ea0e9ecd2447fc82bce9b987da4b61a4fd66a547d853177a3fc5eab9,1434,216,1650
277e291ddb61182b6d201b59c773312907972ea1351be0a10009ae603175b027,2421,1484,3905
9812ed661be92b9b2aec790917314da6e5e5c8af03e0bdfa204c2ecd19872a67,1303,215,1518
7302e53b452b897be6bcb841f17f80817f7d236b14c5c1997fe2feea28cbc229,1192,220,1412
c251e400e5c3cb268cba4261766bccf7ba6f798a1822527c4d4ffed43a8e64cc,1124,205,1329
e9e2d310eb4df172f26f31d9285bee42e4248be8dec609342c51b7d0abc3cd0d,963,288,1251
07bf08f34b0c67364aa58c6c74704e9c2257e86f720732948c442416b8b9805e,1188,211,1399
44d9f6820bc121087db3d02a45e329050bed7b7f360fdb4fead351dafff5e299,2151,701,2852
478160dd4414be92f4fd69bfe55f40f8eaaf79f4a88e7f2d730e9e1b04709544,978,211,1189
d5b048196ad3ece0109cb02fea17cf2fa797ff4cec53c71ad22f850c272dd3e4,1739,768,2507
ee9c7685ceae087c3a862b11f72657b92a569f986261c0345c2d9f1289be21ee,958,214,1172
854a96aa8d1709a0db1084448a0e882e1f346a7b48145145de7bc826e7b52bec,975,129,1104
2b5a2f32b751d18ea9994af35630482ce89dce9af63d16c9ad71f1356ff9ead3,1154,309,1463
34bcfda04cfd624177c6722b3d3059fb5904fba197f913a64c52c026c0741aae,1770,331,2101
aaaa449a3386819ec46d16ae6183e6974e9c0627403c380174081897b1b64280,957,210,1167
60b6e0e54e1aba2bf8adb38ed041baf8f11c570c19da991ab394f442eaad5adf,947,209,1156
7f4ecb6a5324b9516faf71347752b5c0876c6c8511488233e9e720f5d97383ea,1045,204,1249
47a6cfd52921b06ff225ad4781ed5470e8b97d60a1a4a53ac9c7417838e882d0,1530,461,1991
f9e81a0f3a06abb24aa0c337fbf6bcdf8ef42ed320b75cc9d507758c41f79eac,1398,208,1606
7411c82e4fcb25b54124e74b16e97d3f32acebcff945f258ad7f569a152c68ee,1794,528,2322
9c00f877397218928cc47f1baceebc676de8ecf3ba967f0675c8e53b91a7a069,1066,205,1271
5ede9dabfde6418341f4b5d2e1c3331bb7f2ff49897a7922c18f588e946ab336,1032,214,1246
30eeca4ddd2508036d22918ded1bc0c384e2620ab60c320b9ab6793fde4b94ba,1369,210,1579
18bf3b3cf968511ccb356c00418112f193f4c62d5e0d14ea00edaa4bfd96f140,1204,461,1665
d1fdbba30e2b7b6fbfa9b79230c570466f178e1abc9ac0f65de262ddd1d51610,1124,206,1330
a63794cc1f8f9bf9368a7d7799e63a2508b5c24d44c0a35ddb31ec7b88394091,2314,443,2757
fa139697e59cee947a2fa5a2d9aa226f691bc5e8c0c1bca55d380e181cd5fe64,1917,418,2335
26fb4d84ea11b8da3352150e9e78f1baa360f0960f4b51e218c7ad2cb9767ad0,1111,211,1322
f1e29c4d857542c8770a968c661edd346aa3ee3fb73e2793173ba26ff85d64a1,1077,213,1290
e531c94fa659fd98c5b40322fe77d9cb079b7dd14f1e111181b683e56515d1c9,1035,443,1478
82c59348362225f80f41c868ef1c5e28a941761c6d6e2f1a4816738e64abf47b,954,207,1161
173e0823b855e91222e550eddb8eb82ae54ce453af075e1df948bdd094dcce2c,1256,403,1659
1915388728f4c7c79c7edda8867ced8f4b455e82ebad857d56d8cd24d265786c,2175,659,2834
ce58dae474283082509ab12be0b836fcc6c36865f16ea7bb84333188a38749dc,1583,491,2074
8ccde07c906c658c5eda238fb38e6bf5b08fcd63e4e063c6bb2651cb956914ce,1100,203,1303
2727edc4d64d5671da01133d50b01fec5c891cf0ec285f7d1dc6082ad4c5e1a4,1410,1034,2444
4704af7b18a07727b402abb7136df224c3826d82b4465f44b05f51dbdef30d9b,863,313,1176
a7a7abd161f7f05b264b4186e8dc88cc4bd7ecfdffdf7fc2334c79ab23b0e0be,2218,670,2888
1d08d5ce027fbd2b1941f876137d1d06f551058a11b0af86610beefc1c8ae320,1116,204,1320
951cc44738dd87c72300897e9fc3560f0954cd0f033ab60d3deb4cf44571f6cf,2301,1076,3377
824b05735787de356b8bc345ffe1b79a2085f70ca65df415a318d76afe796235,1124,206,1330
e61a182b83e899c890abbf6d0583ca250684bad02dd9b53c1150dafd80b60765,936,292,1228
95030104d67248fa63fe47d0e28c53f4b8bdbde6748b98ef99248242df9b27e7,2286,1155,3441
bf1397632e54551f807575fc457dc7f1798ea0e320e66d8c0723f98021df2f4a,2162,325,2487
c2e047f80b20d2c51c047304966dec94dd6f6380f92b331887dba12b510bc588,2235,905,3140
b7ee0e16f0d63d68db383d555f686afd87d93f6de192fce5cffce426c5287c4e,2198,661,2859
35d05b8aa4c2faac28cfde38b0aed3b4561c94f9b8b20e12d12c5ea2db2de59f,1471,578,2049
fe14abb57604b744e3fc47b62d40c584e3b7f7a2b600002fcf1e78ec2d8eaaf3,2242,1395,3637
5cd5c99f375271742bcd062bcb7007987fbb16f751ab4ccd65f57395e3e8579c,1283,219,1502
7b34db5e300c9ceab44e2ce8a73a69b4fe09b49001c628b16b0d34989e0c8579,1183,303,1486
2c7a51c8ab52999d482bd1f89e31ce0c524162b9064b11a198069d5dd8e6bdf7,1120,204,1324
d6c78a41ffc80ee29a86aaa7bb80bbacf2e7e9e73c37eede532aebecc34023f6,1235,317,1552
021f9ebfc27b887699e55ade895874b9010313d1dcf04bc2415be7a4ceba270c,1140,203,1343
3cf1c23d681c48999ace80c749f04dbfefa92d7f90fddc5cb7eed29daf0749e0,923,310,1233
de5806c31e27931a789276ff39ded8a60c4bceada50f42c69ec5c32744d48bb2,1184,204,1388
93281a9bcf480a10d5942e8dbbda85d2d63d79665b9c611a857b3328e2362ec8,1398,205,1603
6796f9fc978a8843bb8dc1c7e6cca2b092f92e32821941653d729c619a90cb3d,1486,295,1781
8a193efdcfcfb9e6953878e6029c9e5d4d7b9f42d69bc84d457d883d4a5c5fdc,940,362,1302
815b7c73220285a50b7bc354e54fbe4fe6cbedbdd9e66168cf8c07ec7f4bdabd,1424,361,1785
f84f8c9d174a981a23de04c94e6aa8e44f2365d1d3b9e93c2345933a0185932c,1124,211,1335
ac536f03f0434a68d659e8251723070fa97a37194b0d7e6fe31b47eff8f850b9,1733,551,2284
ce25657deb9690874b5742d393b70ab55daa1ba0a4833d2e5c7d07cb50474229,897,206,1103
f667de74993312ec22e2a51a2cd945c3670cd4a6cde0dc83b8996ac209a295cd,924,202,1126
d27e833c589e95bcc854f1998f36029002b1639f2f95f5edbe704e9313899856,1321,207,1528
b89ff575ded69ec3de9580938f9b9efc827351648176a060006de8bc9523a21b,1444,454,1898
7b3e91ac2388cfcbd0c968d0df46011a1679dc6184c016aaab7e92f5b3aee6f9,1785,774,2559
d86fc1a9c7cf623d32cead2be4c1b9ba733d5a20566b7a5433b6263e7e245320,1581,212,1793
187212e6f365dbf6708e5db20c5d372505be66b07051f0f24bfa88e7fe1ccbcb,1162,210,1372
eeeae0586581ffbfed5c9a3d344a99c82f29411d9b7d59ecfd7e2f3e6eee5ef2,2211,1362,3573
ac60f2eafaa7fe1f70eec89e3dc7d1e383a05c49c5c81955cd62afea5e35c4c1,1390,221,1611
328c296c22f81cf538186d7181b7f43fb54986240859bfe8fa2b91a7b612dadc,1809,991,2800
c9bab52166a67804d6f3c35727826b2a2e7882b71bd8363df8360f268a76fd44,1279,215,1494
6baee66e33ef34f4bdfc613fe41ef76398ef617bea8f524a5772aa6b741a6aad,1448,295,1743
65995af545a49b663f035b77d3dccb45f340ac7c14a6a7b5fb793bbe78a7b4ab,1088,210,1298
13ebe42b66d2dcf63fe15c6cf3dc3fc22fbeb99dd2feb94c0c1235e3771e7f99,1239,316,1555
784ae65ab93cf01ccf439b2cd5f90118210cfac9e296e1e66e8ed76e1f94fdc6,1130,212,1342
5fe299da64255f139f3c85d53bba0c8a3a039f3b8efb40ff3c4ee36cb1a436e1,1101,443,1544
72b75d5c034776bdadd4092bddeb105887c70a80a47add09331727b691a85a2c,1179,213,1392
7f3138327e56887d2d7550b067594cc092dda21e886eafdbc3334060f58e376e,876,209,1085
385465a310919dd5977b9e73ce700351be0245bfe0c78c2b94f77c9020df98ab,1219,211,1430
cb1163c933f0824b8c0460f19c9d95a2374f3dd6bdb3163b16012f32bcc12391,922,283,1205
8aebb5ab63ba77b9c3b3c4d8cb6a24a96609cb8b91390e039aa6222785abc1bb,1322,206,1528
4f052116147302e2cee47b0783aadf6eec5c1ebacca1087d80a3df5b1b2e79e4,996,292,1288
a6261995a5b9b5121e0c6261b75026186e63f0d0bb6d9ddd209c8c4f85775586,1403,399,1802
0e03e4db977aac380f57a6a2ed8c59971866c7f26614011dc55ff0094d0d4722,1072,281,1353
f0abd480578548756e1d142c89845aa74a9d4cde00022711018fce666753bcd4,1124,206,1330
ba0c8ae5a2765f40781ca8a82eeef26c39caae5918b81343e7a5c6c54a1eaa66,1217,212,1429
a95e87a1463b399af475765ba76d4f26cb0a7620db5a0e42d39fa87b7f74882e,1033,210,1243
7aeb6a8d1e01a99c64cc0187396893588a98db3b01c6c06272aff2c6970f5910,1018,211,1229
0bb69cf5354d59fbd181b93dd6a0a3069fbfd425ffbef4269d155878ac82044e,2138,889,3027
a28b984b1b4ef5244b375a10a589641bfd9d73e046945c8b021c64115575ac36,2072,767,2839
6894a39cf402d09c176276dca44679b2f12c2df8c26cce6f709178c59a84d769,981,202,1183
4ad2f4e0cf06d1f8bc79b4187ef39fd8322d1f85dfb8419fb2c6cd4152aa9cbe,1063,282,1345
688a5429d6495fc23cbbba9ff5bfe1e2b3482671ada4e4f32e02c85d863a2b2a,1931,662,2593
46295e28298dc67391d0472771d8e71147110c5eb87e23f41fd9199a3eb79d30,1676,308,1984
9ebd77bad9a70dad2a3b3b436463b841d61876f8a56c24021f9d90d3501c0f5f,1072,212,1284
07bccf14529939b5ece8b6646ed676ac6d533812083abd1fb39e73ded5af0f76,1209,213,1422
dbe5c21d5a9f1b02d8c562e5a71d644c85e816ac718fb21871c5868d4f6968f8,1524,236,1760
bc0ba324d33599f0543b8a50e74ecb95a845f9a7000e4c64c881c37e49a0da25,1187,317,1504
c6bf6e5c541982e29decce07da45c02b5197251de48fb1e870db2670006480a6,1124,205,1329
eaa6f77a23530b80b9025ebb762116228b34ff102b6020bc2d39cc5592c5d4ef,1133,461,1594
bc53df37d6eda35443885a6b053ffa6fd8f3084f33951437997c7a4069ecbede,1075,211,1286
27e42581276a5794fb2f2726a5e4626313d5e5e47473c4a03e6c7788f470b0b9,1298,320,1618
2b45074dcccf5bf1b61d06fdc2df74aa72392c301ee012d17ee0f826ba34968d,1367,449,1816
61a872333367d35c1135329a20ee1d947ee3b7195e56e0b3e2e3cfdcbf3cecda,2059,430,2489
555033a39e8459e73169b108afdc03b3a4295f7cf2df3248a3f1603bd9ec332d,1069,132,1201
c09db6eb4d3396bb5d526ba7257777b6ab4239cb114b9756459f7818f379b54b,1038,207,1245
f3639ca4f03cf3c1fa6f09e2cd50ace6be0c9095f13340a327b802a4f58dd6e1,967,292,1259
7bb6453888cb49b805ca3d2d53880e4f288b4156179a13937c9e16e79cabebf1,1221,216,1437
4b80bce9eb2fc6dd7f6d4d7583cb5c91617c8f263ad45c62a550739665c621f8,1543,282,1825
ea55df6d41d34d548d8102c309eb8b05717e4976e9f48225a910b36b757b4c7f,1457,286,1743
e91f1bab49d800eb340364cf9eba3fac2bafb48a169b23677c71d3e8e7b545cf,1338,211,1549
e06ab6366a0b8164463a1416be91dea205699bdddc47043eecbf3b92dfbfa217,1451,571,2022
c83b761f28731fa5075fca21b8a664214bf3f559a0c326a61b5460df07ad8ed6,1705,873,2578
3ec40a021ecc892255af82cdb25571e6058db6f1a3a88dc276a999d14a5034cd,1124,204,1328
c12974527e93a1193e908ba8f22560370c93a593aeaea55019b7c5deb016dea8,1170,215,1385
e9c9287e516fd00bdf29ae7c126c31a7bd52ea4dd528ff79c32210e21ced11c9,942,209,1151
e34a211b8a442fc8de78030c413907be00f95a2b1a9ef28fd76c2abce02ba61a,1673,559,2232
613f574e06be3d69da8121bdb273d609ac0beef7dd41d29065386397c27c8bbb,1108,224,1332
58c4840d935fe5b116fc659c22319fe264a021e1c15288a2f4fbe90bbf9a93e3,1060,210,1270
6cc284bd131bda5d0763a12050b76bec865db309f98212f32a80742c1945edca,1180,258,1438
c0125b4b6c77de5a121b6cd5dda40f4d3bce82f4fd72ba815629c6f2bcc6b7ec,1686,1349,3035
2e34214ef78f305e953791843cd059d2c5182daf0bd7d0a75cccfc6d945257fe,1470,449,1919
76719bccc3ad214db5ed15db2fc20e02f05bea813963ab0c74ea2c163fa831f1,1122,209,1331
5f30578f4df5271ef5264e05cce5ac819bb5c77f60796bb27feba9e4ad8cb9b4,1043,210,1253
e137187ddfb7dd0b71e576b3771f3653eef8a14889249e5d3814ec3db21732a0,1253,213,1466
495f3c1fb895c242fbf4675de57d9c181229d2073cf1f03e83646bdd783be3ff,900,205,1105
68c12ceac7bfdd2e3dc9f01ca2c0f2e6fa1fd44f7c8ae5cb218ff0ceb7b6cffc,1248,373,1621
e8ec2ddb85bba20176b3e71f64f84ef64aeceacbec5a030fe6efe2d79be2dbc2,1468,449,1917
eaefed880e1b7a0d05d7439f806fee1405eb12a11857b146934412ed630e5d19,1739,781,2520
89461ebfcd4bb7597c9d91e566a8224e24023904cdb76f9066f64752a85b7f5f,1044,219,1263
e3bc7f614d8256c02420a6bbcb7eec59ffdf59b2f18db97b0fbfac1f478f517e,1216,601,1817
4a8f51e6eebd6b1c99fb3b266168917c50dc4a82dd2cce75e1d3517a1c47c964,1201,428,1629
63edd231716e0a31d3c6f85fd4b7392a52cd13dec81c1481ba8ddddd3df92be2,912,289,1201
a6073c40ccce07ac7734095b48da6230f81ffa99139a8959e4b76eaf7558d8b6,1047,288,1335
a1361382585adea8494f5aeb0a483db135fd97b3cd5225197faf14c7b84389ca,2295,1487,3782
dd33f7d8715da3fb6decce6bf74e3ab5a16b5609cf4731c26eab74595afcb4f9,1308,369,1677
5297201e7e7acfdf0f99392bfd8e7f1bc6932fdb8c152cacc32df2cf578c6f5b,993,210,1203
fc1bc0a92429db13cb5a12ba0e4bad902021e0471852b08d8894fe8b4e9e7a47,1124,205,1329
db4209666146f95c1d1fe32456c1f8c95ab526b1f7d5a6f42a7d50e37ff56284,1412,290,1702
78343a3675ef1b122872b59165648fc0148a557a4ac10ff7c0554d70666bc787,1090,211,1301
7f3f2d5d864733a647d94233542538a24069c1cbe93af9c6f2c7ab4ccb55e78a,1913,551,2464
557d6f1d8a7424c231ca93015436a70f94b4cb87c90c0808ac3ad49c5b3841ff,958,205,1163
45e9d31395c87e93f06ba6b0334b058cfc7d45ec85a6875e138f0773066533fd,2258,428,2686
37e35f36e24850400a8920a75e2f560a87bca79213dcd129d55851839254e5f8,1095,215,1310
1667236fe753e172b95efc890dc881db16ef6b79282dfa5693a879899c185734,2263,740,3003
79aa54a801e48011fd0c60199efaadad922277c69c5637fae57148f5f6da910e,1136,288,1424
3320e1d49933d9e6863413fbf839be7a4279c2bf6547ed2569784dd62ec1e8fb,1128,132,1260
bcda54af4c1d9ab58d87d0b7b18e4389b50eec8dda2d79ef804b3a40b7e863a9,944,205,1149
66295bfb5806df498bd1607f2aae89e1ac30c8b3306b3d2ea739084cba7e6d8a,1103,312,1415
f3c2460385d8d8f5e21c9741f3c2f3d74d46a6dd9121efa3c1cfebba3d955d4f,1306,239,1545
18e5d7fcb1b57208d6636a5169f699b2f764ef9b52df43ec5c7785770801ff79,1151,398,1549
9cca65d14be3f463ac75eb5c79c6d1b89051f88e918d24e1fd50ad1638b3b186,1340,211,1551
44f5f45886a7c2d8065882144bdb0390902c8f4b700352cfd90d7aa01a0dd469,1142,288,1430
aba4392e70f56261ee6ad97f7be9f83f9e4494c4112022bc3cdcf6118a6543b0,2212,950,3162
ea5c0cc1caa4d915e3dee664a2d0f76fe657b31e00402680945abae79fcebef9,1079,205,1284
aeb1243e7cd91dc1a2384a14e495c68a2581bef38ddd0308711b7d5df032522f,1744,623,2367
24a54c46647da58edb99ea46488da172f0e1895562ddb626e4cb3d5a5300392f,1124,206,1330
80113420dd2f82c25b3ea7038091271e7ae91dabceb2a05f4ec8c0de7245a0c1,1218,204,1422
eaeb031197bd63753b0849e91be92973e46a8f26d02ace7c041ed96258c7bd9b,1381,452,1833
e291916be85e0263b31b15c25b9039868b11004b8fdfc23cdbe24d6360442c84,1297,218,1515
16889ded67edbe187df41638cf633437cdf524c80d561b331da5054d7034d9ca,1231,208,1439
e2ff62c8c8f56b7fd1371ce1001dff2b2749be5664155f5900f3b3f5dcf095bc,1321,462,1783
fa645dd8cd800021fef027da1f7da51be43c19c31c6aa15d1dcc417c07758b91,1382,247,1629
8109d3386813ee8e64c343fe403907020ac11efe6caa295e522c8250f02e65ed,1010,215,1225
bbf02d0ff1a272eec36a8690e3c7436965460734793035042a14523baf0a6347,1096,203,1299
c2a0c84470344f4249ab8e876f12e0db687d97eebf74e2901645f51abb3f7a3b,1627,442,2069
3fa37802d77534a34d68f6136bdfb87ce0ddcad3c51315367511479a9a2b4efe,1142,211,1353
5bc8c6b999b07f29fd8fecf2fb8bb5d55320092b93ffb38f6c97911517b534fe,2183,786,2969
feb9ef8213a5a68ba7364e8d6be142be5d9eaa0b0fdaec5b12b4bd239765d8fa,2122,551,2673
315ff8240de57a2e4e7a9d9d65dd1c42ff9c34b918dbb30937a5da05e220eb47,2204,1202,3406
14b985597cbd0e6d442e2fe63870ab736edc1337e4155dbc43f173a2af765266,992,453,1445
6ac0b81b9d001148e100cd75b29371c327904da93e912433066799b3053488f4,1124,206,1330
80f26fd11f946af944299424bb2df69be35e79b1e6bca9989da097bad23d59f5,1038,205,1243
ba67a4a7d3eacb84c153348f909dc031f82c4d1b9ea275c3778ba0be35d9b04f,895,204,1099
12ebc6a51fc9d57e4cfcd65502754efc3a49ab79a3c9ba8dc1b9983edaf749cf,1480,253,1733
297ce24f512ee4473900737ea334e875e5bcca0563daecc1f267634913235180,1462,1149,2611
9bd017e829583b9258166458314c93bfcda8d252e5a43d6901c2fecdf2527a81,2508,596,3104
57025147dde0fd4e81390365e1a8d40d79e05179860e9c69900a77eba5bcb9dd,1470,450,1920
0d20610bc30c943e9648f592742405898094fb7411ad72b039e451c7f8a2ae54,1199,207,1406
d0cbd601d802ea0dfdeae0c5ef735d84b959461895392972965d616629617dd4,2388,313,2701
db5edf879cf39d1ee358f24917de02e5504a61daf282222d44ed32bf388ceae5,1244,533,1777
7803d4fc5b8942b67d73cec87b566e581c8dcce74e36f3f74d937ced6b90f545,1380,291,1671
276f5b1638ff74f127a62c129cfdc6c1a9b1ce86ddd3cb0f85412f8a2875d4d6,888,208,1096
185f3c4316c49a58f4c3bbc6de93b22bec8ccb02865f08d888504018cb43ed58,2145,1563,3708
447438d0463803e874dcdbe4f79f519e3f216341646acd84d93436a3f98c2c48,1124,205,1329
e50d99205186d24614d8ff15e5c42ab6f77852ad5fbff7cb5414aade5ab0dd39,1002,343,1345
7b8c93ed1fd8d4de8cbf5e39cd87a03ea184a6b860a68f80008fc7e8d85411b6,1016,208,1224
421369feffbf88446260d74be7d1f538b3a87d4a317be2203bf0e36f1b2845e3,975,209,1184
6c4c380947ab97667c31dfdb1e84d50e713e603de680888dc5918c3d5cf64f83,981,286,1267
1877b612f26380b26d0dc6de8cc14c73ee77442f62a289df6be331d6b483bc0d,1378,477,1855
7be24746487d7cabd2ff1df0489b9f8862347e2a8b44be7169a9e3c5e5d0c2c4,1157,243,1400
4b172dce14a4f22191c17bef1fa320db6124b6860a43d5124170974a13376b62,1735,684,2419
b311301dd71183931fb29734ddca45990c5344f968b9871db1e33aff743427f3,1928,659,2587
725f53cbbf2015b221fbd088d38199ca7bf617c1caef1f9b1f41b5a0860448c2,1766,441,2207
79421935d081007a6c71b3bd9b9af00676d731f4d0188ed9ab52f9d79ea3d2f1,936,218,1154
7251260079c8fba9c4899e86aed6d805aae649855c2208ae5bc2fe3ccb4851de,1108,408,1516
8506cad9914e236a94e4771be41e4106372968de99631b1849193811bd866a6b,1723,324,2047
e294e1365f05b92f2d9055f02aa22b76f6e8576b8069272a2cd7e2ca35264e77,1575,299,1874
d5fe4e53cf52b58109f24699bcf21834d522ba56475cbf93ea71ac795331c5bd,2140,1824,3964
683afee968c5ff75543a52290625e2da6c6ab4fc01c542b4fb3039c168128fe1,1028,300,1328
3c78b844237d24ea188c8b33be2b1e00b25137654b340e493b08edd2141cbc5d,2227,849,3076
333c4ba5db2ab8b1a95b1f7fa53fdd1d7174af9595241c9d87d9bbdf4942d8c9,2055,546,2601
4c5c7c43caadaa39cf34ca4b8b3e2b5b530e7f7ec88618db0833b3c642f5c540,2232,1037,3269
67a644df44b1de87b07163117adef278b5915a1c600762b2f96ed9b8a31fad93,1205,539,1744
7eddb2475ea9069f834b9d5e548ccd39a7d0dc5d97e29a81383ff2bd03e32c3b,2229,544,2773
d46df287d36d3099024f089ede5c39919e5e324c0142bcb966dfbf2a5bcf64e0,1164,419,1583
e4acc32069a632fe306770d0fea5fb7f2fae2285ede8ae178b68ef08d1428544,884,210,1094
8688be924f62637da194ef2545d6f6e45746f85f318344473c6235014878a676,1026,204,1230
eefc15051fd5d5492d69bfa83cdc46c5fd9aa52edd7f8c270e3d003613de1d89,1100,283,1383
312f489ceb4e5b55a0522b0da77352bafc4d555178ff98eb552022cb6a4536aa,1723,316,2039
042aca8f3a14ff1ab855036bf1237b97b417008a5d49dd8fda3505dbdbecef8e,1124,205,1329
0e311948639b2805ad378a84d196feefd9d73084f3a60b1e41ca99f51e7cf3e3,1210,360,1570
6d7f61546b68abf9e1e669c310b343700cecc32be270732ec5b849030f1cc30f,1237,471,1708
efa281d4acf1e89fda04eb88b4cd10fc0257c6f4b678b56d4a9c5fa192ab777d,1227,342,1569
1ba15f3ccb1c6585153c479bbc34e95b5d59cabcfd1d4a2dadaae8e858d06825,1333,205,1538
f34448f5f3aa17bf46637fdb3d3cc28d3465f89fe57d1a771c425f8683b83b77,1848,782,2630
fe3edda3f73a086d53d309fb47a0b4889cbbcea0021f416f5bc6214baf5ad651,1151,651,1802
f4386a25ba016c8acaa0de96f8c6399185adcad3f50983aa80246573b7cf0d57,1802,325,2127
d41809443778ca8efca9cf732d0e6fcf0d1c76a05572ace4209f43d70944971f,988,214,1202
292609f4ce1b93f6eb119c5dda9a811c2df510b11667662cd456b8c7022be676,1058,206,1264
69d2da208b7e6af926cb99bf685bee00954c77e4eaa0b903f94f918302161f17,1506,206,1712
2e93a31ed27ec7966c69ae88870ec07bd80617f05811c0449c90f5f0670f5c8e,1938,426,2364
a9b47ff6a8169f47ced43a72ccaef32c7127a33b1fd34827a584e521430cbe17,1038,216,1254
fb988e552adb3bdb1bf2fc78ec186aab54e4b7504446ec35219850312a03109c,2173,547,2720
aadbfb2c66c376a4c3113f1bbbe84dd55ec6216b19aff3c7375f4e792d862e0b,2304,929,3233
5367892d5b8825d46bd3eb973ed505e19db004491b373690050e63d2f264f8f5,1601,456,2057
dd7a63269de5ab3972d5209dd9530c3a86a73652f88bd05664d7ed8376169d6b,2255,433,2688
8a277e86a553f2e7517b474fd120219cfc9b05a7f77d0926cab335fde08ae6c2,1151,217,1368
200ce879d608b66c9a127e97328d3bd9be3bf475b1f109512ba66b616b4cffd9,1303,694,1997
b6951accf227ef41ebc1dba20451d44eaa0bc51932064ecc3079f8974cf3116e,991,213,1204
c7283e6e19857d0f68eb58741d621a4806ee622f29abd5db076f9eab768d8c78,1036,205,1241
96ed9c182aa655325d1b7eab68680df2bc4c08f00714928ef5bad16e437c4b6d,993,295,1288
6401c6db7f5b60166c2240e0c59705188930ee162ef6b9b7cd2d9a54f479fb95,981,212,1193
71b3f2954b42add17d753a586d553720c6e4a68ab1595fdf2095d620983115e1,1510,321,1831
734f469d139263e73712e5f40be5d5ba226aebc07f69fe9a76ee7da9f53b0413,1169,212,1381
8078bb310857b2a6fbf8b3e73b348fb22e8fb8909085fa00b3df1cfe302ac306,1965,1285,3250
d6373b63fca0dd431890e287f70e5f94b4c6f5dc84be98ac97817d45cc829398,1124,208,1332
593be51d0a494b87e73494b18359b2fddc2cdabcca1692cacf2a0606ae8a3efb,1122,131,1253
b4cbd56ddc9cbbafc89e82f8f1a40a498f79bd5a33a18ad06afa2943d1cac6a3,1247,317,1564
47d9ffddab19bb82d6cf6e018b2b59f62fa7ce2a986ef42289e72fd98bc4f0c4,871,394,1265
938200abacbe713d27629562b19be136b093754265e2c6a5a03a15dfbdce85ac,2496,327,2823
ab8318a0d736ee1aaf225b722ab6bf5f150f8a8105d8798cc0b5a97c1700ea80,2190,1033,3223
afdb79583676fe12e4b6ca1032318fdafd5a0e91bb8365647a720e12c15afaeb,990,456,1446
a0491def7a1d10cd5e638789ef350057ab33c88359eb645465e19b3d67276fee,1234,219,1453
03100d13a66bb4eabd5e33697dc543e1191c195003257c6b47e0eac029e1be12,1140,656,1796
b49d681e3e848cdbd56f4458d630788316363e8a0685af8dd6e9b9d0a2707adf,1100,211,1311
ec61acfcf80ec828d3e18526901f81011340584614b2e7a31245f331a4f17f19,1016,279,1295
fa2b800ee39d82808b48caf29cf85c49bd61613021bf0e4f5ef77ed848c10402,1103,213,1316
23d454879cf27d5b6d3b29a2fee3fb046a8a89f1fb2e792c273a85c540ed68b2,1259,215,1474
20caa0409bbb5b9a8de09c603ddd04e3cd01b3a92a7f4b23ba71cb3427eece61,907,207,1114
d79f97662038dcb0eb9f1bac552d4d59ee479c4d28dca5666e8261aceb210732,1330,301,1631
ff0279e7df658ab863411e514f783803f3809be9a8273d43e56775c43bd14d78,1124,206,1330
1c1105108e16465f68120af46de9329357023ded86ecda1a0a6e4f1a52244bd0,1090,209,1299
4f22aec25119bb5bb2a3c84cb96c6809791b505e15adf6d49645dd5c369e06c6,1218,545,1763
ae55dc9fd0e4e67be0bd218709656fb473bafcadcc95d1f520a80337c59b138a,936,372,1308
c9e9719f99905a569b8fdb0f9cc7a415fcd2fe052336c29980b0c447ac99e39e,1730,777,2507
fcfc69814638ee42dbfe0d3f52f5e8096eed3cf94e0a2869a249590ff7291505,1122,213,1335
bb3dc4df313ddd9ad75e10a3b69ee99c1219d49fe10a3c25ca59082cb3e90cd7,2282,1215,3497
2ba40c71b3e39b0d9317cf2718b1b88c703ece7419ca0bc6563d21fcccc11a6f,1418,216,1634
d25412e5943b412bc946add6a47c20ae73fd3e35892cd29c15f9953fc044e926,2156,875,3031
3b6100d8fca5321865371660eec576ae92e2d837e342aed8f67bb809e81cd9db,953,401,1354
7f5797f0862bc968daa3b49a6aff1a5563e7810d4b67183d063559a6f7d0e320,945,213,1158
defd5d8553fd575eb0ce33a6f673a7d2757c9a18b3d65120745d5db5e0c78f5c,1019,310,1329
e11529fa4bd48004cd7d8346e52c8aa0c1b6de1b84e8d62173a77fdf06ad6e59,875,214,1089
39007b6ca6b25c4171b4a666af68655d864e6ab1bbcfb7e48af7c7d23c195c9f,1299,210,1509
ae08a1c74544cfc37c2ee9a0abf602f3c9b88b7190b3f42c8c1074aacb15a807,1446,210,1656
20021e5951e248303424464b3335d31306d2e705b1a59411d2e8f91cf050927f,993,282,1275
ba69c9da25ded7926fb15e1cb5af9996b30c4b763769e153e3584809310acae9,1131,315,1446
a0c6ae042167ad62c6d14ca0d5c81076656cc2b8dec8a1b96cf1a3e2ece52b8b,2294,544,2838
5c8fc8d172cba094d50cbfc7afc583806c5d96167b7334ec1bde300d843e4c98,1206,208,1414
0870d9d66c250baba8cb2f9a6b2abe15fa86099fd2a3b717be6f1f9e52bbc479,970,205,1175
c1d63f7fae218e67cc6efccf77e73d61ec00454a7a53591bbf1ecb6ef7da1362,967,409,1376
beb12fa3c8e28ede67962bd196a8ca9339b14fc56aea1aef72e0941a70cca00e,1714,779,2493
8bf31d4dc1e5ace594a51bc35ba8e784d475273c74d8f6f27e72d334930f917a,1655,673,2328
06c22f3252e2d437323ca1301d85378cf53c502a9d8c92aee36c09cca451a531,1319,296,1615
c5f10987587063f37d53cbb3597b1c57caddd4a139816b2017ddae2d0cbce426,1179,314,1493
996d1ef5352cdd5a9ed10d75030f49b3fe4b8d0c54d1462068bae2c06df6b434,1140,211,1351
567e8533a687669bbc8532170e734f6c501a21549bec71d3072a049fa085a76f,1124,205,1329
4deba74be98f88f94af0ee42d76487c3e21fbc8782d0ad4e9996b4f92efb6571,929,211,1140
d39a317ba1b86a36e10bd4126b8b0a2688fefc86d1e2fc825a8c1bbddad43f87,1081,321,1402
bf98fc86f37c7f7a89e8691b014594a69812470807377c5b9277615796b48380,1071,296,1367
bf3105b032e994335e4641769467571be3917b77fb3d80c3e6381a97c9aa5449,1067,202,1269
5f1b1c60e24d00771281c6dca9f1a6d0424a272c3b70acd34d915fc7caa5f4a4,1439,215,1654
c5469d0a29565841adbbf35e0ebc0bbdae3961bc54f1e61fefea10eafc095f85,956,216,1172
3845d7da87bb78ddcacb1d76eecfd0f57058a85a99dbf30acf0a68a6f8882729,1536,201,1737
04d7cb90f57b6d6ccd93dae7342d9f8c97596ef046640ce014cb513b9d42c6b8,1381,216,1597
e7d981c67c3ac352c21b432494ad8b78e1170a5f2cbb281aa96dda8ab43f87b2,1098,284,1382
5f34d12dc10c0350065891edb5ba4dc5694937cc0a92744ce6f31fc547db3f91,1228,215,1443
c3d1fe29471404c6565b06bb6c8375d64c2668b2f20970e133661620585383c3,931,290,1221
fa50b5ce52f5b96646d07d92881567144a753143222f61eaa9c443a214bab36d,997,212,1209
8ced023eb037fab6044e248f3fc552e018f6553cd84ec45f3239f38254754698,997,204,1201
742dd6167178a94f9b1643dc0d9aab7eebdf5b9dc7a40c33637915edf7a56d7e,1088,209,1297
d318cd11d4d999c79d229591fa6a3164a6e9950334e706ffeaccd8cdde7436d6,1697,546,2243
9d945e10884d6d14b5200d6ba65421cc3ea864d8b740f54e022c4ccae2eabdd6,977,213,1190
8defe077b1b5f307ba8c8a740b1d4acb3b229a40fe7f4aeed545a02657df1de3,1139,211,1350
08f5bb165adfd90df75970ec5483917133dbe12d0138913e9c4950635aa5c09d,1152,372,1524
df837c0888110ffd49d12ad22e89bfc962ac9ece7d057530f2b6741dc7cfd501,1101,214,1315
061c4125fde932c9e801d584890bb1df0b0b8b8700597eee392be6aa6bbac565,1005,228,1233
e7312d6eff4f6c65453b6e50227e6f39553e76a65f5d57d8ee700c6047e595e6,1014,278,1292
af365e7163361bbe9463cc03822173a36308cc2290e9606cc67c32e047ddba11,1457,450,1907
0f45479406a52758b2646ae72d0c03e88b884c78a915c2aae0f543c1588a0161,962,293,1255
7aa8df28a8cd314d1aed17fab7ffc9d6c7bc9857489896b4caa5b74f5a8d664e,1108,252,1360
61ded28ad440ba73e34a0a6890288549b1899ba5ea6b71e6a1a2703605b6e392,2243,539,2782
17fa3a25487cf686b460cf113595df5d4e321c5bfff68fc7b68636a1ab15c433,1750,315,2065
22fd476171031188b7af8e9f635a0b6ce4bd75eb455cd941781e3b13bb6df5e4,1050,281,1331
e912755ed3663a92df7462413bfbfaa84c657eacd7b4a1a66f4d700e36b28eef,1124,205,1329
daf379b4d3f1de6e9b367b03ca23790faf34e76c60382bc6fb66db4921230233,1208,294,1502
b44c4fcdef341230de870e498890c5b2a375db1a7f46e7a1dedb24e46bcd0048,1005,214,1219
e8de633df7485028295378803e7d175ccc826ded51ddbb84908ed55ba449a82d,1063,459,1522
1a1bf4e5d144874c29806ffb7fe6e0d5eef53c33247cc803108a18c0fa361df9,1188,218,1406
95ef930585a9b8935f088b0865e9fb691f5450e4b2c37864fa26e44bddaa3c80,1142,302,1444
4d764594a87c71fd49198dd756101796d2ddc1f76c3be4ac7b7e3419c8627493,1010,209,1219
351a0e7de63d06d50b82990cb5fb3ca28e8f0766d78cebeb531a82df4630b763,1185,216,1401
20195db5cf9162f189686cda1d71a621a64ff2f8d8252c8ea10133ea977d5bef,2179,1126,3305
b15293166ed73ac356845029173175c3ef019f2e2b4ac556105aae30889caa5a,1238,305,1543
e89e7cd8d5ed43b87fb81227e895fbc1f48e77ab1919f21176d92dc42ff91149,1340,205,1545
5db2025a38fe3a087c45725e9cc9b5d9df41e4a27e940ea52545c6375f21f6f2,949,221,1170
70d3061f860edd700d251c350f4f92b11806e517f5ac13e1e4530e9b5fd137c7,974,205,1179
c5f8fbccc100677eab47a29d8ae06b111cfecc3445a281a2fae5e943af319eac,2285,2428,4713
0d2ecf46575a5b0178685fb4408fe259d59bfdf6270730f7f64824e8c929429a,1148,287,1435
016ecf70d97e8ab14800e700fe56375ad70a2b550ae0caef01173728cb7eb290,1105,285,1390
45148322562fdcf62f1c971152bbca054eafb9ba3a2bf09a040784453049922c,1555,393,1948
67049ab4a475a527a73b95ff567db0d32b82e9d18eb9c05fc1f634b240322435,1039,220,1259
bb61acf0259e8f767d61aac0bec4ceea7afda1264033ad727976b6bbac8070ba,1061,213,1274
b032d8a20d604ab31335af21f2fa296b62f1f57ea2a287f9297611c6e65f0f39,1245,209,1454
ed853f8d0d9fec14cbbaba997104048e361f46d89f64ac024a7f8efbe002bbac,2291,765,3056
56b05a8cad824a798444d9a940b8c722fe30ba38214a701e39a75b6205b301d2,1224,210,1434
81de467bc27bed5b2a540946fd2fe8c6fab99cc10c0a089a265e1082e47df9d4,966,210,1176
25614651120a4c172fd6a4030ef62b1ed5d14a085d555b1052ffe954b975026f,1312,249,1561
22f955c6af77b38e95d61fa9a37294d5136fcf9cf4b7a8dfe163cfedc3756a86,1739,322,2061
ed951e4518b223270918b054a796486968509c7ba997cef4110aa76eb6c8978f,1566,201,1767
f66c254cdb7cc70846087cf1c2590af872fa805a615c2d2a614a62ce02d87104,998,289,1287
d058d858cc288dada155168e20c28d28359896e312f736b45a98fe5bc45fd6b1,1403,291,1694
4c4eb165584d3565dcfb7d68dcba92b8b86e726440232484b5601b6bedd4909a,1028,211,1239
d61a168ecf5e65fe60bbb47d5957ea41bb523d8a8df84ea3406a3eacdaca17da,1932,870,2802
7c2a3cefc7cd3529c83a44ea3553f072fee4e31b15a3a689a0f422d103dc463d,2184,1573,3757
8b60384d092242d89fd1711041f5c902374157f6d56d0d3a392832b0d21b7bfd,1841,445,2286
e9f7c919878a9b34483b64c7e70a7a61b61ab684bcea618c65e594c963b15c88,1186,217,1403
bf1364c0a44221011903a14166640ae7016e30aaea591b63433e65c119e0c9a2,949,211,1160
c4b70e6d567e82ef011f066e0cced948af799d3eeb18b8d1c2af916d65eeffcd,1013,213,1226
7451b89e55cdbfa40f0cc02c58c4b0d0f59919e744ab41ae1c47fbbe9c3a8902,971,210,1181
2f28c74e8bc36efa7a1e00341fc0e0119064c292c7c8d889b381ed00c49c2de6,1051,212,1263
082ed76cb3ab254caa89030195361be49dcd9495688d12b786826012876d2d98,1082,212,1294
220fd641522b5379949f47954131102cc27b4926939d09b99db41bca7a18a886,1230,449,1679
92b16304b76f41a9d9ef05e533f8f618b44c7cae95ce27a08b5f05e47d794a2f,1465,223,1688
191f2b0c699503ba842c5edf8b0bafa494e5dcf2b74b59405e80d544e8b1e12d,1072,205,1277
286f95242712c041bd308b2bdccd1cdea20625716f01424dc9170b780138f675,1238,213,1451
dbb173257f03e988fea3b81b3278fa6f0edeee1209d06fe3710c782c89920393,1124,310,1434
2970303568da9058d550f7e9964c0b795f2547ccdacc6cb106892970e06d6fc8,1037,206,1243
4ffe541be5d3e5a2bdcb571b0a1560210ca0e3cc95e5b00390e5188c190119b5,1189,218,1407
57df8399dcdbd2070c3596fb169d54fd568683c1c96731f4cff3b4f23aa4665f,1090,282,1372
f41586372baa78633e93e3e225b98e568254cac340bc8654e41216d19d2127bd,1244,229,1473
4b2d5fd1dcb4bfb0b9111590439c7d200efb4fc4b0d957946b3db56e50dfc82c,1142,216,1358
4e4af179f3360200a2847d7c462f88c2ee4bfe4348a80fd69f1a8f2882b8795d,2272,846,3118
0e4064b867d0292b80ce5563109335cfedf6888768543f1408e318cacea7b7c3,1320,294,1614
196e24e719690353e78a884e0994e99dedfde1a777a771e8e1e4d3db731f0d1e,1371,292,1663
0baa1eb36a21e0b6a5c8152478844daeb9c7e89b21a813ca6452bf48d3f24899,2232,1368,3600
734936f5b03c208e15a526d8b4528682204843a178a3609fceecc48bafd07567,1222,204,1426
84d72feec792f897657a61ec2d9b8b3f62b4f895de6c8659ccfe1e3bc69ad35a,1410,464,1874
f0d5340bbe0c14c3a25f2ab51b9a6cc6f73920cf9fd955908a80756b514d99fa,1225,457,1682
179d8e62505183047fe2797c1ee1f5ccc4c46f489fca38b2e8de41dec82dab3c,2071,317,2388
35af73510054cd69e67164340a996f5857dc4dbfa2a94405e63a59a56b1dec0e,1117,300,1417
9c7a1592e8451f345d2320853d53796ef393011aefc006ac2796a23ab3ab3d40,1095,215,1310
38b640183aaee83d1fa872f45b272933b4ef33aff72248c96b157852856c043e,1124,206,1330
6f01cfb435689c02ddde693aea2576ea980d43799a1d6326fbb343f51ec19f70,1118,367,1485
85b2356d5b4e8cb7f846591411e6fd35d0e71378e26ed1c6eb56465554d99631,2528,328,2856
ffc22e3959a2fac44819f5ae2222105ee7f6b3692c17816009d5d706cd3c9f88,1016,212,1228
130be2b4f795fa187b5a6d6a99d0c7ccb51dfe4bae589dbb7702e56a3f3aefe8,1269,308,1577
a5c06c467c2e218695d40e377e6732d4dcc4b8aee4ed09ac92477a354aeeb007,1204,318,1522
fb41d591f5cb29218814ac8ff062c58616ba9a7b8cb30ec2bb122e125a5e968a,1063,202,1265
b5acea9d0684b3d59c0a84c7f32c096e30458f8a8b56be612452e0a89a075540,906,204,1110
e09e42b935840093723115b4152da11fc1c3f818bca6273e8327057606c7be15,1033,202,1235
51957606bc34d5c1f95a24505d32238313b25e5679c80e435cd206bf3bb036d2,1105,218,1323
39603f56d6cde86b590fe040de37fa79eaef16c00da88f732bff69ded9aefba3,1011,296,1307
8b45b8773701bfce4b5272231603c9119e443a5abe940a01d4b535f4ee5e94ed,985,293,1278
24b2e82b1e5804148a74aeb5b42eebac7b59c163e6d4baa0cccf3629bd366958,967,294,1261
f2f98fb133e00733bd0472ac910c01b34febf66f5a45a23f6a2ddc2156d0b3d8,1124,206,1330
d14c86c739bef82a13f364f3e89822e84b7cc6a14a9a3f00540af610e33e4ed8,984,297,1281
b95f54b45486a6a7b0380a1599689bd15442a5ab52c8b2d4ba510fcd12a6c51f,2058,314,2372
abbc80ec57b3064919ec827aa112139308f424f7caa96af58f86f40591db0490,886,287,1173
105ff088e4f613180239a1708601a201363413dce86f9d02dbbf9004bacde2bc,1223,216,1439
e4ab776f584d8ae83e55313f74dfe7b8cbaccf887fab9198bec5cd8b8c1c7bfd,1264,313,1577
8d99bd64a0c2acab948cd7acae38e01b96690c6fd0dbddfee49e19b2011469b0,910,288,1198
a80daa984f4e6410a883ba472d5b1d25ad6aa12d79d0c677ebfed81108b46a79,932,218,1150
6e66fae968806e36fe775e85d26b52e45a10dbad19c44fac058288673c8dd5ce,1765,447,2212
34039573698f45fc16d506adbc21cfeba1bd809851f2288a710f4a0de54f12b8,1216,373,1589
0cbed12c957097a5c238a9217ce08ef207d95fd570d1aadb52098afa3788795d,899,352,1251
f92601ebdb255abff74892d4bd3fbc3e713cbb46d4363372a154a54e6ee73059,967,305,1272
6024d770d9950f48ce1ebe0811dfa4f188bdefb8dfc4eb91d560cb1b9d0a8201,1023,213,1236
4980f8627dcf42a42259f3026ce438f2c3d5874dad84cb2e7e4e80c4c1b6b839,1070,300,1370
9817e7eb92fff9e1d248fcb74437f85b10b7cc38184c0ec7e87fe8edcf91576d,2344,430,2774
019ac8531980e3cfc044eb485042e5ae6cb0e7793a82d897385dbb3df66776ec,1124,205,1329
f1701da8e17c51a93b41b41799e07314294eda629ea80544447aaf824eaa3ab5,1231,215,1446
8e37b6347d6745ce2f80c00e5639dc5adba803d1cea0ee006fa6ff104ca6dda0,1415,211,1626
3d1f8cc2cfb04c073c5537abd1439b048903ee169266c38f17ef7981fdb307a5,1222,377,1599
1eee0eb2e50378ad38b8bb7083e6b16beb7164c3c04bea625b912d96ae3af009,1091,210,1301
efde34fdcbb591214da0fd1364f92f9f7f65318372d435c98e1995694e6e9671,1287,216,1503
87f17b2f470ed6695aa021dddc66b525a47229c087eb44271f40b362f1d9be04,1189,209,1398
66ce081c132ecdb0f744d7db6f672e6e5c19abb3ce05ade2912e949c5e75223a,1225,214,1439
e0c3b95fccb73709d55ba52df0234be63ebf78484864577e37a7897fa058f44a,987,256,1243
b96e48e1a209e975959730145dfd537eed20f85fdd6b19410d8c7d626de415b4,988,299,1287
5bb325da44221bd38d309e6d7e772e8c3f43f1e62407717fe0b24cdec04d0e8c,2276,851,3127
6f08892af50d7345824b72e8303e47162c1b860e91d133065a98e0cdcad41424,933,294,1227
1e4cc047ed99390702002840f7ce08c257c4b655386f3142eb2e9a446d79a5fa,1070,210,1280
5e5ba910a4defaa0ef85d9dd98676d33a6ac52361ab5520556aa953807284c13,1933,1026,2959
62ba83100a27f7bf60a77e3f606ecf21bb574c8bbe6465a1416dac55120fd749,1978,945,2923
b6bd909a3e97b02d13725c880cdcc8c3bdf91fbbc2e6b47a2810678a1b625aa7,2270,555,2825
cb90a3644e5237a73bac87b1afa983a48897fb7788f7816b28aa29527b019bbe,1015,372,1387
d1bff3b88f3a0898f2d3845bd425ba5abf68f2a326a3b4125fe95501e79e91c2,1554,526,2080
db1341b30f72eba79a85c9a0b14f35b08b16e947dc749e46c085a5e59489f236,1041,287,1328
9632e772edf0024afb71ab52f9687549be0b0969abce6c6f893985af1eec0cef,2232,444,2676
65a0453545cef0c4e864d3277f59ccf0c7c727b5ddf46c52e3bf3ef077ce685a,1620,330,1950
d03d5c5f597fa7933a6648b2b0f1164986cb9c1a1c4080572c8b5c0419399537,1124,205,1329
59dc162ef5d7ce9e778f0fc0e0be836bb9690bf48c5a40e43f3e9656e449cfb5,1414,449,1863
590bf4c5f37e825a68b38a2a7b204e61ed71fff68fe3805417a2a57ead33546b,2459,559,3018
4d247a685d11163a6bc472b5af7d3144f61b42b19ed9b39c8e3e604a5b806222,1648,666,2314
3296e387680926f274b20b8981ae19512b7a170cf878e0e1211e7d8980842f6e,1196,208,1404
a29228b3d8962601ddc8cb029f5cba1f3f8841f92157f7101e329390fb9593b1,927,214,1141
f9b124d6b3eea0746330550b889242d39a59b5f7d973a503324678306625a685,2227,328,2555
8f57580782b86042f39ebc680315c96001391a52ade39e5a1cd137d578311471,1236,229,1465
a70ad4f86933630d6cd38e04dd2e9497d407590c5fa1323aaac1d7827bdc5504,2033,555,2588
33dbcc87022b6618a7b30a1deab4a965062e999d3d110bdec886addf028da019,1302,300,1602
5be30d90a5c66edb3e87d3d8d2cf0dc22cc3322476648f8cef0dfce4ec5b92fe,1950,209,2159
c978fe801609c823f4a98593be6aa1d07fbc438c596abb041c5bf0d3f85918db,1369,205,1574
7a0d890ed23251ba73064ac55532c3191e1c89c3e0bd3981e18c31a4de409faa,1064,301,1365
3f470167b07506584d44a489d1e910ee05bf63e5e4bcb81176bb9143a074ac66,1599,309,1908
46b92f5516156a67110a095da01deea5e2e124be83b299836b0e7edd60fc1e88,1117,367,1484
ac868abfd30d16cfecc0abb379a80606c78587d2753c72090c0421b3ea7adfa2,978,211,1189
8cfb802a87939c8dab1d050496c25e42c595f78b283911ea04812bbf6f94f4b6,2120,764,2884
1a9ffd6c32e946dd45912f8632ec7563d6724f3c86cf476c127facf40b026fdc,1124,206,1330
b39d8ae5e1a4b2e12f95f36cfc2dcd9694ff00424c6ea994b399834d9d0723ae,2159,1013,3172
392de8099b7620ab63f31524fa4c9aaf942b7017d0ba2057c0bcee73567c978a,2222,561,2783
9726ba0e1a903ce8102dae903c95047e784a47f6c3da2f8a5fb9b25f517860f2,1040,441,1481
a6091c4fdc8d90df0108152f114edf5f31344986ec5692b0ac0a0b1cf8b1527e,1137,294,1431
f5ebaad4ad6c3d1c4d3feaeab31c3af87d6cdd1eee2ff19611560d74ef24f829,1046,221,1267
329399bfff875b710815a9cbb44c8aba9b5d59186c845e0553008a4e1a06d58b,1057,465,1522
b6e6bad566bafe4ef14863128bbe73e475815235521fd9314641393d2b27329f,2206,1103,3309
1de06d964a343759a9cc4a40538e65aef807a7dc492dca7b32f48b8d500ed93c,1108,204,1312
343bf6ac9bf4fc79453e8357493b029d1acdb35445a2a7b0932b73e4b5812fa9,1253,213,1466
cf42cd4129ec1fcb31c7e2e1e1430091b7f97f0019f1ad101f46126e18fc51d7,1065,215,1280
a366fbce24443154c481c9edfd9a49c5a33226ae411b1fad78fcd621fcb51760,1124,206,1330
f34c5fa62c2d481560a41bfdac64bdada59291bb2a9259b9c54079a339a6e320,1144,204,1348
5bae576783be514534d7fbbfb28088c2a7cb3981b514cbd9b775e9e2b0945ccd,1015,211,1226
227dbda7a83516895455787c3b50db8f7e9510d554e281e7eeb296b9677ead07,1035,209,1244
8a32afda31ea59407d7f29ad9ce06bfa2c1feafb3e141741c7bee6aab888207b,1003,205,1208
2d2ba83583b553f538cab1aced2a53e671a9b97055f48fab139b67bef8ce6ae9,1213,213,1426
dc09830336631c232e25ce3244a6799c4e35526c406f1bfebedefccbede86ccb,1032,209,1241
3f4415ecf92fbf5b8d1086ac30c870f60d59d4f9f4cfa997099199163fc67247,1775,324,2099
24fd4e02d6f3968ce89e8574ee5bba410d68301874b7bd864705f010c8bbcf74,2334,314,2648
0e8ebf41173e98fd5db624cc403236c7f972a11652e581b593e6b9bec2668756,991,209,1200
dfaf74becadd6c9feb8323bce2602fb9a79aa49802382000b668b4b0bc67999b,1578,136,1714
4d2317c29472f2e57637b6706bb595b1fe51ae9fcf448f036d38465dbd98ed11,1103,285,1388
41e51d58b6e04526c288bcfccea2182a04b01056dbe899f692b2403998920be2,913,209,1122
9680406479dee7d55ef780d4e5864d83c11929f2e69ebbdde15510dc9f0c2656,1043,210,1253
0c01719206e8b59c2ee8a5fdfba96e465d26c81540c73ed62f26c4d03f7f5946,908,209,1117
1915cc91981a950c37acb5320b79081a3d65383fdcc5dbd6ed95e6ed789f56ec,1971,447,2418
37cfadb7eb7e423f6df6d3a7cf6037a700c42187f46d34144fa2ebd5411e7c56,2234,669,2903
0a5559fcb450ab349266f63686fe7f4f98c0c4230b702896cd5b6ec85d766282,1133,291,1424
c9cf4cc8935efa82122c6ae9d3b0e7c7d2df89cb20c403b10febe46c49b48560,1124,206,1330
1cd1230162e7de0ed7d4291c838d9cd945dba05639603dffeae1c26596786e61,1249,937,2186
8d272172ba92fbd07e5231cd72bdb615f17aea41f02327d428ae1669ca402176,1881,669,2550
3e6566292f0c52a7bf0c9552ad4439a0ba74a0fff6a79d8ec111aa836b6c0da2,1549,205,1754
0928072eb1c8435935e5a28373eaf1cf03eb51197f9bd9202cbd75ee8153eb21,1037,213,1250
f44282fcd6722f7260f642f7a03afd322159a43f3d2bcede231cc2410b165072,1388,463,1851
51134ae15535d1b506309a057c61f293c2fefb6ed1664c4a60266b330971028f,1156,206,1362
127fa560ec5bb063d1e89b7a0e124c71f3b656914927f33b2f1b63d07369dd1c,950,374,1324
cd545e2971a51893c2743faf45f720a9ed1ba012c2f60fe7c0ff0d7d00e95ef9,1162,209,1371
933d88a54d0c12a9baf7532a97ee05ba62b53b8a5017e990321cc0c239874a24,1055,295,1350
65ed6cca45674f809c7a02b1e242ddaa872ac3b49a0f08a744e857bf69a52778,2200,309,2509
93ba07d0c8f1fd462b87174f57acffd627c9f2b291002c62d5fb3095bd66a3c2,1182,209,1391
9503b3e86fd2a6e0ec28b972145e2e107e420246d1203f56e53cdf237206dbb1,1485,216,1701
57c59034a6967196a646b5de8dca2754ac57884763d4054a47b9881102d6d57c,2316,660,2976
93a12754932037a8aaee81b0a084e37f015c6e13f6ce5d5d678df8280092503f,1667,677,2344
3ffc6f396413964026b98f603e7ce58ec6a46d85d7a502594f5ddf1a14b12555,1080,205,1285
74c589a58c8300d9189ca83a1b74516942b93209c849c526c010e427debe437e,1124,205,1329
c09c33ff0a6e3fafa2a01e155b1b6c04f2593439ca9aec8313bbffc22b935c2d,941,205,1146
9955749ef1b032d6752f9d841dc9cd3af92e416dfd9cc82bfd98aac91d1318ad,953,291,1244
f8f64fefcf8c2bb8a759925cb9b26e0beb3b12974a85989df48b077a349bfd33,1096,318,1414
37fe3007e73c0f54e6404a5b0d434b7febe0b3dcb72b58c041ff0b60f70c2db4,1104,207,1311
ab6be03a07824f865acc22d8cfa984d16c2a9c56106632e24d48196c8d29b5d0,1078,213,1291
a631cb45e1d377a95f39514e0bf22ccf095416979bfc70b757bc40a277398d50,951,210,1161
03455768f090650441af1401966cf6179b13895c1926fb9495713238b64368f0,1253,292,1545
53ecedb0d750a1c591d4da6ca4729d30fc808c7187094b6afadc4b1533e61cc1,1682,765,2447
0404444a2cbd47eede49fad0264a0e2070fad78bdd70e32ad49a03b718b2a272,2501,1014,3515
6b219ffa41c8751d16c9cea7fdbb1694016af0663d0c72c8dca813d1637b7c0a,1558,460,2018
13ad68b7172dcedb3f24b7a84b251bfa32c34a1942a807733036d2e6e35cda24,1349,235,1584
b0b58411ba88a15d05f4191f37cd58c556a9a05538be87d5d29ed384e3d59a52,1119,226,1345
f1caf14e8835531d4718f66fe9241b7d4285cb2bb659df95ac7f649b85e27b61,1762,313,2075
160baec2ad842c568377bb9cb2fb5971467503d4f02de3f1661c1b2daa29154e,922,210,1132
e331aa45fa267165286d983ebdad272f59adf881564560dbe302498f84d59c40,958,204,1162
d071033afb3d30ebe24b668156a0b882bf883199f2f1b6096ac9306a3f5ddc22,1045,213,1258
000c94b8b20ac2c249ca2b1ff324836354d7646e5acab646737a040c351d0bb4,2223,897,3120
d8d064db08ebbddeaf159495626c9a42c070985fad63175ecce597964e1cf85c,1400,370,1770
a2238966b317215d3847beebb555343d9984d40eaca3e7e8ed70e87bf1b043f8,2189,509,2698
7c87f281c25b5d358b88964ce90cb5e4f9d64882f2ca02a0a195b1e5c8410cdc,1106,224,1330
041019a45a73202a8f8365b01a0b09385a2d5de989549fec9f0c1ba4735dd5c0,1123,205,1328
2a6167eeee58312fa75f6a10c2be4e191c962f05909d519bc63034576f8f9f7e,1422,463,1885
1992ea0bbbfe535332b21485e89f1d73de9c3ad848567af53744b04c49f39d59,2253,1355,3608
d283b06a9c35713fc247f6c919ba3d19f807e16f67d01b1d99870d63d17e94b8,1043,209,1252
b9edd4da1bc10fd87e8bf45cc6ee4ea5d4f09e5a96337d0c9e72d533662b0311,1413,546,1959
cc50e0fe1e4ec30ecf1077179e7f3c1d2f9ff02502bdae4e75b4c4eb4bae73e6,1919,312,2231
1cd824e3ba7738f0978b279698978933db6f35ee2184f3c2443a89c28e61fffd,2293,946,3239
00ec6e3ad1d9b8269b852999f977eef815bba9546575bd200ca49d6b55e4607b,1099,212,1311
24145976d1320ebac835e42a958a5dd9e49d964bcfe6c30dc78ab5a5738882b1,2269,1121,3390
c0ad95fa2f9c517ae0ab9f7c766eedc8307f90d40300e16fa9d0ddf08b48161f,1244,135,1379
182d54395adaf711100ac40666c642f3f260d5bdaacd2b7e0555360e8bb5de8c,1218,210,1428
d3c8283449f7e6165d0c0634af577165a468ec9f047647797b1d71311d0ff2f9,1702,1186,2888
2139520b85279e33e6e260bd3ebe8df1f9968303503781c76f45fb8a8c2b7734,1325,213,1538
5a08fae44a458e60bd36c37aef3f1b105fa146e4d245502770694896507fd42d,1673,546,2219
6e5755d29626385c6b721ae703910e77767f7bb3d32bb45cbec0f4d90b2ec528,1506,253,1759
55eb86631af4c7e50ccd4d3e139d8ca0283bc5dcd0844c736e303de42e72c2e8,1715,666,2381
8b7e1a16c5eec386b4e0ffabd98f49615918b287c11decd7105f47d71ee8b024,1123,205,1328
11f42877f8e21ff1070fb16ce28277ae5cfa544e2a0d0a54aa32d9d296f7d4d4,1130,209,1339
4208ee3a415a7e76511de12f8a292c356a194598b5d7f47a265cc40e648d3438,997,208,1205
baadd5eb3846e0620654482a7bf0ac31464851624cc338cc75624f69e7336131,1495,442,1937
d45c8497ceaa33620b3a44bf9db2d2aeb28a5d5045245ecc93b39bbfc3a6a692,1011,219,1230
b3579f2f201ba62533f88cc9c77fb3dd438eb26185eea5d5e5f114fae9b6bc85,917,210,1127
6a23422b583c833f4f09f84c3e48edd833ecda1ece74ce605edc680488736433,1058,211,1269
568bdb2999936b3b2c46aeb32637b3985ba6c276805bc32803bb843ad77b06ef,1620,384,2004
5528af44b7d91323d9ae541c4465c52e277569aea3cd6c27fdbb0a7e67e52c5b,1062,210,1272
3a8208fc6e1e6b20b5a671816ffad7ee969636cdf4a583c535bb34fbc476a250,1152,207,1359
9b6da7c53c48985d2b1425f41346061fe2b105b03b2d77360e9b9118f7b7e2dc,1187,222,1409
45df7be8662bd3e7b25131dd68630dfd69ff3a8772a75ee6bcc0ff7bcee67c42,949,286,1235
beff304038c969544425d892cc45630707f0f7c522c2b58c6e29746acc45ff1d,1024,209,1233
9d09b33701088d3b58a31af19935c3b0cb29d744e41f2e22c3ad5bbb247115f2,1118,243,1361
365d1204c9e32391d51bbf7079f29b18d80ea5019f14de79ef09864ceea57a67,1234,208,1442
46e53b58673fb476cd8125e94f65dfeb0e8ed6ee2bb902a994a121382815ccac,1298,210,1508
1d226a2b8f7426343620e7c5569815eb1e210bcdad02d7d617f27ebbf93a8d2b,2247,1554,3801
aa021c1d635d815eb0b6fe9dff2edced12bc3692dacb7d32c459429fb99a39ba,1120,216,1336
4ced449734be99214e8fe5da9b4eb6b905de48a6f45db345c0e054732e93b038,1353,218,1571
dc53298a2f7a5e29b67c912677442b7187e72265793d3c973de596f460215d0d,1008,299,1307
1eb77759e6803ac9f4d45a2f27816f3d00f9cb7aa2c35d3bec3fe81a3c72fd4e,975,399,1374
9783985105aa05c715130e6a06bb47e5ea8c5fb24231b861115e9720e29dbed1,1514,212,1726
e1f1f1a1fbd49e9cc35dbc49d2a5a89df3420679ccf2d02abea0c9e6e6ba4b80,1049,385,1434
9fb8084efa2cedc9cee3f023096e47be2662eacdc6763ba49e3dbd81af05bccd,931,420,1351
695f1d2a84571fec92160233ffb93b98b89948e8416d06735cc297ae1159dc95,1123,205,1328
e015cdea29e2f20df6d44aff98f94c0c7360eafdd4e315150f659baed286e374,2482,326,2808
a3c0060599befc09a78446d26ca5e2372ab7103d085119d6ffedc7bf67d09c48,1038,287,1325
0dcf967b3a1f49b6f2836827a5fc95fb046781e9c49d47bcd1370573ff0f1ee7,1665,430,2095
699a811466f20fe8c33d29cefb3eada4647a2f6e952b7d39e9353a6df05de5ec,1123,206,1329
ffabffd1a8e775a431c7c5a2bc98fef906be5024d79360c79147f7f5f8dae6aa,1835,320,2155
29fc4e43b993b78dab875c232d18cffe2d9312384fbd2796fbea1078844de1c3,1069,223,1292
a571493d76b837e014611f942e9bbacd0f1423369456a2bce151974b21e473ae,1073,216,1289
6e0469087f7752cab405d10c29aceffb0d2db2aecc0422b9c08f130f491a0317,936,208,1144
825989efabba1a0c0e6867464309656238c2acaee259e8f9c1254f16b85808c7,1255,211,1466
004b01ee0de7410f77aac549fef046848e848132315ae2cb1eefb646e04aade5,977,289,1266
3d275eba0b24cd66cb038287d20bb0ab894bf9c7b253e1db81b2714b7c415f03,954,238,1192
f0f318b5c357cb1a9707564544089047bcc011c54b20da783c0c048c2ee53aa2,2086,335,2421
a5c49c70f0d2a96265cc27eee2e77218399bd1fb53b7ac70d24ecb929673556c,954,215,1169
1faced30787e24fe8e62d361f93dddc71c5bcb2b7112df64b62e1bc61f625bc3,1114,209,1323
b706ea2d25245aa769a4e6465c4bc92c698c04b6b654fe31a615220b5bff287f,2294,312,2606
99ba954f70d66220f2a3cf8a80bf21184719c554e465f1cad0251f68b365e736,930,422,1352
3bea8a1b499ce4fe0d522f5ce9ca44a73cdcbf4762ce2da14001d5347d1bad6c,1753,818,2571
fbd35979c3e08d649df88b942e8dd7bcb40abc684b0fae977fb5e05a9ad3c51b,1107,216,1323
593a33fc88dfd4850711f2621c2985ed36a5abb9af81f6b8db20b5b787413e17,1041,323,1364
fcfe106c3a83dc0afe83cde93fcdcc72405a4a330242b12133ee9cde7faca973,1527,681,2208
e8dfc092efd4194c20139bfd34c7c38bf4b9fab60034ee01bbd93577706153ee,1423,450,1873
cb8afa59d1b4ded4634a3248e22675a63c1617dbd79ac331c6f36fc60c42c87a,1029,211,1240
66bfc3eb42d52a8c536205c6ef70d32ed07ac49e18cf6a2be60fb9b63c2448cb,1423,523,1946
44bd2fe5b55b9c2920384fd6d1af58c75129f4def44826497e90e7ce760868ca,1123,205,1328
1af51bf2ce69563f7995d7fb72acad236c9a8a08cfa5cd9768af052991cc435c,989,207,1196
c0fcb5c2c986cd768341a23c8179ede271c8ee28e2a6ef17933b5f45bc455204,1185,591,1776
02da6c77cb942ee649b431d314af777fee824af1fe13bec4fb0517af2b84ddad,1032,287,1319
0893657a4e44fb34b9a3328ccdeb0b0d4eaf1d4823bbd1fab9d607e480491b22,1233,202,1435
00edda0a139501ddfabcf143f056da0514b3c4eab4868d283ceb9d7860c946d4,1097,209,1306
bb657304043671bca108a76039e4968707575b87970908e4e55e1dcaf5b28106,1387,207,1594
717387bd2e66c774d6220d09a8fbc129dc63259d925b8d4ab3c77c75fe65fbe6,1888,533,2421
28329b0c9858bb283727bcb3087976027834fde8ffba783fd1e7a1a58dc292ab,1519,510,2029
ae090990411b1d93e3ba54f1dcc5bfdffd5281dccb2d2084402677b762f1aa0c,997,285,1282
36f105d807d9042f2eaba50cf2f18f6ceb2ea247f0371643a3ba80f102683f4f,2056,327,2383
c6f84cee81ff077478f777b458072dce5f158525ca0078bdbbc1dbce57f93037,2022,324,2346
476cc6fe26d6c8e9bdd81d45258287453fad6f25373323456e0a263dda543dbd,1400,363,1763
60e7792425f70d072255ad59a0bc428ca1d9b3fbc8561b673a23745745a423ee,1660,780,2440
ae6b85c29d3e6683f3b64027f138c597517c4d23eaf5de80e4d2d5883d5dea4b,2261,777,3038
5e3c45e6a4504dda9997048920f162e1a9f8d63ad2252c9566f65a0617eec6c6,950,154,1104
3ddf58a421a327945e9602dc548eb99037774652b53781c5ce98ec6dcb52719e,2123,14,2137
db2d069b9aeb7ab81f39935d1915a9385fb99f1465294d4869536e203f68d83a,2314,1100,3414
6b7aadc4eb26f61509daa6e45377ebe7ba3dc5ea258a51d4613bcc421bacd13e,1030,26,1056
73aabdba232aabd654b7c9e8a2ccb7e0ac44de7ab619f5daaf58a4d83fd465fa,1229,77,1306
a5dc49ab2ceb0c306d1637e138aa081d166a4f96dacec7b8e2d1661cc2fc449d,1495,9,1504
