id,prompt_tokens,completion_tokens,total_tokens
f1f80b103c3934b705c20956e67ba8df511861bbebd3ba090951dd270bc97bc5,1016,210,1226
d7ef60a790b6a54e2d4edae8e1ac518a4360347c706ff5cff34cba4523cb9ef7,1014,133,1147
f411aae62f1c63e0aa07d3a55d28a237e54143cc7bc1dcfa8bdb7a665907dfc5,1011,279,1290
994b62b4e9d40766a5890ae8b8db4823c6115586b4a984ad70549eb12796fe10,939,208,1147
e7c317e4d8089e5e62d9b718ee532223173916cf5347a053b8a898e3b450a9c4,923,211,1134
e3b0b452cc12e1f2c1982b30b04a07188d18924b8cf764fa3cd52caa979bb5ca,1243,204,1447
bee883acf924a741d77b120fd849039b47ac098ced2a5995523a027d39e831dd,963,213,1176
e16b73675f27af50a594ec88959f4cbf4ee36db1dae59c065d6fe0feb5c97d47,1079,208,1287
93c66e6e381ab503c767f62910ae9d900e858e071da93ed7d7a43dacf927c4a7,1143,204,1347
016141756c8cee101b3d725459a5ba91678e5c2889bcea56301656632078f7b9,1051,292,1343
462df38ee025ee5e057848ce877fee58242311dd159416cf61713c6c2122f0b7,928,204,1132
ceadb84c810a3d2b917d449612082b9fb32235b07113e865838bdc0944f35ea6,1124,205,1329
4c6868f66e7e1bf9048669ffdf76d625949c9f21b6b0dd3830d78ee4338fd2be,1019,212,1231
0cd81c6a051b1d72cc8a239b42063ce2f6170a38beba148c3f60460bfe0007df,1220,366,1586
4c4fdf76935f682d3be622661595e0c8bdbc15f5dc4eb771f9d7fbee436004f4,1200,375,1575
f1185c2b2533cc61061929bd7e2095f492f06e6a52c14f1ac5327001973329f5,996,133,1129
3177dde46e996c6a5d68ae96f361d255430793bdf2d45882eeb61c42283525d1,1363,212,1575
60f9d5ecc7ea8941f40555f178847c5cd2c2d606e7ee6d6c2d6083cca7505768,1059,333,1392
fbcee34e0f77e0d1c44fd7729b78b2d27489dd26406bbd9e3e7072cea85ba845,1200,247,1447
fc518d47b21a951132d511ccd1e2a4aae3da11b9aa316f55e04409e4dc5c7239,987,210,1197
3ec1ef5b427c9c5f5f59fd0664e2b215061a27315eea650c0db72860d03dcdf5,967,207,1174
de85563e311d37d6c655c09a1f068dc62a483b681e8dd1aecdf0199b20eafccc,1492,226,1718
f56c5b795d05a3011d365de072d892813b9ccd4d2f0fc02b32901416f3988927,1090,205,1295
161a4aba6dfc1a9d8e1e764fe45da8fda74c28ecb6218a11199c5ea66f6c68ca,944,217,1161
e8c34b275cba422eb2b27becbb4e6ddd327d03fe738002f6c9717a1f2fff7586,1036,208,1244
1e9647b6eb3526ab6a5f4288f0e48f5c592b2faf939c6c77e674d1111edabbc8,928,208,1136
e9c1576ce0988e9f4ac8c1c0986ccb2d3561573a8a525387db3f1c3d28af34d4,1103,523,1626
42167419288a93b22e3185d55e2894bf39682a783c6cd8cc28877ae27f2fbacd,1248,495,1743
9c9e617107430c368fe442179fd3f8750862834457fa2f0de0b809f61a9d4262,1054,204,1258
aa2707299d8642545efad25e8bac8b2cf49ef5792ac22b251700e63d0a48110b,1418,514,1932
91f69d7db82415092b79ccc9ca83476666191b8705ca01d174a18e55c650a86b,1105,209,1314
349b016f7b920a96818ea08f0fc90f53a6c47892e358813e00c4eefee7e046bf,921,221,1142
b479eaaf93f7d0cfd3699290fddeda12a0c92565d8ee4dc020744712b97b8de1,956,216,1172
6d5746808f8f89abf2cfdf40cabb8c88d2bb42ad67ef8ff3e16a0e4c63f3676e,931,283,1214
f30e6d47d7eee0fc6ef77c1e41e198612e4dc75a974337f656f1f532ffbf147c,1416,205,1621
44a0035ea2c221db7bed025e75ef9ad8c9eb491c76a080a308f481ff583786bb,947,218,1165
9aa134d77c5e9a04a9da9077350bd81db85013cd72d6a20a37826459f18e8fb5,1014,327,1341
20e499af4b3fcf4b09c37dd2e6141e42e10d9d9d149131e130741364de3723a6,991,213,1204
5e679e2ebd3efe364135c5ba886d5704725de542643748c15e6a673e467e7823,1231,1207,2438
2257609a84d6d87ee82ec224d8daf16f7ddbe35f39664c72b6b473dd59cfe57e,2472,318,2790
ac98a450c50df7215aa6c2ff2ed627386f752d617f7a3723b378442689bd0d69,963,281,1244
54ca11dfd125f4140861015bad68a25b4d5ec32ba08be74b34c02be850b8173a,2142,1144,3286
d171a19e36129ac6cbdded6797cccca290a58a6ea8e86dd21e5a3e55921c67f7,1596,353,1949
c3137b53a0122aee74fedd44c48bc8454b6838287950af53bbbeb7bac9b72899,1171,999,2170
e05152dbabe2bbabe31297a0387d90784662607c7b6b3e4ed623e56fd381f06e,1498,588,2086
0a76ca857d06b73393c334e9354ab7aedb6d7187c742bab7a5f8c5d3001fc80d,896,205,1101
f64bf63ee05ad8a87b1b991881d90d21bfbe57e7fd098ddf903612f194ded818,1298,223,1521
da329f156aac17c04cb9f45e9b51b91308a73caf6f219202892c5f15c814dca0,1249,1103,2352
aafe7add56a138d03f2c96966e21aeed6d295243a4b4fd08d3a5024169a1186d,2082,1036,3118
e6ac553337a23f21fac842d568c3fbb45646f379bffc4107f303bd84d2a790af,1126,205,1331
e9091598aec5c9ae913d79ebea2f7325bbabf63542d93c7e0e8f006de9ab3d2d,2048,558,2606
12869919892f1b6cf26d1e801dc768c4152430a981d2331e4faff20ab2e94b55,1249,215,1464
bb31e233c5eb8160ec82a13313da2820533ddeac337931dcb9da75a6ea35ed8b,976,205,1181
aa09810b783014f098b9d1d40dd56f05bf045dc556122511f9c8256f6c7c7de5,1507,213,1720
f3fb1d904688c9d2af1e0dfd4a8b09e090bff9c4b9ae7899e1e6be3b2ea7fbfb,1298,204,1502
439ef09b8d69ab19bef7a3c15eef37b4c12c28c840937fe504f6330dd72cc9fb,996,287,1283
5cd8eabcad0090a3347b840170e2c6d98441da2e6c507257fac32b4d36041731,1046,216,1262
09740b54e4c24fecfbe7419c206d62c6ffae548176339e2a9bd07de96e6e2b5e,1181,426,1607
ff96c0b9e927aa09db60b34e58a032705643c9292797a3181270f18e1c795a65,1275,216,1491
b056a0b2ae4514c615ec270dd6c27ead4d9be3ed830d5e3d93c7a12df60162eb,980,285,1265
8a163bc60ac14d96db0bc878bec9acae2a478e3096b84607a004961a754a763b,1535,204,1739
0d1741a9af2d7e020706e455bddcf46c86d0efb535f1d529a930024e138c2182,1274,301,1575
e850c57ab6e730d83a210210c083fd1025e8b357d78a1d3bac666a98958e5699,1275,855,2130
fb02a307f98405672a30f96c2017778a73821f3c4413f0d417ed41efcb36d3f6,1012,206,1218
49534c2cde364eef63516002dec30ad1bdd55d69e43c610b0fa62953457b1695,960,344,1304
c484d516db8c711cb499e6900bbf27e71ddb6a6758c96af79fd139b058d1b99b,1048,209,1257
a8d9f27488975790537b7b906feb409804cfc67f001d7ba7d36c0e04c0c6ade7,1060,214,1274
630df594bd1a412c094866c5e78820e37968d812bcbf4214b4c2953db7baa57b,1428,1735,3163
db3e313acfc917d3e6edd0b4fd5d8a8d9f9165a81362eb4c9a7af16987aae27b,1003,131,1134
269cdfdd700d2a022f4554e3ec58b9c896ad4f76e00918b576553fe8000e52d1,1202,200,1402
6bf0865eb2a9bb383153c18d367020b27093f42c9bd7f4095f594d8f5ac0f5c3,976,215,1191
2498c2a476f8054bfb1122d35605d0f738db40747d10daee959d2de09bbfc55d,1137,308,1445
2addacdb76cf940c3c1c5e27116b7c0eae80733ae754e6a2aa009057df498f4e,944,214,1158
9741802c59fef38bbac1959abf140e95cae4ff632644099a9f8197af8728d8a3,1165,200,1365
88214c6f116ed925da06491afe3a134d37bf744c17fab2492aa2b7c133e5a1d9,953,1193,2146
a10f81060c33ecf533000f00744511f3976380d7431237548b99593b5329db53,1050,202,1252
9ab7c5daa8b06ef387e4d1f92841693a48ce5f1610e88288f85bf15683943ff4,1060,209,1269
c64d74d90c7357332a5c8f40e5651dd3b4667420632cb45e1d25b094d2aa55e3,961,214,1175
63f3d8fe9fd4aca9f45c9dd8988b1f99377dc16d4b64a9be9e08fd95681cbef9,1205,649,1854
1c7fc461198b90a9443906f0fdb6e0a8c0fc6f0cfbaaea27fdb8efdcc10eb631,1252,370,1622
3af2f7c0f52b44e79c4ae8deda917217dee8df9264f26d239ba3898f7a88c957,905,201,1106
07fa770f0d77338dbf03344902c35c57a8377156a556508141baebf7f0d05185,1126,205,1331
0a396d96fd050d4a6135a35c1fe7b3590b33ead750153c1d0733d720db2646b4,1116,218,1334
efea8485d26328ec02108173523518ce0865c3190623ddad7e40c8ef6c2d1656,991,215,1206
b03f4952aa45bb7dd5044c9500b1a9ae1fd306e0391aa6b01cf298431452f69b,1396,1201,2597
98128f55eb1e3028b460111ebd6bf9fd09d25b3d302221316a3e3f01e063f6bf,1097,218,1315
fcc8bb59a056b498fcf5501df4fcb60e6ac88104bec2e9614b1aff292c9f0d00,1310,212,1522
aa11542666bcdbafb7423da2276608c1f3f58c016add8f6a2ead08af346a8649,1229,204,1433
ea1dd1e6be0f94eb0c9ab373f7f9d4e08469c6f23255e4054fe81d798a91be28,1151,424,1575
c6b646f6898c15f0bc54b213e6ff24926496c00f14d1efde193cd91647e6eac3,1391,286,1677
c9c13cc5e02d8f565ccc1204cade8b40f2d3cfa79bc23295c163c4234c0ae815,998,202,1200
0b42e429727f7cca46c6dbfb5ece7f407741a40c17a30185a4c53153c7710717,920,207,1127
eb2d74ad18cdd52d7a71a2eafec1ae54faa45bdea2f29171940650f3c916098a,1452,207,1659
6c848c7cc5a4d0643a74fa81d8ad82422b73690961919c91d397b2bd7a1f07f9,965,219,1184
77dfce5f8d8a2729a33c6736f971df9bb2716735613cf13202664773b888c53e,1544,202,1746
26a11f2be6f1dc99cc70887b4b29c2777611189e40ab1be051ae854be5f285f6,1056,538,1594
c00d4fb9968fad5846ed03479754ba9e94cf16c3f1729370cb952794329816df,1031,210,1241
12da325957920595348d10ff0506b5da8c8443c95cc3ace355ba157ca36f0075,1079,231,1310
6f4811061552d4688e7ec0de6c41fef30f07fe28136dc477658ed0e82fe6f228,1020,208,1228
ba284903826fb773dab967a7ffb1384f6d20c53f219191b3b4fa975cccd31452,981,355,1336
a89c4bd9e4b7f973e45cb09b9a08895889f45eb5bf083fb3aa970c0fa2b1775d,1156,448,1604
68b5288469c84bffe4c681c2b8150e0a2446fbc3e6b5907e0ddc4ab17b566336,1276,210,1486
8ceca0b0c5183530ffe29a2d4629cc7b409a65364930d362d4b186c5817d0605,927,211,1138
fa065046f21bf7a39993459ad01807f4b677f5cc337ca70a765e566a11083469,1078,627,1705
e1d087bfe7533c915f0c6957f8a68cb1fd3f7a2e904be125d5a98bc0ce46a52e,915,216,1131
9008eb8eadc2954359a28dfc116274a8c5a41043a913ff124f2ea6eaec4de3b6,1286,311,1597
bdf51749aefc9e5c12671e7b340abce5cd855123189a139f4686d881984bacbe,1094,448,1542
b47a879c7586395c61bc27dec404f859b05807cc99bc243a32437abb4d7c5b41,989,131,1120
46c317a00fb086e6337fb1903aab7891375890d81b21514f8e76384439eea298,1255,278,1533
833b70665665b5f22e9d4f2307df7246ca48045357af433e8412600f4c77636e,998,207,1205
3190fe294294d80a5962a35dd37b55009dc5cc97c908c9f54c17671608371e68,1046,432,1478
b51d9726644eec701682e8685cec9b7274a821e9f7372ec22dba6eb3b7abc821,1342,216,1558
ff27f09314b5c6436fa355c5c473bbfaa7ff72939e23c162ab91c9a00d8a7afa,1339,201,1540
2ed4041be263d84a3d549cf0e03d420686453ef9054fa2f6870c5343eae896c8,1297,213,1510
e2b36721d0f4da7d16f01af235403aabea309f4f3c6c060dd9d6d9c7f2c1f1ca,1162,587,1749
bc0f6db3edfe99c8e6bf05b37e27747c0389e950edf3472b5c7b080f7e92a3ab,1235,288,1523
56e42e6e756862f6e4d597cea5ec3be6e78c9b4a7ea0a9f1d97e72509931b4cc,979,208,1187
73050f267d796fa989126121b06e2019cab49f82a8cb2cf67576c2c8888cb9c5,1066,702,1768
b49138e7c7425b3c9984a578742ec028c538ccc24955a215582d00034fb549bc,1124,540,1664
3332a8836ea1ce3f7e47f76cdad0d049c40030da3249e4545dd69a73dc963a68,1002,592,1594
c6012577cae6e891c38d252b587c539f8f7bd0159aeeaa04c94134fb3453f78b,1136,368,1504
0ffee7ed7d689e971527eef5efdfece4d34b2ab78d54b56bf353871dd9529bfd,947,206,1153
d286f47ab5de0853e14dc40bf93a19089b5e2dbd8d687a89c1b51fe9d7536469,1663,540,2203
37517772509e5c102989b40803e490c502a8194e8a4f692a57d9a71f6826c46b,1092,201,1293
7fcfb7b49d376d31e280f9a9f4d7d4930b414bd74c8551f468f65821006e1cb4,1249,224,1473
e7af283b8d024651f6593477496c6fdff2014fa1ff3b50fc6288e166f0eeca47,1620,1415,3035
b7d01d9a47242daf12d13e1dcfd4a67be5fd10e7ece35e2437e18d06205d871b,1339,442,1781
9810a6c43a1fa909a924ca8144b91e453805ead19e86ef0ccd639e8cb8d60626,900,204,1104
eb4d43c3b3a167e0a2dfb1d8a321a277d6ef0cdd44145f5d91e1c34cb58d37bd,1200,429,1629
4dedf7cd2973ce01400be483eb335c3fcf39fe4dfe10f9909f731a5cf4206b94,1143,323,1466
b31637f39bd903927c8c38ca00a67b544117f4384a94cc5e225aff35cf3c0d04,1126,207,1333
8e258e24e6d4b098b53b751d9c9d2a2e4719090f99ef851d501437e5a0726716,946,204,1150
7e600c33513c3069e5a5f371b74f41a42886ceb354316cf347b8faa5e941602e,1065,245,1310
37196658d4d41bb4d353b67a14af817f9f090c76fa11a32bdd305b8f27569840,961,368,1329
84f6eba52149cd133740c3e98c2846921bf6307b671d8d3c87cbb23ba3765642,1245,1077,2322
d2ec06af4af7566e2e802b698aa8040e0f5d805aeb71b47a747f70b845ce9fb1,1214,870,2084
f864d7c9f74cdc67afb6610a3d2cced5b14895d9871f90b0d39c8581d6f87535,1353,212,1565
87d7772b7c2923f25c56ea27d12976aa69f4a998abf9420a0202c6875e453dfa,1536,544,2080
5edc6aaba734ef071f7145995643d7780d8c48bf0f89dd7b264667e9bf605e59,887,212,1099
dcbe8ae24aad71dccb905e7d1dee09b000426fae5a457573394be8181b9bac39,999,209,1208
520bc1a916667e318a5fe361c7f3c5e5bbdd6295cc7848a9b39944b1661985b0,1659,217,1876
3a52b83aa31c762c34d0b79d2c255e3a963da6ae474375d776fc65454a4eef55,1118,300,1418
f816a263ce8c447f7321d81fb220059525dcf16aeadb76f164fa2a845c6158a9,1007,285,1292
49c6579cdf1f60b31a79986b47034d017f0090e8d211364e3c5b20a2b2ea8d95,1041,204,1245
ebf99cdd3d9f90e08d522451e392191e27fd319ec2d6a3550dd7931db0cf97f0,1037,201,1238
da6a5ceeeb1c1ab63170b2cdf9ba69cb0f00f665afb5729dee6a1b65d8df0d8b,1475,211,1686
680bcced108248defd256bd3fc5e8983694a878975894df47deae89edcf44d83,1061,704,1765
8640e414f7752df675c4a45a9891a9c9b13c59f1c93e1203be4d4855dc952067,1120,212,1332
256da9757d6d7ff65ed5a2d5483c9043125336dde011ed4fc679273fdbf98353,1026,209,1235
031a027b2fda796a25173de0e23494634be8a767c6cedd5bb991fda4c6fa31a0,1047,210,1257
2091e74a4c088e65d54761d0fb696437dd00f697a4a230321bcb0f8ee6225a6c,1119,216,1335
499f62ed121ab908a2072b79faa94cdd78a2864f8c763526964347e4cbf00f6c,1335,203,1538
0b0f6e87488935d06d3b3e84d96097f5774c6bbcc94461fc88a04d28ebefd7b7,1477,214,1691
09049c9b33b8fab15985a7c6c36f1cbc57dd298b603aadc0ffd204f9f2d843bc,1868,546,2414
4671b6b5d577ffdee034b9791d19d1b893028f9df296de58819447b20821f3e1,1018,299,1317
18b07a86efae4979a3c9e43e8bb6f6a45d3f99e0772a9e83bcf8194f348176d2,1627,322,1949
27beb2ab100a09d67434dbbbf13db67908b216420dbad66c9dd679dc7bed202c,1697,313,2010
a310806db2d6f0a16d12490c131f652f739bd91f9ab830de31a28cfb19d1171d,1416,209,1625
ec87f51d7990f884936d97cd83362d663165a4ee2844a2f96fec85bb53a09e17,1444,855,2299
526d42492559ce09bc19b83c3941ce92c063718ea1a2a4eda74c19338e559fdc,1937,313,2250
85f8336449eef68d5191085a3626eada0efee87e13f3e9c7b0df5dc4d62c928e,1139,289,1428
a0b068706ef532f86c17e9cd2ac2f052b3e3889aef8183c570952bcab76214f0,1814,322,2136
fbe959372848847c3712c5494f22dbb94c4f94c04cac6e942e7dd117851320d5,938,286,1224
6eeb54d47301b460496a6bfa549b6afb0c10fa030499911d661a802952021c2d,976,215,1191
beb873edc1848d62183520397578ade6e66bb30d638eee918c6a73376ba42b0f,891,294,1185
aeb238ed3f465375e69e2f3acac720aacdfc1224d98b20ff46cc1a476fc9d354,1465,785,2250
2eadca2d07b027f085c1a16434d23c622a07313a7f488ac6129318e2a47acdf9,1299,140,1439
d860bd2b01df8c7a241c23b45c4f747416a92d2c4ad1dd6c87acafde04ae349e,1146,1022,2168
d586b26add7da88bf5b36fa82ed702f0351cfb2399516a8a94a7f22d3590139f,1602,281,1883
ce006d3553e142cbfbffac21e09bc696991fd9b4a96a8db5b7a0f19613d071e1,899,204,1103
88fb4e754c6a48133492da978c5771fbddd96cd0c15a957247dd86de3691d66b,1326,502,1828
8c92a264fc318e0ee6cd2c0318626ee8b278f128f5870ac453dbe3ea35f3fd5b,997,208,1205
383155c6d39c38745914ed7732c539d21d380d2f0c641a2ec4dd8b7198d3bb9c,921,211,1132
a375b8843dea1620a8861df6b7c4b25ec0ef80272b27ab7206c78f7727125d60,1311,210,1521
625f6bf96ef73dbbe958ddb38ddf370e086c9579d4a0c9a5b2b43c7c911bf293,1596,517,2113
23da042a1fda87ec1905961a5ce48b8c7dd73edd9048e76845ec628cfe00d06d,910,136,1046
2dfd88282c9b88daffea964accbd01f9eee3885f3f4c609ea75a6030b8ec0d0f,946,303,1249
8be9f98c49771e35bbd51605071522c313863a0d37cd25c49801f4115e4af40c,976,209,1185
fe1d2c5e2ad4c889d91ed6b4ecc3cab00aac52ac46ee34cd51187df6f14aabb2,1126,207,1333
591523e3be04ead0253719f3faabef7f6beb7b638ac18d53e66902642ad194a5,1348,213,1561
af959b77cc7fb260e06947231effe877f50d80e79c717ab9093f3d835b274f9e,1143,204,1347
51768e8bb38f7f1072685e7b8aab2990bb26d28fc384d1958621095a37ff609b,2058,548,2606
d1302a3cbfb058772ab4615f9b9e5fd095e39e1a5bf52cb6f244805f7aa1bceb,1052,247,1299
1df8316ff461f6818ff92e5450727316e7a6d7099b5aa9feaf5dd1a4efc1878b,927,132,1059
6a5a4ff334bc871673eb2a5cafea8070124c568dd75e7476412d25f349154d20,1716,443,2159
0c38fb9cff9fb3a2bcdad7e4e5dde208e016397279ebd310fbb7a394eeb6b5fb,1106,218,1324
51138732b6c104216d518a4bd6893d1d4e690647141a70b9242282f959fe046c,1688,314,2002
b393dee7b1280e12e9b7776fcce2af50ec1f0e1c52d31cc4b83b3ee1b49796bd,1042,215,1257
e902d6eefd43dcdc4b021e6170ae8e69090b41907deb27a511212806b347e89d,1313,361,1674
a15ad5ec14bbaf07bfe840b1648645c662eb6ac0ed34067a6c9e6dce36b3bec6,1864,558,2422
b0376bd02a89c261f0c4d108c46119a1ec40b0ee3cd0037fc3f77b4da6c48e61,905,686,1591
70b27c61a38295d5df252b6f0466bcfb75cd3a63b31654acdc6d76ef7c7d4e6f,1070,139,1209
7a1c90d3abda975a485f4e67ab88d7dfa252bf6413ea2d0dca480157faad8a6a,1126,205,1331
e1ca583007ca287e53960056fa9bfd7be3ee65d9b944929be4c162c08a0432ad,904,209,1113
b49fe92e83f74d3c602cfd2af6477f8542f563665e0f9fb805bb26478493bfa8,1074,205,1279
09c5a31bf130db4dad293670927b1eb3a86e522f43069be19add9ccabd5560eb,1579,600,2179
1fd0879e89f2fb35186b33136cb5e662f18b5d51891cba2f7dd6c531936ddf43,1213,216,1429
f017bc7d77a251be6c9ab8dd7a3015b5191fa103eee438ee89989359b253ed62,958,204,1162
7e8f267b468a748513c5ffaeb2de4addda57a239f67ffea5d43eadbd6f0856ad,1884,1151,3035
e3167ef6c19ad18854cf6d3de5a90523cf893ba17eb4e792220f794b74ed0643,1412,586,1998
45ae47c9c62f290595b29ba4bb771dc508060e1f50bc2c08011fab16405fa7e0,931,208,1139
8cd04470e985804ccccd05640182be1ed7f5dabc1f7530aaeaf652e9d7480efb,1039,210,1249
c6ca710dbc9792931cb82c0ba7266e229b4d058e7a892d208d033e44cef1f1eb,980,537,1517
7764e0fb834b7edd2d2bfe70d6660cc9df91b48f771e51af1c2532d5be2b95f6,1423,277,1700
7eaeac52a1150087cb713bf876514a775362a215fcb68fc4c224b189a2381dec,1096,199,1295
dbddcad79ea8fd824ff293d1a48c4f3442c6780d3ab8b18a9817cd24ba7a787c,1187,697,1884
519771d3d25f56e76e2e270132fc22acfa05bb086b980900f50e3f50cee6d96a,945,214,1159
b82ad5f52b009ef11992abdb765d137c18f841f77cd24f91ce3f66532fcabf0a,1570,239,1809
1e39557941d03a2afb79effd4e87ca7789cddd955ef5ba4249667af936f02cb7,896,294,1190
ac8fb8a44aa4f8969fc724a5b88665600da95091fd3691d968a50936a1acacd0,1020,285,1305
ebcc71e6430b9c9b11be5b9eefcf3b90fb8f8f65ab85abc009060012c749faf8,1137,204,1341
ecfff48bfcc0662a1a625e1a51ee0219fbb2c4bf46b68b8c465847437283f174,993,534,1527
eb7c6da9d64638579ca496d4fb959af94a2eb248aca739ecc215ad8dddcc4cb3,911,204,1115
dbaf8c006321c6296e72f45ab3f025f19ce244cec32e848ac1567d570b915b58,1065,361,1426
8dad90c5de7b7cfd4e04d99ce159ee0f8dedb63c85e4cabb419e2ab48fd213aa,1000,132,1132
ccd25ff0c0e8143699411a0b584fb8006769951780c6328f1d093cfb702df5ea,916,215,1131
4ba67103b5876e1970e51a1241d31e6434bb6fa4d12ad4ef867726d57f968047,1026,285,1311
a3edb2d5d6112f768b5efb5f1487ab3d5bb87c99c29798e34d290f005c2e5dfd,967,298,1265
2f8ba14261fed99d9c5e44794a651ce713710bade95a2b5d58e7bd47ec3709a9,948,209,1157
0b485d546112863d6415b676d78ff546e4cc422d5088fdb65fdd69fedb3a32b6,1023,218,1241
a498c0505e83d7993adf9c60ad91b22b8c11eece0284fc6eba02fbdbab3aee6f,1056,209,1265
90c80b60aeed49ba2ea9d5db22702e065c379da3ab28cc9bc4e4da36336832a3,1094,156,1250
33724cd92a4da849cceb56630ddc59f5bd1f2d02878883583ad0a7d05dc753c1,1010,353,1363
374211e4dbade7c929636c91a57ace5577c5311c9729329716891de2725defbc,2466,327,2793
512acd95ea7b7248dab45296b61462c64d27588f251e3db28eaea225c857672f,1236,199,1435
cb86baee19c9b84e25ce508da7106166005d1df0e1fa7e1b2f2af5ad43f0d5cb,934,377,1311
fd94d3b6afa41616ba3defa25d4cd250169dce18f459bbf0eef8f5ba65ff0e31,1039,286,1325
d16d89cef6ce4364f4f493368fc757b33fa9f1a97f9f46fe6c3d7c14889e8e8c,1255,301,1556
af5cc08387cb08f11ef8c09085130091d780a56d9acba6fba7864da95485219a,1149,327,1476
c7ea8d07ffee9a116e138599a108d3d5a57452be35974791ba555ce9ea43b799,1074,257,1331
1d371fcfe544e804964920ee70db8b4bab4ee26215cf8145e2ea07955cce8cd5,1016,289,1305
70f77e4e1989234c8ac5ec25aa18f20f7f6c4a85952ae3e4843b56e409f738ec,1539,530,2069
2db6b0d6a93bb7149f1d61ff281f421a4f5167f789222d05df55a4663737c878,1230,360,1590
c31d5d9536b49999a711737d9bf52e4238ad829e0623de4d44b1484aed55cf71,1040,629,1669
2ae55c87c1bda7f223ff605c88413a68cf8815709fc7fc0aab1a1f36872c8686,993,249,1242
85b6f0d722ac29e687476818a82565f87a9e2a62a4037217882e87280124fcb2,1404,203,1607
ede936c2cbb8bfdf22ef3bc7e22bd5c4f010f3fc017fc9c6df6295bc0c54a97f,968,205,1173
83c624190fd161c2ec02f55a4ea16c8f273315d4cfad50f78c91bdc277d8b618,1154,217,1371
31d85ae831027930861e1212fafce328c18a413e9390f7afa7fd95d4fad17178,1412,298,1710
3e572b75d3db90d930df7367411d6e3c7373fd03f2ee4b91509b7469050d07be,1013,519,1532
217c126d323c62607b058b6ccf887ad9dfb1d3c3202d79c5421d79c9f97d8ea6,1065,295,1360
852fb1a65ce3a31ecd4872972b34441f52e9f744ce50c8f3e635dc391bf911c1,1269,226,1495
ead64ee4faa0e78924459bef4b5e6c9d5a10b0e990b666fdeb4015a68f8ddf0f,1009,213,1222
79761480b2d5f05a5179c0a3249a01325c9a7533eec54473cb914fb0c46a0869,1727,320,2047
406aba62e6d1b122f833a51998d85f4eb338a7d94428b3f3dd89a724bdb496ce,1020,217,1237
309bfd2f6dd426a5e930a2f2b3c6e39844b4593ba87821796b9ca9f00a8afea6,1583,452,2035
e8e76be56b32f09a34370c081a4530d4255edf2bdb53f4aa0500b1ce975444a8,886,210,1096
8ad95224ef5fb89b6c7e6b5484e9a51e351e77337db29f9b35748b126d0db278,1066,294,1360
fe19276cbc355461d4d4c0b132457a07f7cf36028e727d6a5e99f60a82ba4be9,1082,290,1372
93a60b6356b7f6c101a127679dd13a03c606c9841d45bc3882a1fbf9e1ce8691,1116,1016,2132
3a0b7403e5306b27df45144f98c92ffc15de29a08f836bfeed1d3ec648b82d60,890,201,1091
f6daec546b0f95b507a748d3b617b5795def707d4d87623eb96bd1905b18b697,1131,204,1335
b2d8c13d3c1ad611ecee0b0d3843548f4f8b37248f3b22da4dc3b3a7a9d7e4c3,947,211,1158
e15bbc9a3cde81dcb3be81cc4c7936562e26ee92e3655e88316372d4df2159fc,1928,533,2461
16caadcf95be37b6db14f5b05c5950a48adee82bc13fbf795606438729a09110,996,211,1207
a14e547e5b0301dee10f9997f05d27bec23f3c0a44b9cd11e39d8f0bf77a4490,1036,204,1240
d2ebf9e9c21d99d2742792527ff6bfc6909c53d24e143355bb4b9d31b85240fd,1079,213,1292
0408469b92cdcccd535f515ea131a9aa627d2c72675199111eafae90efc28a5e,903,200,1103
85ce07251ff66e58ada905aa2575945bf5444bc70e071b926dfb2d44ced6f6f8,1039,259,1298
4a95874c7c28002699239efe5648a191ac0af9c1eb7242a7d50f24cda66021e0,995,130,1125
2383d0ce47ff8ab37b730151140254ab03d4503bc73a7b65758150fb10a8c5b4,1195,631,1826
6a6f467cf03de8cc9232b781ba77502ef7700a2cd9e10a7cbace4da82500238c,952,204,1156
d7668342ec7c6be30ff86a26df38381ea7313c02c3d93d1bc9501f64deae9d16,1003,1283,2286
1bf2b3e4cbd64dbea5fb2c05168bc3c927029e629627782a19819eb4e8f52ed6,1813,322,2135
2a6a3ba85cf89621647079fe3dbc6bc6adf5b849e8d868eba9431014e3837cbd,1009,213,1222
896a03605b205b8365496ef725e4045477b1984d61b43015fcb8c7a977fe450a,1353,362,1715
6bd1f54bc0d724c8b98e6c8443d95a7ad448d9b62d9c21f343dbcb053a133250,1099,205,1304
a8e4dc4b2467e1bbc53c05e2ed4f66ad261a76ddfe232ad85b0889bdd7f466df,1063,200,1263
c5d436b2ab86b8dcaeded107e1d846cc006008970a6768e256400fabfe9aa7f0,984,297,1281
0b33d9f302b19933682a6d02303b2adb6911272b50ae3a512fcd5fea87ed20ff,909,135,1044
7c9a674c2d7a59a19267fe7c7f5604b3db7389a75122da8936102b64d1047cf7,1333,257,1590
f9ce411b887ec896bcb1c46c5480cd871225cdf514ffd44df7e242d9046452ca,1193,216,1409
d472a25a417b414281c07e134f3efeef7757d5bf53cd76eeac995ccc1c2c8a32,1066,501,1567
afb075a5f88b7f9f61312352d1cda6264d4dac0ad98c4b72751c17cda17b2f35,1075,205,1280
64eb851972aac54036cd47c76460e6ecd7c8153ecfebff9d821234d888f84292,890,200,1090
b2ec92ea3c3336c171295a35af43a38f693bc8d6011d9b278a1967140614f807,1576,291,1867
4cdfc22992be2467b0de7c7aecd22100dd6895903943aa2147249bfa6918352c,1148,220,1368
19235e2e0b2f36310767bbabc8ad8a53061db9cb29d18d4b9972540de7636b82,1527,207,1734
28af0ab84ad366ca82038c7802ad4d8e3d6c4775e228b0771c96030d93b56553,1051,139,1190
4c15c42a7cf3944630c916c6152db8b211e03e315b5cf85c933915b08456b109,1036,218,1254
9a9e32dcf80d5ff45989ab6b26c9c7c073a8259956731e96aa2614ba42c9b932,1089,221,1310
6c775b8f88d20db924055f955b09b4d1368bf4582df23341ce6c9a82cadf0960,1102,224,1326
8e04d90be03fe29358ece02f8cff8df0026211fe3aa95083ebab85e8e1cbedb9,1028,208,1236
496c4f3c030b611cfc29521b4c7ab8d2cd837a93f89da1072d4778feadeff20a,974,216,1190
9e3692b547b4d066f77ebc390b6ff594ca2f1d54a5b197135f81b8aed099abd1,1057,379,1436
9c0395a40595f19141580ec30d46a012425e113505e24528556a4dedf3b5f275,908,370,1278
9322e57108d7454deb32d106c73c9f153b564805e2b5f4d9364e2e190dda7411,918,212,1130
01523b3603cb0cc3ecddd9b7261876ef149f3765a78c42685ea31358e62f1fab,908,209,1117
3eca81c4a0f6288981d34fa8c4c2bd6bf4c6665b03810c1f3c62604227906af5,1073,525,1598
b4a7f670f4ad6c8cec1c41352692a8c62ccef12bdfbec221fa673c890aab87a0,872,213,1085
b4ecbdc133c08bb64192cd390bbeb300f1b0240f4ae32e55115576db579a7616,1333,209,1542
6d732b8278fb0435b893e52fd74fe0ef17de025b191705a46137be2e751ae7ec,1087,209,1296
3c51dbabf79192d20caf6c5013a9a2728998755b23b3ae7039ecad9f90b10aa0,973,212,1185
fc1dda9f913bb37a28559105df62a0990da774d23b51cd21222180e5197ed224,1006,254,1260
2e57c7cdb5da679e0baaf44d452a1e01add3fbabbe38433f8124e26b2aea5b04,1291,231,1522
41f980b5680b70938ec06f6ea9b99197f714e4b42dee6001d965aa850a199263,977,204,1181
66d84a924c8588611cc8c37b5303f14e316e7961fde24f0a6bf6614e91ee9ba8,1272,438,1710
74abc2d26c5c67aa098add981d32c78c28ccf1f6ea65e3e30c92ef583671fca3,929,285,1214
f4a708b5e3a80ca4c22afe7fb93d8122286291d77afee90ff12912c80ada8ae0,1149,209,1358
639a880d5474e6049e29173f0ee5ebce89dbe843f40be206b1606af26d7d48de,1022,211,1233
258a9d28b1dc3dd15b100f45fd27e0bf1c999150615565e83b7518f1a5dd88e2,1263,313,1576
a99c3d3641fda2b9784b0494f53e9cb65003629e5e04aa17972ab8413cfa95f4,1050,390,1440
a2afb441c3680f4851c8a04700c3cea154a7ec87fc59847ac48ef292e6793db4,918,214,1132
069c20d72509eeccb6cbec9d1dbe5d5a1b8a1cc64b7d0f18bbcab620e1689f8d,2317,439,2756
f63b19205670148df8386fb3fd1229e1433a124361331368feaa4554035464b1,1175,205,1380
f2e8ec1e0a1f9d166a13fa9a34a1a33a64f196b344c51cb3b5cc4cc91d6d68ea,2295,321,2616
d767e2a04cf589db564f7619f96d7834425d978de8c8796ebf96febe6255d505,957,285,1242
b81f7e00d27df62178b472f183c27a81db98cc1b10cd66cd491cf2c98e63b48a,1210,372,1582
4b753ef97ce6b31e216cc9141b67e6fa47073122bf608fe42242d14a5fb75751,1117,364,1481
d4ebca6e34fc9c4bf56f8730fcd8a9d4fda33c4772f38e21ecc477b844bca761,1342,362,1704
aa3acbd79679e6ffd039462fe825754c89cc6106a840b8e41fbd2b62842530e4,978,1025,2003
cafaec30f5278b7a929d8a4f87b8049146712044a2eff65cfc97868a7e5302ec,1170,203,1373
d94f3156bcaf2d296b9fb8952632437f8fcba5648966bc72b7bfd7bc181b4a7c,943,297,1240
bcfd7b0c0f805bad039625b4081bf76767dfcc8ed0c8c518adad2ba419a8a506,2155,1249,3404
0e2011437d7560b65ebc188f96f397da3a974905d254f136f696d68b653724a8,2161,323,2484
a7539347bf8ddb3387fb7486f675e0a259e32cefc17945f4f7a5311264b050ed,1117,348,1465
1346d10fc857f5b299c3652da87447b89dab5f54c465479ad29ecece8a114837,987,751,1738
912b13fcdc0604e25eda8b0496cc37379344e87f0a4f1afd7a63f15aa3e151ef,1071,135,1206
ca3c1427468ca7cc595e26f91e36f11f927d5dcf039bf1d44de2d1c0ce54750d,1294,230,1524
617525ce63761ac57ea83c914b662b0a6001d8fc518fa410c16389e26bd750c4,1096,446,1542
80d263b1cdb1c15683c267af54b71f547ab8ba77e3704341ce67680e11e250aa,1309,230,1539
0b705de6672e643cc2047190c0a17e1a8a2aab2ca902ee981888da182facb66e,1101,283,1384
596ed19ec948211be2b1097ad113c113eccf7fa35d130ecc7cfffbcd984de39a,868,213,1081
901c05b3bbf87dbd4b22e6b9adb369228525f5313d61788ad69058699b7f9bd1,1028,251,1279
0fb2aa6265b421119e9f37ec047ee6905c6992b5ef80cff5e2f5f8bbdee46be7,1028,466,1494
fde8eb05e1609fa661a3b21f6474d71f61e49d078c6943e4850134641d696cab,1268,208,1476
fbb7186fecb9c13fd612e32c9c9b98c90144e0627178204282151b42e76bc76d,1066,932,1998
474d78e3927d8e98e20f8f3b01fb90784e22df490af0acf8a1238faa26bac09c,2190,554,2744
472676836892abf45cfd99e11f205c1548f4fcf657f969dd63b448c17914c1d9,1007,362,1369
27a8afbf801647e4633b544d2feb6110a6ee41b90de2fd46aad7844c2cc2dc77,956,213,1169
233e16acfb7f861ab594327a63038745a1be43da1f06e6bb846e20c4a9cea13a,2367,313,2680
cb1a26c80e9c4ce7ce6211d964a793ed3b3752365f02e3bcc79f452c60f76e55,1317,220,1537
e4c0fb4a13c004671ca141172718baa1f6e76226bab3a9546c1a175d8a188e71,914,511,1425
9e3f6d62d2293ad4aa3e4f04fe5e3912ab0b1a3ad1ef0a9b0ca6cd73a6d90c3c,1069,218,1287
2983725cd1d785ffc4d21360d3f9acad509a874b906ff884797b3698aff71b2a,1076,353,1429
600ce71cceebca1a505daa0abb731d1c58022469e21135604d4dcb94d70e7920,1243,286,1529
a1e1c7ad93e63733b1ce451fcaee8a2acc014a380d9e6f5cb94d812d337c5b0e,1064,283,1347
ed77a087f718e2411bac415a3b1761ff0a4658cf80cafb5e9694f10edfc0b403,2485,420,2905
cd60411f957870fb89d44d46931ae2403044b642784e65286cbae2d95e4ed923,908,211,1119
4bf823c4f533c12a848368fdec22b17daa6be0581bf63202459c48cededc7bdc,986,210,1196
870cb42af4e30cba4e1495dc21a9960765ee99427e52226b7de86b19ff560d14,1367,390,1757
253715016f756f5459693e579c3cd990db6e94ddcbee2781d058d41359e5a586,1338,1573,2911
12eb0be94f8eb5a0a96ec3899574f42fbc06b93f8fb7b59d7e13438ecca9c188,1408,602,2010
d2321def169af6c47b2428ccb87a08d57df120b587a7d5d366451ee43b422979,1065,381,1446
c4e8599e4055716d976809d3f1256d2591273c0c2768ecc13d105a1a6af3ba7d,1245,445,1690
e115e3555eb9cdae4b67172e5a825d8b37098d13b240f70cab72d323fac9ccdf,955,200,1155
1f9ba32a83a852c124cff6e51b8f21cd6b8d9ef10dbe45a631d7aae7dc909576,1307,534,1841
9b331641a4f03cd28e50a57361e27dddb6f302e0e094dd7b6f94c431a37654e4,1076,217,1293
e20ad3494fe44898b9105b40c1ab1816dd46927f3909501eb3e79d5be7b75d59,887,209,1096
078b3d8e41b9097d9c5d2b6d2b77a083533af9c53a790f342635951aadb5689c,935,299,1234
8359717e66dbab86cadc7fb2c5068fc5784a1cd7553607bb185c784b98bbbf1b,963,206,1169
c87d2d86e2ef206c5d36022606128cc65a93b829555db63a96f091ab37ce2f91,897,210,1107
9fe18be2044335bce4ff3d1eb5ab580411a135eb44249859ac3ef1f643a7d70c,1013,214,1227
24cf7d288b6d6516f2d62992bf4f37956f0883217b2bb5c0abb96c1c9a3b6646,1220,517,1737
c878125cc261e3c4387af3744b498eefba4c54032ad654591702fbc813d91b19,1211,522,1733
e723cd2cb2d50c08a2da3063c46fba7ce1a19574666cd884ce5a50d42672dcd9,1173,364,1537
a6a1bc8bb45f3d375829e2bf6882a9d0f608af70314d1ab1ed33dd4a6d48059a,890,214,1104
3c49d76465fd3aeee8ce40274527cc9dd4af4fbb847ced761320e51fc66b8c7e,983,213,1196
a58e058b330737714f76ed342273a25cec526bd372152d9603ec9780ba46ed3a,1280,235,1515
6c25373885259a74a567600dd652109ffbb52185a501c7b4e5238cc8de0d11ca,997,213,1210
d3e422691a122a350098a60d03621edb08a95115cc96106b997d153a2d0fb1a9,1200,205,1405
8bd9dd618f147d3d6465ee22752bd9878c36c696a385bd4d1397e92e5ba56ff4,2071,209,2280
fbad733cb26a8f369c32e912cb9e30f4c726349f882119b7e0e2b31e5dd4e998,1372,210,1582
2ea294c9ea55f0f174e7261211cc4240e1c153776bed141af813003a53435cef,1651,863,2514
76cd27fa232c656a599e0c2cd16cd069080fb22573de28fbc656a5e6349512c9,1577,519,2096
f3d8031466ea76fd6f1a68ee055f19100b65313d6c662a98e27b41125110d607,883,209,1092
a7945811721758423222ac066c1bbab03fb4fab615d6e496e24216d034a8bb04,919,304,1223
1e4cdc4c0a6a8889cfb895bd582aeea2d084dca882210df2a4c36cd4f10d9c18,1007,210,1217
936adb8ca6d6ffeaf274ae7afff74057808f822e4316602f48c9f8f815e500c3,1080,204,1284
805b7ddf59ef58d40dbae769aaeae3c8fa35c2d0fc6c433b1b9e1fbd0f347c9b,1481,596,2077
743d135fd5410578b40d990df26fe54275d51e6b217fde1e035f96b4034893e3,2264,2015,4279
69aafeb8a30562b9d6debccb1556dc2dd420433f0739f8bfff78e46688f42923,2198,769,2967
5e5a298c1ee29c2ca38ae31f7ec23f21b25fb77a5e97a6248ed93e14d823cb17,1300,466,1766
9e4fec5eeae220262222a0bf6545fe97bbb126695938e30632376a2a6d361606,2126,644,2770
39a8e1166545e96a289a3962c9701825e7988ba53116e36b7fcea26af7d225b8,953,212,1165
a07fa42a69aa76a0a42b52ce8733ba22788e50dd12cd1477b54fd337aacf004d,1029,210,1239
5e3e824e2041f9592a1fd3d2aae6eaa4d2f540f3d2097c3679912994c1315621,1114,251,1365
e153a4d71f48e8871a36adbe507ed9117060bdd849f23e2e00bea2d36f74007b,876,215,1091
a13eb27093de76647d03a534b6ab0f3f6a759b2d05bd8fb5f213fbff35be630f,951,614,1565
7402a1baa9fb3654a31091d23166f98d33d13ceda231048c7c5a8990d39e14de,892,213,1105
b31427343c1371315f7982117943ff1826eae829f471ecb4ebd02923ada613a6,1053,224,1277
42c0830fbe70a0523f759e10def26b89f30c912ce8c651580c3412dbc6cb69e5,1877,651,2528
b32bb312a98c60446e7b5a599d7ddb57b6dce9e5702bf30b9aec57e3793ed77c,1089,777,1866
017de8cab2b3a8b96bf2eca06517c32af969e0517509caf2091c77e00a308a90,1135,210,1345
da482da05802621dd0e1698eada99a0ba7affa8bb5ef9e3fab935b5c18473493,1013,210,1223
883bcfe5abd6e9d32564675f8df5330a7275596d38a2d2cccbe0529395ba3bf4,926,294,1220
5bf4dfda36b4af6791fb8e46c1a960d43227f3ef1307c6559f30d15f16db6fa0,1001,213,1214
48c055e597c620ae8686387878e726b00cdf24c4e426985cb7591ce4d9ba3177,1261,208,1469
da9ebd9e850b3778ce0938cfc70f4ad3396717193c9a91a3027edb2b53794065,1388,294,1682
5a15b761955077cb68613fd9cfa8004e349eecfb57d4a7c9c33a3e3d0dc2473d,1031,543,1574
29c628a8cf32923cef118bf2d8c2687f87c92e44fb4c2b7455d443eaf6d90499,1181,204,1385
e548b3efc795db580d20230afe06fc9be820047789b34b64c4d1fc547f14de33,962,207,1169
838314d2db0e447a8e4d71cb2be36ba05bf3eeb1505e50c20255fc8107692087,1091,293,1384
d19e8487076ebb994fbf8d4352e8f55e7853f794f5ba8ee64af0ae70683f5bd4,1097,210,1307
3e059326be600acf87c27dc5803e0500703d06f217e37bbf3114404ef2872535,1044,210,1254
f0e9eab109f693ac0db66cd94fe63e6017807c475e9ae2022b39810fbcc11d5f,988,215,1203
cf8f42c645133f0de328727a08ca9ba2042eb8cd82b2cd0e84e2a0b59809d195,882,204,1086
86dd02da5760dba0ab9ef424a1c4a1a95338898fd25a6eb25f67f97f3813041e,1386,382,1768
f76ddd6fccd52d53555bed5bd61df517e14629a6e57e431aae9580b2e9cb4334,1111,215,1326
a8b72cad2bb432d0ca9d8a6390cfd5045aea3d2332691015d6f32f2c6b919fdd,1174,229,1403
da0cf92b2a088ba91cccdc04d1af6a8561e832a3e01ed568deeeceb48b2be850,991,202,1193
ce639541f3cbbbb90b98d954bd7087f37c5d66b51c68060eec56184d50358a0d,1067,214,1281
4bf6238ef9f87c92660f0ca3724256a0a61cb9186578388938a0400c70e96aba,1023,283,1306
fa1f65a3489649b7317e0f3d72c8e6c392e16ff41302312a74aa653a180c1ef8,983,362,1345
21592e3e4167e61f636753d659c9847972cc21e86dfa74e5279a4243292d21e1,1144,211,1355
8d49a7964b13088b57f4917690953a2521cf61d2d38cc98606e370aea25e3f71,970,291,1261
ceadb531067e60b6e036b12c53e5911b032b2744a2dd7455e89a974d6e65823b,938,285,1223
dc945d8df16ec6119e8a753c219a594c6b64e38494daa624f82eb4b5f77e2b75,926,207,1133
96f6f66de0ca562a21135249a0238bd5d05ac553594883ec9d10738edb8230b7,967,216,1183
3a1ce92a3929de356893681dab905122fc405864fec9b095a4006cc85680e709,1110,223,1333
b0dc475b0ab4c37c96a2a6a691b7bf3334a024f357d8e5a40292136b944a8925,1299,212,1511
9701317ff538287595e9d4031ff9f33c39b48c442531eaa51d39de7c40c0fa84,980,215,1195
ff32e552f8994dc819aa95e8d399fe1a86d9995cc363a686cd43de6ac31848a2,960,210,1170
8ff44353ccc05e11966242039515cfcbb1c666ef92a1d52ffa7e2e50d7977727,1104,209,1313
2130ef2956c0c3de995387b527eb5ab780d8949d817eb9daa8cd482aaae3a063,1073,205,1278
c32d89928da3d00269b1b1e3004d1c32894387ec1aa47a33945228b4dac614d7,913,251,1164
c8c395055eb34147962615b5837504bb648694c23445909e4bbde173b1ad1a63,916,203,1119
1138f7d9e88caf183bf074dc0891a7ea671b6376ab4b0082cca3808b725c8842,1182,285,1467
57477175bc101ed4ae40464bd44877312ced9ab859e4c239e18cf47efce73109,986,225,1211
694353dc0cf9295e48c6e15acc52219be3f1599bb39adb6d39f4bb8a30173659,1332,432,1764
0bdf534756cc74ac42b781dbb953da2861ca69aabd3366194e75fc58ffab3163,1240,298,1538
dc2680ec159951ddca15e4507e2271a1efe8e53d79e485ac00fa8e9a2e6ed54c,1368,3020,4388
8a9fb38a2e302967b1f08eed4a2cc9241b6402f04fbd8a8b301b715f65ee7a32,918,219,1137
8106c7b1063ac91fc7886be313858b3bd0c00ca278198b5f2d22395c3fc6f1ee,1084,218,1302
86f5d2bea47b754ffac1f36d6ef0dd44f0d267f4931bf26036900c7a20a935dd,969,209,1178
3fa841724a15b1c63a4291896701b5859445d984b269b517ba14bb0315629b27,974,451,1425
f8caa12d9080578397be9990a2cadee12ab199568cadafb0a8467acf67116e49,1336,215,1551
3e67dc75148eb00d1784ae08a3017268de29a3121a9c56747e884154ca815821,1276,201,1477
119220cb22626eabeaec12d4394976ddfac10e7b8fdb5280d9bbb25620e78c38,918,205,1123
9282eef1d00a80ae7ed31b3ff2a3e2610e237c952140b4fa3506ffe645f17ad9,934,214,1148
e493fea6ce775d7e02af0ecc979b0b629bd700fae9cda408b3b311b756c0cb69,1346,296,1642
c0d67429bea7000e590f4c863f5a3123d9fb5749929f4dfed24f040764590cc0,1247,211,1458
4a248afeb3c28a3575c15c6d167240d6f57a4e5bda503ae960a117a97eb9bb63,1378,297,1675
0e66f1a832adcba8e1043740e166f44697e8844f903cf375020e731aa4ae1a9c,1072,134,1206
5ac1d82dc27cb769b84fca6b6e541c4f5948a14c5ee1b3de36d33d05fd206c79,873,211,1084
8aff2ca97038e40d35dac211f74a4cfd3cabf45e41a900e1afa93fd455f0cc57,1045,225,1270
f40c82515b91fe155f6e3f12d4e7fd98032b190f8043a1d8b797026fde275fa1,1272,292,1564
fe86a8091de2a4b736c03c0e6fc93c59a865d887bd8b6e9c47817bc938cc49d4,1030,208,1238
97441600c4e2cd334788701980f54eb62d3ff883958c7e1a2b58e450e758ca01,1460,301,1761
db76613a6f6ab924659e4652c70d2c22c856bf670b8ea547419a007b48eab934,974,218,1192
4b54a85c91697d4ccbb9712315016cb345881c75908001edc51e2957bc847287,1072,214,1286
0e28f3f4d270cb43abd43906dbcdfd311b7b5958c35985249f70f8c3b04484f1,910,205,1115
68c20771465c025c1d50a938c09f83990ab4c8469afad3d53cc3a63fc9f8b58b,1042,128,1170
af7098957ed8d85214a03c4b66edac1ae70ed97e55fd78342e22c973cd421585,1013,213,1226
f01b965cdabe3f5d2c1eece49b06029a59bb580f9c11a0bc68c03683aafd2e66,957,208,1165
42496ad2508140b7d68cc6b6208cbeaf8539acff04752697ed3c9ba4054e8eb5,1013,213,1226
c0bdcf299cfb285262bf1d5ef3efe1acb3808c67e34ccc8c15912b554ca2d5fa,988,253,1241
d01b20e461ba5df836f0829d89249b5731795106daba0eab8273d6c2572fcb75,972,261,1233
452b60f08707238a0e3ab42e2d77931c4462ee8c436e39aa8a2bd4ca435670be,1092,678,1770
94017586884f07c925e6c4beb557073306465c6c5702b07fbe7252f0a3a2828d,992,277,1269
81c52e31a896f3dcbea391f59f2af6135281fe157ae7dfa0e1267facd017bc77,1226,209,1435
ac6a2c418d8a3b287d57a5ca999762f98aefb25d381b9ffcfd714a36fe411686,1262,208,1470
9f59e22438d79677d54ebd0e13fdc0108f9bcfbafdb9177a08a1157fde599d62,1041,217,1258
09142e0b94439cdd9b25f047a5389f16f67a810f6c79527b963cc19eeb6f4403,1197,377,1574
c46d00233bad37b51bf8e96894bdf858f8cdfc220c47e0a97ab1b195f58e22b3,983,216,1199
a00a4aef50dbc3bbba338c5bb1ce251ad02ba9c7e4d719febf15d15d03fed82e,965,233,1198
d69a8cf04a4e467a733fce4050a8d181eec7e3cb227603ead13ca4f288daa73c,1043,215,1258
374fbcd7911777aa3b5cde890fbb398d904c0f068ce9c3dffd0ef733612beb72,979,299,1278
5e3eced31bfc206f48ade746947e9c74c3ebcdf3e185637ce3edd4768dd1e44d,982,211,1193
10cde4b62aed46c515ea419cf6f1e11617f1a3802a19613839fdf3459a466cf9,1634,421,2055
e3be2475b6908d2373bac481cbf0b54fed423370936faf7c07579d5d65bb8888,963,378,1341
6f22034188f86fd17db9af712d8f4c091d0710d844d3c8ab74297aac8757c513,1336,301,1637
06865df2adf4f1bce210bd84058e39e22f064ac0e0a627bd3ae1187ba7735a0d,1922,779,2701
2a9464dcd85405eb8a4b5e67f097afa38e0fbbcee28e3e7254ff4086dc6f958c,1066,213,1279
158815411f3d9e1e01a5f247c508f0ae7f9372106a7af38006955f99cea3b580,2250,683,2933
929094b65230a820e16bebffa7f2a73fc45903341dd29811fd75f109938dacfa,981,212,1193
577fe4b4c215980d1e5da782ca9a34995e34fe654ab142c6b983f5ed0ea2921a,976,348,1324
d3ed302dbec6cc937db4f0cb357707101d8fefa9526607ba76e8c5a9cf1e1a95,997,365,1362
ad34195e9ef405409f44c0a36c9af763ce49d610dbe95eca91b174f6b92c7bc2,1038,205,1243
59747e05bb625aa090265159b64a37a58f1d07990b1a51520b6dc937aab885e7,1316,278,1594
6e6f93705563fc43613529ec0e8ff0a4d86eda716f704f5f5c1921ba813396eb,971,617,1588
2155d50bd9ba785aa07e2564909b8aa6d57baa2bdd4faf69f1c0717bc38ac6bc,1417,450,1867
a596415406dc42d16c9388a6100c833cd9c237f0b46e57f0a7ff6cbdfe6450b9,913,213,1126
0de67942299defa1f564b1f308f38e9d2b201b9dda6f53073fa3cbc5158290ae,2360,2519,4879
c9fa60be4931e1a2662d04bab809069860d3c6de41057517e248a9b1d52cb3fb,1035,205,1240
54287743faf4589b8c8ec3fe000f4d0e7b78e8af60cad258ece37bb65d4ae9e7,1183,232,1415
99a48f42f543acc3341c29d58ed6e8a4040a4d1878f20c07318269e7eae40dd0,1465,297,1762
1af88ad64236ecf23273c6448b9774d5537661bfa44e5cc9532cb7eef2b49a82,997,296,1293
2d9b0aa0bbda2912147846a8ada7b16d598a2ba4fa2b46012821126fbfac2277,1118,217,1335
f5670f423cc2e9f9e3f969cd9b93653c377d05427715db3c9b32448030f10a11,968,206,1174
ac764adaaaa3c9af202f67140dc7cd57b653ac505598ee860ac62ec88644ca24,1205,132,1337
85d7e7378089524fdebdcea681589c79beec5ae9309949a2308ae6e4fa3a2931,1284,210,1494
896aa863519fdb824c1de1691a1fe0f3efed27570fa004f18f4abe2f96ac6091,1203,479,1682
622fe7d777364928e565d8b92fe6ae5b6b9fb53ee103bde398da5e168e207460,1041,295,1336
627a9b0145ff6fddb533b66d0d5bdc97ea45def6aee0f94a48530a78226b0963,994,286,1280
4f7c991cbf4c7fc6d5492303344dde16ae4a4ea0be8d6b14d064ab5b62d9d551,1313,482,1795
0a65a1060ddc534539ee1fc32aad0dd7073b5ee8351e84c3c77dd6c31fb34bb8,1140,139,1279
9bdaed5fe43b7e5a307d6ec6883128a3326ce26fcaae02ab1bd571e5bf856d94,1389,453,1842
8563085e969d8411de1d5b7458b18de25f66272c35bd10a5111348f4bc21538a,1096,300,1396
2e9b64e75558b601d0fac687cdf6493dd0f0c068d016fbe8b4312fd1bb64b3a3,1333,498,1831
b351791a3ff400a06c7d95916ed7e48e2924fd76ea06771f78e72fbc8dc5e934,958,207,1165
c8e7968ed65240e575eddfc8a6010d462656dda886b753b95deb2dd7c65948dc,1013,214,1227
faaa822f4e1b6f1d886eef9d719240d056edf6009b650ead738be5c3a0db5011,1150,431,1581
7ee4dad4257b96a761d400620adf606b30d957dc6a9dbbf49a40a802bfea74ae,1211,227,1438
f960bee25208be8b1918a2807eb9b16d4c06f2194741e70976863923b2d1f41e,1260,287,1547
ceced626a7fd2e36d6db645f06db823e240f0ca6844633bc08602e07ec51fdfc,931,126,1057
bdc1cd29f7d467124c5de33ee2917efacab469328716618b1e7c08a16e3b82fd,971,309,1280
68eb5f04ff0d540d2ca99a32aaa15bfeb6d0c58023974ed95ce42c9981542a76,2117,1317,3434
b6fb1848b7301c673978a77c5c80ed53bd2a0ce4f70998632fec37b453dbde43,980,288,1268
9076700ab5ed8ab823fc134ac483cd5bcc9a9a81a9836c2a5c1fe3127ba34017,925,127,1052
45f91d8af4a8df0ebab1f8cd6e363d13af5c41e9633a40498e12dbae7e925985,1533,688,2221
46ac6bd0f8d83fdfc02c52c4e67491b1346516886fc480e856f088272f3b605b,1073,633,1706
6bff568c16586862b7c30a12fc4d93fece5b4053fa7bdead0a77a6f858ead48e,1321,630,1951
c0621dacb873cfb6c8929182bc8ebe982918d25ea092379d22f9fa77eebe815c,1112,286,1398
cb843ed625218c6ed0da27c700154fcda0975321defe8db1ed18db3aaa2f8438,955,126,1081
61e8f89cc38fd453f8993a231f2a0aaf25c783cc55b026c08b2eb5a7702c9ceb,936,533,1469
edfc8c14d40981cea33ca897807493d4e95b5adfd90a23533c8771e3420c2751,1403,273,1676
6f46ed8bc3863360603fd319d1a6581c1b9014a01b25ac844137656da2e3f577,2108,780,2888
a2442bb15796aec606f2a0acf04f4e855ec8529ef13de68c8680508879d8a7d8,2273,1016,3289
6a6f54e633a477133d4e4842b7d3f62a03c5629719908f01b5c4dab3d1045631,995,251,1246
ae8ae5bd0ea7aa7079e16a494d51c99e799fa75a6185e53e2b01d2ca8ed5c14a,941,284,1225
d3358be8b4850686f3662b6d3303f40418626925663ee491590595790d49de5b,927,288,1215
9e2a00c028efe71ad54f3b21c52b89afce0b4e52872aeefa58dd609f0ae09874,1012,252,1264
8f1c09efc9416703d88418f292f3fb1be7301b6e7c9df58686346a94380c2a9d,971,206,1177
b132916be010fb5437401d60ae5a2def57589934aafade14a43e718260ca95fe,2151,327,2478
8f779f81918a01940f4af35af5f380cc00b4f8d6f8d37c3ee85b2ec1185f87fc,988,216,1204
8eba969e6c27dd558c762e13a768c58113045ae63f90fa10b8637e0c7ab8506a,1283,211,1494
2d31b1673b68379410e18b2ece3bad87c3fe85afe06c4f9de06d492e2534a2d3,1645,330,1975
dc5e1327df66f55b6ac0a3d8baad64736cad43d13b52a768a8e8f9dda7626275,1066,252,1318
f9472e12ddf0da6a31ba80f74b3a0e2d68ff9784cb656d00b27a84dc5c27b327,1080,281,1361
e5853f272e1035318d6445b5f1aff7504877477d698f07d51dfcef08f45f82f3,942,210,1152
06575203e5648537f21194256b8fbc649ffc749bca3ea06226760a3e94cb088b,983,291,1274
793e0607e158f30b0565e89616a872c151c92dc02eab0e7476d08962dcd4e81b,943,210,1153
242991e5308c14f120d42b058637fe10b148e4bf258b40c9604bbbe2eaef624a,1068,365,1433
cbfe3f5615b0cc14e648781fb58e01684f50835c4f7521782a391e0528a7b73a,1161,255,1416
8747fc2622d816b402181030d53389f3b0ac8bc6a8d159870cbd09b4790ea179,976,774,1750
2ba54b71ef92c2e0aa3500634548591d2d73e065da353542bd6e947963790ef5,1313,211,1524
f3ace35e49a4264c09c939585fd1acc61db872ad7dc557ad008d8a46ccfd4585,1015,394,1409
5b515085f2909759d4d17ea9c0d1e058499b6dd73d08b3a4110c39857b61fb55,929,208,1137
7a74b1edbc48e404bc47917060543f83ee12862096aa79754459d05ce8c52318,967,284,1251
9ab240b3e129fe22b9a8b4ec32b99569e0aa683a3735691f610e05071b0e9256,1304,363,1667
848339166e09938a5330072cb984f691c94f410b02b5a2d81bdc9e6f4f757c2f,1116,214,1330
00b27d5b322ba1463d6b7cc259da8f105ff14a42d18dae01cf638a87babf92e2,1276,208,1484
56ae0bbfa68bd16826b579d903cfb0400e080df7baa60a5d92ba6e3fa9b12681,908,207,1115
0ded10ea326ed63298202267e7aab5aa8af407e2ce92ebd065c271c53c348e56,1379,476,1855
0ca7b50d89f2cb55678fbf88dcbd15c85e1213b2723583576cb3839f3aab90a1,972,212,1184
3706edb87b372b443abe360431efe36b32536e08063661d818d8fdded0e3ac3c,1048,211,1259
dc6e6278654362905a11a12f206fe2b801b2718fa38a9e1859958a86b3e638d8,2097,192,2289
3e580cd8e54739b88166c69dc675d9ffd54ce4a645a2c6a80e78f9dad5b062f3,967,207,1174
5fa96567adcbee24d8cbf52cf69913db3a3945d2cd238c0e00c5ba4cca3614cc,1502,853,2355
832fd33782e8fd9f2c4e7247e67f5785f6ebe229ea1ad4b03c711b55f727f82c,968,283,1251
747d8fd0206548fd83cfcd1e4247b251ddafb476ea56490715321f82ac98fa78,1105,305,1410
62d934dc3061d76d63e9a8bac6888ddfb9455ea4c38205477b9208534566b497,1629,647,2276
9efcc3bbc72ab6fddee7ee114167d513e01614c6351b39862712ea1caa0cfa02,1477,207,1684
bdbe5c793ebf3451c94c15d5bcbfbf84fa5f6e68f043279103a28f122c3ca40f,1050,300,1350
f7c9785ee8aedb115c1d02b366f1cb6375fa0bc4412e5e68b89f94cf65f6cbe2,1123,214,1337
75eab991c867c5c66b35e3f1b41d7d684c097b19c9da5884c65aa4f08bd372c8,1073,281,1354
d1ba2e599b73224a44dd4c1c344f72213b3e781e84b8aedfce0a75611204c578,1115,292,1407
cfad8bb9770b9332a7ab81baff7571a90d0cc372197f71579424daf34d92ea9b,1216,309,1525
cf6d8846af88cb6ee9eedaa341a8d7334b44be65663913540d5b88ae2301902b,1311,287,1598
efc57a50b08a794ffb04e3168d5737603aceadf2d627b9d8c44a7da71b4563b6,1591,759,2350
8fc5c90e4dc0b154fd46d6baf746662850367410b3842cef0d66b0a7a070aec1,1213,310,1523
f4748449e452168acb6b096b6765303fb6347592ae5b3b608c31ca497a34de7d,1244,139,1383
d6a3d829cc7f82526d2b17f26b2d513f6f9b59028c8dc0a79445ff0afb08396c,1126,293,1419
36888ac84ec86d18c4ce15db97bda366ea1b2b7e6287e217e7f9873167d1daac,965,209,1174
c9ac726200cb92d22e403b69e5649a13cea2504947fba1332cb6ba23abc86166,1129,625,1754
101c44fadde5031730dbf23b3dc8246ec08671ea5e2707c27fc0cfa99ba2044f,1043,253,1296
1e569602cfe5e890d7ec00399f1f11985230a7dc665660d9363798732ae7dc3a,2247,1243,3490
274b97b7ef41259e27ce905eee2587006b2f6cdb4a2193af1fa0cf970448df00,981,133,1114
026804ab04d01874f8a42bdf418033b3dc8ecfaee15afbe21cd959c5161dc292,997,214,1211
914a83b8b1e0de06e7c90308124b48ead89ec85b4dffcc61a8aa46656ef06f8e,2060,352,2412
007a9c3ef92ee7ee2d18614441f8ce50153e1953e4340dba1573241c2cb5255d,1140,219,1359
deec51b7595f365ec309667cf821f55fd28aee1946b2b45ec2cd09cd4013b48e,953,355,1308
4ab3aa894e2959bd7da6b0656d6ee71598b86cb830d9410f56f1efcf3577527a,1100,531,1631
62a2d207f627cb2c7180f84d1e73d32ba025cb52d5fe648eb1557a025b000d40,1100,291,1391
1dbdb9d9cd364195c1d6579d7dcd3e8f03859908000efce6023f85b2af419b13,2364,309,2673
34e2ad464720956da505709787edbb5342184f377b1550735d8b8f695a18f54e,1285,786,2071
7afd3979799f7b9375ee588f51931572c2db8c3292c76af2239bf8d63a865f23,1270,228,1498
3933901324e1913e4d0ce1f3e3cfac2c87ca3abece8555bd92654b802cc14b17,1552,215,1767
57800e81842b4c5f0e47fc8c6e542dc3aedf55e94ae61566361949cb0330a63d,1162,207,1369
0c22e0bf7a4e160695b9567e2756875c877c56efd14ecf62f1b7aca2ba1fd075,2193,546,2739
325403d8b4f0e5c5c6c55383802a07e5bafd0fbbf83b72055690c7fb3781c104,1243,684,1927
76730b061cbf9d1ef2fc24da3485ee9d417e67044352c3c5265d9c063183c4f7,905,214,1119
5057a48c180912a46fa76ce107e9bb9b67304f16a2d8df94fc6c463c1e79d629,1214,452,1666
262c73386e5124562fe9ecc5cb6889d853bf0699d4a5b525826bb04c7bfdd9a5,984,209,1193
69fef1010002c3a44ac3143e48c91a6634eab10ccf90440d5bcdbba7ff4d776b,1558,222,1780
7cf50982266659bc3763e96bbb7b11226dc2061d2a92b46aefcafc85eff86dd4,1204,213,1417
7497d048c6fed1b4ecadab8b8a90b3e3e467853263ffa6e1d4568e193410b6ca,1229,253,1482
3aba110aa14f0dbf2ff3ef3f8cb176fde93c20ee60bdd671761f5045d5310e63,1574,1115,2689
eb9baaec700e871ab1ab6f33610b8025a0bca295e2932660db47743ada6f44bf,1102,213,1315
f76006db660edc2111e7292b76ba72131fad0ac5e9a0cf28c61c12d1ca0f27cc,1476,599,2075
fe5cb1dffbb02805e7c8d0e78e09381b767efc8649383b6f7ac333cf0ac917c1,917,206,1123
a8ddb0673e494a49b91ab750b6632f23937bd59224563025689bcc7e6d534158,1217,715,1932
8ff0c1e69debbc412493e9e5fce66a2978ca6ee581263dbc5f438be2521d4fa2,1013,218,1231
0308c02cf3c4c2c3c2595b8ed7f6bbb8bf066f93a6e66c1c516a5c8bf804e3ad,1879,2588,4467
31a62f2a99a3146c4183fd874a4fd43352725fd05959bd24b09393e9b45330c8,1250,214,1464
96261f4b92c4eb6b1983e49094afa8e8f92996b664ad77305b16562f28af08e1,2241,1516,3757
4010b13e9375e492d3a7d31b32c0ca1ae79ba8ae08492cf505203c4e1661fbff,975,1519,2494
e46c10f14f3ac7e78b4bf5271fca768e27e19ba75e122367a3edae77df3c9556,1317,333,1650
9260fc37daac9c46ff720ab606a66f0423889be1f01a87c77e353feb37537507,1041,378,1419
7fb484bc004c777fa0387c343856bbacd13bfb5cec596f325265b15158a815b3,1501,313,1814
fa2bd6360ef4736ed3c8ddc8973d4905b23788d64e0698359f0af81b93e4b046,1129,360,1489
aa9ffef64d241e99b00bd28b244993d6d76c053ef97b3e0dc32af31f4d16f83a,1103,216,1319
35115e9536353532b14c6136b5a00b2b799e9bd86e73d02737fa366f914ee74d,1169,215,1384
6e4e2bcfb95821ca5edcd37cbdd4492b2eec31415a313bd0db7909125e658e49,1049,215,1264
ea2a745957e3ed6b6df212c1c4d4fd29c7ca318952020e3d58ed64c4c4c7e3a6,1534,535,2069
df60a248e3faf00bea49ada77dba6c2e4e78619a8598275544cd53afb8df5575,1269,298,1567
74c23fa4ee0bd70e255d0514fccf838ec3693944e5c60d269266302b318caf1e,916,213,1129
48e8f5af08d74d86174e769c79cb33279fbf4b0989c261496592dbc2363a98ca,2096,874,2970
9ecc795859b1caba69f3391c5716a1043fd76a4cc52725f8f166190ed311096e,1062,213,1275
f04a26b70cff11e6f3f2d023aec665d4464dc9f3770d649fc4299cc3bd3f5a38,978,211,1189
9d79e821be3e2ae6acdd2c06ec5a06ce8ff4ffa27beea875fa96a19076536bdf,1088,546,1634
a2b58b9606dded5b9658df4df6c4f8a59665e2120e9dfdc80ecb0f2112cbcc4f,1609,214,1823
c74fa5eda635c8ac58eda2cea0a535a07f6496b2b2464459826ff7a97957ff0b,1068,286,1354
daa751a6b256346947eee34a920a520af4388e826fd13839dc27ea7a6d97f811,971,211,1182
c73dff411369d083534f5135130242a9d253d63e299719bc2f6f4a5780239f5e,1930,728,2658
0db6e7c89636f98b37fbb284130e40fb5e89ec3afbe3717ac274c6fcfb4950e0,1127,361,1488
3cbbbb82f3b26a423d7f00485348089c271ff5386b8ef7c057ac981e73d3774b,2294,1846,4140
d2d0f29a6c21e871c943b81aa1d4c434799c1724ba769861b4ceb0d3d7e8e093,1085,209,1294
746d4a9c9cd69bf1c8e21d43c3ab65b62779c029460ec645f2ad3f17efa03846,2128,553,2681
4f0e9fbff7127016087d0531838b5f780a5aa9746669d9677ab08a2b94a4bc1e,1430,373,1803
3729c503b4f0943731b74b962ec5bcc0f2b065e3e86abfa0134d9693d52c0818,1087,214,1301
c00a0201e2f64a0f6d3335951bdb7a17bb6c238984c5075da8be92cd057afd80,1111,208,1319
9e47226724c6f1a323e1c8b9cded4d5e2ba58f37f7cfc88ce4be13ca5de7c750,1526,384,1910
4b455ed9ba83fe8e33fa960b7afe2dd26128b5cb819bf2609d6e644136ee4cbe,1285,1032,2317
898353ff3bdd9b41a52cec86991c1c7568a941485158898fee77b0c3d85864c4,1372,227,1599
09346cdc51ef7eec0094708a94634949ee0195126262eed9dca49d4e3e9366e0,898,284,1182
c32efdf8317309ed58c7414b75796162a753fdfb40c069faed1a8eabfd78678c,937,203,1140
2fc6105670f4ba3ca6e3e45881131d133d4452c3dfd4b58ef12e2311505ebb70,1105,207,1312
d29c1c8b0a969b9b6ecbcfc0dd6dc820847ac7ce3fa933ee32a9577538dd95a6,1098,213,1311
42cb8f6fd92653bee6884a03ec47ede41206171370bddc63e907a5c9143787cf,1567,254,1821
ac815392e92739dbe1818d0c26168d5c4fed03d0995085ca7e4bb9060ea2060a,1044,208,1252
9366551d233661135cc7edb9a13948da772fc2912a58f72e44400691c941801a,1146,384,1530
484c57abf2665170303e41bd87cf5fc1ece9c55ba414db1cc412420a4961fba5,1395,437,1832
03f421ff0cb23546c7b3f71f06549866dcc3e0654411143741da545beb8c929e,1332,296,1628
39e84eb70c4eaecceed2f577eefa8b491f33f842bcdb54a2655b11b31216cbfe,974,206,1180
cdae5a6657d644839352b8988b969486e51223664d4a82ed730e278b9df69766,1026,210,1236
e0136d6fd4ea79d6af66fadf07ef9c15065241c993f12886c6c98d689168e1a0,1909,1288,3197
886d5f7bb896b89130814c4638df9eeca3945b63f80a09481073a13acf749a52,2059,866,2925
fef7bbf98f81b78b41827c1aafc167fa8f896d2e967bfab7d8434a66cace3631,1224,207,1431
28057239b136611d70b553a14551d17f64ede2e02a247696bd46f927b9c89497,985,204,1189
ac2ba42c37a4f16a01a7cd23177d8cc9cf6fbd7155fce59c39070f4375d57514,932,208,1140
917a7ca102434d1fb45046ea2429aaa466aa8c16bfd03561c8f86e92378b2e3c,981,208,1189
afbf68527e1d416b037fb444286b798ef3a21b8c48d0a3ca00b98738784017b8,1124,214,1338
403c9f4f3c56a1de568e4301b6e62db59bf7e2db0bdf7518539284e056507581,1362,558,1920
e673ee5a77e98049735005e2396d61cf93405afdefa41d6d70d205d0ec61f001,1281,219,1500
1e94c508efceec22767ed29b85ed6bb5844f3e140d092837843242794db2e580,973,637,1610
a1d1b24d2bce389e4cd1eabe2dc8df10b8be972ddfc963777a7a3dc9e104dae4,1460,613,2073
cef0cc833bb3f2ecbe5764ce17c7de139846f5b3ca05d960351b92943f11c63b,1018,298,1316
552ca7463bbdf7ec6093dc830c8c3ef5eb1c092144638f7f3aac50b2dd326aa4,1163,217,1380
2a6aaa5489054325c1f7bdcc44d0c80699866387232ca448a891d04adbd52745,1276,373,1649
ac7f5a1dd55631b5ff7ea8e00e4b7b50bbc8c44993783959febb8a8b24cf5337,1066,210,1276
97286f3758e5909d6e6c8011eaddc13819397eb2914899da8e72d60a4d86ae5d,993,298,1291
87080640cdeb870c996f77e62c6c039362208c69e638558882c0ce141f19ef06,1178,367,1545
b556c358663fcaf954f8cc41e535c5d9116caee58cbf160a24e2676dd2b763e8,1592,226,1818
209cfffecc14cf7a7141c6f7789d297f21aa208846970ad44d027cbdacfa3291,944,234,1178
d7bb7969d4961931d15bbb0ede8817ba5ee0e208444b7285b5ee99211d6f5b92,968,372,1340
6609b19978dabf615296a831994c4227d0f7b6ba58cb495310437a495ce298d3,1125,282,1407
12c671d89b589a72ffa33ce52dbb8902b223285159925491f4da73c597100a44,1182,896,2078
fa847e204ca72e4ed55970fd9aee153e323648a558fe913ab5943cf8038eb871,1145,205,1350
58e18445326def9bc3e8145acfc4ef11992bcaa914e2bf9a63ec4ffddcb115ad,1839,667,2506
b6900f64f45d3bfe2e4f41c5cb6107eb8f4dbda173723d59e996f2669cf568de,1463,211,1674
97385a9062b44df1e6cd3392e86916a2cd5f65f5d15e079e59defe7ba7a45390,1189,361,1550
87e055c5c4255931fcbb014a58be0b2873d0cc4d22dfec9a84265b4af4471a38,941,209,1150
2cbdf6ec23f7d38e626955b480eb531b6e5f6a07841a3547aa883990099d496f,1441,367,1808
897844cc209143a9fe2d06095052d5fa213064c75782bf42f681b38dc9618902,1176,364,1540
9481f7f1655e80419b828b6d69b3b0c082c0121b40ecc3dd0b25622981d0c7ef,1043,215,1258
97e610b492ee4a567235c3a9c2ef70fc33ef06ba41161acaf011b35be1462518,938,281,1219
a645e516db7460f5bd98f9494dd5301bf4732e062f7eaf2657919e5df1219e84,1179,214,1393
5f5be98dad7a0812459a43cc080339258abeb547db29ff4bd9c97a2a41b551d6,1016,131,1147
a7c67687a631003f41d270b03439e96a21367afa110dd5a0bc4c5b858ff1ec3c,1035,214,1249
3e0a712beaab3160f08fd502f40f7cd57f9b2b22da721db5d830cd0416599283,1048,218,1266
a78d9db31699912f009753d91a4a1ea5e80214382c7baf80e75b3de019274d03,1188,2535,3723
a2b8f7b083128064b052b6b99b609a798cba7c1a464cb2db53fd897d60a29d83,1334,206,1540
cea6756b794d65b5102b1eff3e378d43984f2aedc139ada53303ef5330bb2c5d,1507,297,1804
fd4e52da1da067f8ef541213eb6db43e44e3ad2c8f75bbbb905bd2e1965bc90a,1320,291,1611
a953a3493ab48c954e33340eb4c72fdf2b89f16f518ae08afb98ec4923edd775,1164,223,1387
7dd5805369599a89235d7541f4785cd9c4531fe733726fb764bfbbad8ec10db7,1982,428,2410
ca4981895ff36eca624297a60d0291b1d49580a54306138633193075eda7ec65,1222,445,1667
d9ebf77c5afcf689d25120d622762303e36e347de0cb7ff7017001836728f3da,944,367,1311
23a357b6280fec04dd264596147eaa651b6a8b9bdf4d465d608146fd570101dd,942,212,1154
3ad44cd2b149f2909c70083f051e50a3028fdc33bd0ea87e74038d739c7b5cee,2151,1633,3784
3a07a1042d975f2fe02b6af185aa895ec53c83be1348e743495b05043dfb4b2d,1301,206,1507
b4fa71d8eec122c56ded475d604e36ec9d30625899f7855226c7d92db16320d8,966,219,1185
05cd1f1195591770cb319192d3d13e8668f444daa58a535219e885b2480155f0,961,209,1170
55648506daeb6addf639c942254f5bb833d8dac1a5dc3a480a5f86589d5ff877,2079,1307,3386
d5df4ec122a8aa46cd0a761b46904f45d1241aa1c86e6598d43663b424e1f2a4,1471,692,2163
e1cc2117bd21a21bf71feff28ab2959533c0ef810a8cd183635e8d9fe93a88a1,1378,297,1675
9352f6c0ada2033737b0123e54f996b5c7476f209b4ebc3d7a4b3affd4abe60e,2233,1031,3264
31b42977aaa00747adca4ce4db75b9c2f09d87d0071a013acbf6b3d987d7dfd3,1080,292,1372
2d04f8974fbac205d23bca8a0beb9a2cfbb696508307f78ee5bdd80fd4cf404c,1296,209,1505
168b969842603328f4811410fbca661f47b8faa1c087f46829cafd52a40fc39b,1044,248,1292
ad14897e59b38f4a69a11da17666288f54c00a53cf20980caac7f6ccd57f0df3,1215,209,1424
f2dddc3c2ddcc768c99fcc392faa62bfa2a5842f148b86b08d670227cbada149,1106,320,1426
f42a6571814300fcdecaff484de50d2e5e9d22d79304917e328038c866ce2930,975,208,1183
e7c76c3d9bd1bf3a761da476cd8d66d86f26263a8666da2e079851a5f621fea8,1197,936,2133
50db0326b017744f2e3f8f87ca86a7d167fb259389691b007100d91557c4d0b6,1914,325,2239
b5764fa372c09e8bee0b9454efa2a0124f640ffa5c5515245661288d72c9c34c,891,211,1102
ed95f099c695dade8396f0be0772fbf6e3d9414eb6ade900e96edec85e470c12,1193,1125,2318
4edf67beea6c6fefce273ab27ab9d00dd2672997e1f7694283b5a952b12402ab,1085,607,1692
20fe3510f7f037c7f37747fd5be5af35a168f8483534b25d5e153ab6c6fb4f90,1573,216,1789
d88443d195bdac0d49bcb844f0e9cb424eb7e9e3c3054a6bf4141b131612e407,1202,305,1507
e81161d83d098713c9de0cab5052659551287ae08f4fac502729ec9fe8176cb6,2296,885,3181
045112537ed7dd10d1149c9b726bb240fc2a25a4179fa38e3dc07dfc8bb5ab4a,2012,944,2956
1770537330ee3692c62a46f5c40eca4dd1a1980a1dba41f3819f1e2dfaeac0f1,1317,327,1644
1bd058e7be080992f94f1df1e68b0f69e16e867bd98ddb784dd4f38118a2f85e,1151,209,1360
6025aeabcc626572b7a2ae1f65325bc94579a4cb1b9f7135069f2a279a6f1975,988,211,1199
23decc070565e66d81e0b8cca80f922243e3670fed5bc3c4ba30c741b7e46fda,1077,292,1369
a7b36ab1a87e0577c7c5874af4afffb5051c6bd1d14fecc46f577bfa3353a5a5,1572,137,1709
74523b1f12b4037ca004e53abc5fddba4242df5f3c64a7acc47d4dda679f9fda,945,206,1151
73b894fe66cb372cf2b483aae55b85e6c8c40b885aa880e0898e97c6e7afc678,1010,214,1224
e2363e49f31aafb9b826fbbfdf60315b037e1577d46d225b3ae193ff99184ae8,1020,622,1642
dd5b88ffb6db63d6e83b3681bc599a6f8b2ee316412ecad98ae6b145da8961d3,1326,291,1617
d51689c4d4df602f6f7fd54378eb8f82d1da033f2265270270ccf562337d02a7,1528,211,1739
1e99d8285ce846e51703ae803a4eb827a9dc914b6a85a1cfd96f455dc87180a1,1030,209,1239
15c1f9c4f4e2ae358ee3a537291a34485eab313b20420348ec03d04b816ff227,1341,232,1573
1dca702e8b44ce39106ba156292bdc6d40f43844dc3f3b48e81dddeb50512640,1185,323,1508
20749be260d5fb3d69a9673eab3e26a02047917d88aa16327fd6d095d260d3eb,1138,374,1512
7ded239b88a83144228c8aa5f1095c9c8306cc33d015f91103b5fc6834ba3f0a,1499,229,1728
55dc2e4dccfa9cd42382e443f74f45f02fca7e02b79242b1a2a7abde27ae5e8c,1236,287,1523
e74a55e3832ca4a36e961b2bb387333521672cdd8023e8229edbca2899cafad7,1478,383,1861
81978571eba77f412468d493e8fbb829754fbc792918eb1eee3d65506b278151,1068,661,1729
8d13ea852b2358edd62f9b0bba595b3e65097abcb8611d87f0c32e05ee1a7b4b,1295,778,2073
c548dcdc8383942716e66151dc152ab93236d4b64756d334362b653d10da38be,1063,274,1337
ae5334fcf24453ebbe0352734fd2e217043963a5600cc0d9b8c6ab7991f0d2cf,1154,217,1371
4595c936727da538e176ac824862bdc19a461fb4435250cc4eb83846dfe3447b,1165,1953,3118
0b2dac93099377b3ccb9ab2e1c713686381ab318880132c0a5f3316e355adcfc,1029,361,1390
b594b98beae3abced8ecc1b2a0798a98105bafecece6527731a62626ecbade87,2327,1265,3592
4df53521b900a83337df0ee367ebaffbcf939056b9a5bf2ab922fd109c7a6c68,2043,921,2964
c3cd39251f2deebd91d2789d16bb8b4723ee9154360eeb3c8da532454a28aabe,1247,218,1465
3ef38b1cf4476cdcf29f51b35a2fe1007367e1fbbb50470eb240042e419598a1,1072,219,1291
01166df93cc509ed14776132c754e2125b0fa0053add23cabfbe2ba9581ec429,923,293,1216
25ac3fe363d1e7b1456ffdb56d1b1a3493c67ed7293aee016ae7516c377d5cd1,884,215,1099
af1ce4ca706b8d341fce54a4467b9247ace0252dc37f45dda576d0c3482b1c09,1601,624,2225
06bf66569ad89918c349a1ce65324aa3de9d68a109e52a6e8cbe8a8c9df5660c,1127,425,1552
a7d2d8e35ef7099cbb586c1ba4f7297dc79b8a4bcd04be5cf6fb7d957e0b21da,1399,380,1779
2fcf62a809cfb69218e3a885d28dfff18a023719751a7362a479cbb92dae621b,1785,209,1994
8ab2e98de712f55d3619d3f426f9775373c49b723eaaa06dbd0884bc2bc0c422,1244,905,2149
8edd201d2ac521392318739f410a84c55cbcd54cb2b13e67e8bf68766cb915ff,1405,442,1847
79254939b4d3ba1b1b09e6ccccf22d5f23654cd6c8c48a3831d08563a97e19ef,894,213,1107
45c18e2a0a378b8ff2eb8b17d485fee6354c314dc489b35d6605eea3749e2755,1822,545,2367
425c44718825d3c95b1cd83a90bee3d6166567b3f186eefd73ab3018940add3b,1060,468,1528
2d2eca3e90fead1223e22dfb0a54868533fabc53f6494e54aaf446422103dc7a,958,209,1167
95b4b196eed3690302095a68d6ca0cacbad9a906df311c3f1aac88aa531a5ed3,1403,681,2084
b7656fadd266dc4ca80a80e8fc83d585ae91f815dea29db6ade71c1d1a2af14e,1091,379,1470
7efe92d9a61b669dc0a7921ac4c60d80158cc98548f4b20898ef037c71ccd1cb,1175,208,1383
31a113179e9df964e6306488944147019ab96cd62dd728321e65783346091ab0,1101,213,1314
74fbe28ab2fb9e284dac804286833be0c815373a621780559be99f4d0a287131,1145,223,1368
042b170d44fca62a13fea8bea72e0b7a4fae18d593c4f6ef3abbbbf32bb01107,1362,228,1590
093a14219c8943e26e96ec8ef8d78146512273b89d6dcc7c21cbe57d4a8af883,1231,305,1536
a521aaab01d724f763956199e7c5d60f29497aeec4bdc76572580450320cd58e,972,208,1180
9228f16aba138d01dd4cc1b27dba5354091d81b8c6d400130ed277a64e89b8fa,1550,283,1833
4f32dd5e47267d8833926f9f580b02a54b416c3e7e79b18f2f481bd99f9291bb,1212,319,1531
e26fb73960cc9f6742f6aabf16984081d948cda8969a8c3912bc35320225c06d,1046,227,1273
f1c46a1725f50c43b166a19621c8cba0a4802347ec36f0375cf2ce0b2e61e2b2,1180,208,1388
13d109c26db4b84e464a4492c0c07d514c228986976b9cff6f9d96870722c50d,910,213,1123
58eb2ac9c7ada510a276a390351a5a82dd7f9925edbe2a2c50b5668eef42004e,1386,2000,3386
eb7535d88cf57c56a60bf740acb10d77c592935e0908c7e1e10aa836e3d853c4,1006,289,1295
62928dee6d726ee2a06562f49c304364fa2e995ba4791cdf70bf6b1f6a34e60c,970,291,1261
34712c3f6d9f0bc4f67d7011ae605c241e70d7d6990f3143dc204a091bbc98d8,1400,606,2006
c3f9b3427fffc1cbe6174021e6d6b8fcc028b45b18254d1bf6f423d0a21c99ef,2131,318,2449
aa2a6f86df6906c2abfedc5fcd142fc87315ee5ee81a43faae8f19d4c9e6c994,1759,799,2558
739948f33b7c8c7f9a0ed55591a5e8fcaa9b6bcad5f38faedd5361d7242ba71c,1025,288,1313
7345a59f164323cd4e5b270bc50c0a6bfe5488e38dba6bfec3eaf3169ec595a1,1059,210,1269
6130139edee1668941e68981d9ad4c1274d4e0ab6cd4747b1eccbe16548b6cd5,1038,212,1250
eadd6786ab6ea409035fb9ebaf043e6abe5ae45ad7a6b66bd767cb2e7bed0275,1463,225,1688
4421e02ff21f86c190a3aa00cabfe6bd2db925df26d8351b45e95b3f07de8931,1306,214,1520
e5328ee3e6cf6fa479c2da10b91936a11d8e56c9e172b3563a3e733875d83fb1,2117,430,2547
50b452e5101b4c808b35a500fc4e9e40c230fe41dfb8d1d997dc4494beb8de3a,1163,207,1370
b2dcf3870dfa4abb8338b784500715c762dfaf3a6b86b183b0ee3429716bd31c,1297,517,1814
919575b6c6952d6b78bb838669597419f708046c8850c7984605d5df97edd127,1135,213,1348
a55e8b59883c879ba8c4c36647092a770c6b6fda4d4042e612b04c65ef890dd9,1688,793,2481
eb592b737ed7a58d95c8f23562fb220889c9a13f02adcac23b4e44e8acb14c47,1087,362,1449
226a9fc2f564d948d987a3d3563df7ad4a0f72c513c8e8e6c2ad4d407556ad15,1248,213,1461
9bbb3c472867b911ab4a7f7ad734546bc9d17757651bdbe0bdc1db21537d01b3,1181,209,1390
99888053dad1070163507bce5bde7d48ea063774c1ba0153d6315333a845b5eb,1046,242,1288
ebf184e146559142d44c83394b7d6ce9e6608318a7cd7e4b05b92ab9223ca07a,1205,536,1741
45e7f2a02f16a7ec9ce1bff60b2ea08b878674b7df5f40a69d1ea1cca949a02e,1018,284,1302
b7dc7b3adf2149307e0c8dced42377c3ecbc9800474b27b09614fda58195957c,1429,719,2148
c828c312f27ba438f36c2b13ef1fe296eb73ca7d00501d4cc9200aa09ec69219,887,206,1093
95ce20543a02f4539c0f27f1174e9aaadd6dff2aec3b1a4a0a8e2c50e37d4a64,1269,361,1630
0098a8708a2e44a63142e442c3ddba3810245601ec0710de37e81b7a245e62d3,1370,870,2240
098199c129fbc1a555fc43854c093dd1ac04e60a146abcd49a9c740561043241,954,285,1239
abcb9e0084e95acff7627986f836b6bca8d88c5539478ebdf65edf1e5b49b108,1056,288,1344
97250386c1a582646f4bcd7424d79503402b171cb8141698ca736fd5c0701c6c,1009,214,1223
2f766249782389e4484b9117c938d8902ba0119a85eb2d5b54f2277ffd5b9c5d,1440,356,1796
9f5b88dd19f363e51af2797055dd78853a83d319dbca89b23b4707e50f297a86,1087,204,1291
03ccb5f1e6740f45c6c7c0b4e990f0fe7dda492cdab3e4c8949d4bd745caaba3,1011,213,1224
4255079b14aba9ed3ea85ebb0be305049e2fe449a5f580994434dacc09ef60e5,1156,217,1373
bc35e5b80ba2c7b7a7bdeb4dab3ea831b57499268efdd20333c3c8b1a0653bd8,1413,255,1668
381cf57ee99ced7ff5aaa2dbbf2f278d4f7b82497dc1a1636ae680b384f5f82b,1237,486,1723
3a1fe0ee340aabca4b08359c007a707d67ddcbe088a6e663626c2462dd057bd9,1023,460,1483
9386829d788da0ec6089569c5fcf1a1d4e123d7da2b982b49bbee5dcb54f7340,1013,206,1219
f358070e73826569e28698432b1f6fd2f9b28fb548ce61c87fa212dfa49580e6,1707,975,2682
ba3966e8f9eca0b9192157513ee454174f0515fa5da69b7963939ab2a0c8a15b,1062,218,1280
b23e3c5ac4b702eba3a760226acbd255e8f86620c70652f2635dd91754b59087,1008,364,1372
fffeb1c78ca2a3f690a8367a32dcd80c23d497afc570be6181a4ce67db93f08d,2001,812,2813
959b4c4582c604c2baecbc12814ab7def081cd7b48654695e3c2560dceabd4e6,2248,1469,3717
669e877884f1b9c96524127cbb700256877b41c631daf4e47f0f097a14d94a92,2203,442,2645
d7d5b7da58e5186e0388b754fef56f03543d08843295459285eb7faf8f1b5d4c,1259,308,1567
ed436bc27b56f401e8a764aae4b1b5354cbf54c89c6ba9dc0d2049d2b4aca245,1276,297,1573
cf9d8a0ef0da83ca7aed27d40a1499fea1e0f8688790841aa2aeeb48ab363cd7,940,310,1250
fd578cbb0c16f4b23ac6178e966d3ed6c7dc6b13d0117ace6f5c9b9a578f5f85,1057,357,1414
34c7a7bb08d93075b2b5ce5ad10b3e86b3df5af2ef5f60dbe911963a458262f1,1205,1135,2340
47c6fcb22f770f58a913982ce75211714802146cd150aa466b21f2cae547edee,998,610,1608
c9de0645bee276147ecc0e7184a7ce709bf7a525c691e10aad097c39eb67dd1e,993,211,1204
23b2ac22cccb29258d56cab59172efa4a97a5a40d0c652d0edc8c4cd0f516e5d,1271,965,2236
091f476d6dbb71024b27567a6b45e00f3920dafcda9eebeb3ed2783eb2e06995,1005,214,1219
9f2993e9078af5bc11e43755a07cbc6e1e7132e5830961ecf9c322f9c4124806,966,203,1169
aeb69f518df28f871db9882681daa700f85f61d620e5393d91bdaf36c2185300,1198,215,1413
daf3ddbca3dca095e24128f46e715d113cb27e60f2893a6452fd0c41a397a242,987,526,1513
f558b54986c0148b1a5acead6ee927abf721c8f7b003996015fb2365252f1c4e,1233,215,1448
38bb8d4132abbb9b0ac3ac4a7b6dc88c94253eba1f32720cfc8099065d971c25,1532,399,1931
3b93d8a6d604968d94eea8a382b012cfed72643559cb0228ea476b3bde0d1c20,973,219,1192
67bb673f8e5b17838614f20e80f5b016636ebb0280d3681d29dc411cfec8b64d,1162,210,1372
aea8f2888e752152e155ed92854e548ab482090a52b2cf6749b8d8be52752963,1469,207,1676
38655ed15ec3bb68987f7f2972a2b80bd113facb269bbc3c8fe171cd75e0dae6,1032,211,1243
50305abb0be27a694257afc245f91ef0ac15bd42cb1bc2a42d7a1a7c1bd5cfb0,1172,284,1456
2ef8ad9ad89895eb9612b25322fdb4911cc0f35a9c221d70b8bf8391a581f93f,945,361,1306
13bd27d25c97fd68479cc54b01cea4cafda4b3076bd8517a8fcfb884b02943fc,1023,711,1734
df5f0455cb0582be115b901f95a4033301deb888afe16c0b202e08d212526728,1171,314,1485
30279663e526f5e1a950cadcc01fe04bd4c8f5eee214fa4723054bd15b4d569d,1312,274,1586
a08e1127c9717e67164e724d6e419565cbc4c8712125f62aa71cf4f34e1e9d86,1587,519,2106
f5ce4550a3bafa5335dca4b3afa8f78a3aac7b96b7c88b8ace9af8f0b7ae1f3e,1195,219,1414
81169484d7cd789ddd722c88abfba798d7f0d387632d495498391ba40274e686,938,209,1147
c919380efc32fd92ebee83cb3ccdf341cabcb9056c138f30944cb0081da44736,1333,215,1548
f08a673c6761f184302a033d8d8c9298a6a5998f1ea72d570111e43d149ff0c2,997,210,1207
68ff399b80c3534bfbafdab9b2d9f50f911c4dee123dec0777a0a99ce08fa790,924,277,1201
b0462d68767bcbee6c195ae43a92b130fd2d9656f58a2ca1a00a0f0eac50e63b,1013,293,1306
d961f5ebcee8c9e6cbbc4e9daeb5925c59ccda42ec97822c59a6405476509da2,1008,213,1221
11754b9efb03d3f05c0a868f509e31e8aeb0db82341a0b8a2cec236c3fa00301,1110,205,1315
89bf0b94ee45cf1adee76bfbc2d7ce71bfd1614f62b62a89237a9394583f2e70,1279,366,1645
c5329602ac3269bb6d6ab1b50ac50c34bd103d9f54d4838f170229bf85b3f0e2,1961,462,2423
99bf0ed46de3e61327aa9e7d58a7b74bb509c8bd7c457546837fac844cdc7127,960,290,1250
2641651804bf64b6731565e4e71786e553450e505e4a8c1475e0aa8d1fc22a65,1522,209,1731
e33e9bfaeed0579dffff968ecd5f9ba0441edd6989914be13fc85f3176848fd6,1276,437,1713
0efad7dd36e59bb98199c546c94774d6ed549aa572ccc303e8304028318c237a,1241,208,1449
d996d60749ab32ecb50200c29cc2f41c2720049ef398b23b2b8457f6f26e7844,957,201,1158
b02d7be8b92b41816df6fc87d1809841cea4c5bf336f22d82d0b21d799552737,2063,443,2506
9c218d84e899b13523d504862ac44524191b18e4a97212ba8803ec114f0ff1af,1147,315,1462
0fa6f3415862241a96f97e98159623f66b190cc9dbe025c23527544770d860d6,1107,209,1316
f0f9d4c22d117036695cd791445aeaff8706f8f73afa227164bb0995293a8a6b,1831,652,2483
d36e90a43e072811d72789cf35b7031cbfdc0573988d30713a1fd4f385ff41b3,1303,301,1604
4f2a60f4842fd1a5ed54f54a071b7eceb7ee11a0549d682fd6a0c639e855f705,1017,207,1224
acc1ac0acac1fa47429794d7a1b130f60034704ccb9a5d2df9bc79d718d3da69,985,209,1194
03de767a7766d00a36ce6487b0b529a14dffeb376d3a3c1698b0904802a35e29,886,204,1090
4986c8d4d2febdc45a19e05ba65f3118907e38549324f7fa71b2961266253cbe,1207,692,1899
9671d35cbb81e4a5f6a68a6c03bdc8d03cc86202073c1cacf9cf176e55a9ff1d,2058,315,2373
fac933f053dac71a4229bcbe1bb876b8d4f5e8aa2291490664f1f3b25b00b22e,2010,789,2799
9bc32af74220ec248bc29048f239425441a5581eecd5877783b57ef606a86a7e,1070,307,1377
856476514397e156fd013a552ba0f90d962b9f21436736cb45905af7b0f6868e,1062,208,1270
d68f60aa121687d32b490df4510a038ef23a6428cc3b90fc1e4361e1858daf80,1012,214,1226
37b03dbc3d61c32667031a408d91d06b0a7000923e5f0fdcf45fa60fe87c5dd3,1313,214,1527
5fba48b326854dd4a85de5c6dd1ac76eae07933191d1737d2a02013237d8e336,1396,621,2017
7e99d7f37b1e7dea534c011675b97f4bb4314d54355b6ff300746779643cea13,1131,205,1336
5b91876cded69ee58fa04fba2ccb49bdde84ff621c6547f187875794e9243fa7,1208,292,1500
d3bd65e14d02253a1e678f8b07259f0d924026d56b1fe4895aec205246206386,1207,310,1517
63468af3ba3143c5814f7a2fe776a47082f38f5f4038cf2e913032741fbec652,1235,315,1550
8ab888e3cc70ec58ef1d31a653fa73f1bda0adc82501b2ecf4516f065826b5a5,1251,287,1538
e441be23e53e016bd44a10319d6b0ec711e563acb8f5d0d695cfcf49682c732a,1191,313,1504
127cd36f558785afedec0b165e2c9563ddf9ce34e22948ac13a4c0dd9feeadb4,1481,375,1856
5b1a47c05a19632180e06ae5bc2af581baa8aab518e43d2e2a2df281b6638c41,1007,204,1211
0e2c1a5ee8f272ae0934fe67eedfe82f690c0bb37d352001a1b69e48407f0c6d,1109,685,1794
15581ea5e85715a58fd9ceab5672ee0aa32511b837e65d9489208a6403619c0d,1424,334,1758
3cc8c2b4a595ceec5450f2f802c76445684d0b8bce1cd302e39e8aed4532b0a8,2261,314,2575
d10e6153cb6bd398f262164db188c4c69b04990b1e313b5a386c5b6f570f9e11,1143,432,1575
7b0be33b8b74b4e549ca5e503749bac80a5477e818f5f7a9780c2c2c236c2016,1083,214,1297
c20f0fc979b24eb97c8b61433e4fd9303eff3341d46ffda3704517935634f522,1249,214,1463
f6ad0430ba7eff28648e696e6ed77c335112253417b5ed7dcd047dfb4d741056,1234,319,1553
1bb2bbfcaa69971a2cbcc626122e5465d3c5836395ab45ed8304fc53b5392965,971,207,1178
c6b6052e99a12bc6d07ced7c0c724a794531a9c29c0cb81ab9d9a85f3cd7c883,1031,210,1241
c166fca423a6a9c20bdd3baadf5aae45d1c65255bcecbee9bacb4c172767ab90,1928,430,2358
4c87b3c07a06462720f13d3f395dbcc3a5222e0abed61b297c788c175876eff3,890,204,1094
49f46fcc8425e62846263ed1cef8b8e6f10b8bafc126b4b74db47969e0b30e43,1334,385,1719
696b1a4ac5bd3ce55c72c2ed2db023b03d257489b9d065e0f315049e7b8cfc6d,1038,284,1322
0757d0fcef2b108d5540d083ba1a4852846335ab0d442fd334e05208bc404283,1211,439,1650
2dfc1f2fc655d55e1530390ae413fd6d5d621bebdf2eeef5cc5b3cf342ab798c,989,248,1237
038d378b64fc8512ca967b8c56bd96eade3c57f17b688f2eefc2c385bacc4e84,923,375,1298
a7a008c61b4ca37a5ab3a233c939b9eccb6a8f7ca9830c5b930143614700e3cb,1008,209,1217
934cae487c2cf14c5e7ba4dbb3ad4c0befda167837edac5e718c1be50d9d5d06,1139,214,1353
fe27b1a7c43a89736a81f29e0892b3de5dca83b9234ed42bf7f5b637ba446a45,1140,309,1449
55006e52fd1ff6cc2f2fcbd5a9bf664c7b78cf0935887f10d2e485f9c07855cd,905,203,1108
a2d20cd7bdfe9146a5c7b1f0591957d8f9bc71294a43f23e876ebd8ba3f561f0,973,372,1345
e4e5606e23324878ec68ca0a319a7b8a1cc036999874d3b3378746bf2e274c71,1008,451,1459
d9b1eaaa661d84a118b42ab13cd4719a4dc48633d9f3934c85fcbc13850f63ce,954,287,1241
cc008dd1a817a26de83731256bc396fdecd6d6c5456d83ace4893e8157523a44,1357,301,1658
7e2a0b00c30abda15129aa59ed19ded1118bd81a01afd55657c577fb6ef8d46c,2296,310,2606
92fced77590b5428a5589b259610a3c58397458d90623f957dff664ce164e299,962,207,1169
7e0b3699612d797b0b00752e49a0c29470e3e73ba7ff4b9fed8fd8e182ece5d8,973,212,1185
57804e9beb6e8050f286de87d1fa9937c1691ec0dfa57f434b4b106b7aa8f8b3,980,204,1184
f37e3f2ea5abf611503a85c9ec01f9529f9ce627e67c05882d1cc8d76cf90eb1,1619,462,2081
1de32f06862470ccb3edd67f6c7696cd1760a3586965c2cfd9a5d3292f9f8734,1000,206,1206
ca5a96ba97f398e5bcb8b1b611b17a7ce23595c640151ad289d886b14f74ac94,1151,214,1365
a215c68beb83768e986791d144c60ee9024ad2d850862d3c132337cb1590c2f1,1369,773,2142
08e3db1ddcb01979fd8c3ded184b3566ef5a7afc82938dcdc9098332765b3628,1272,288,1560
62fb215644513f66ee90880f7bd5f802d523a9c32ff905ae49c9edb87632733e,938,208,1146
e57877f7cb46ab63d25bb1da9b281a5618e023f2f71c1eb6e2b19729b2de4a20,1653,900,2553
e50bcd3ca4b884d37ea9d61fb1cbc2ed702f1a7bc09db0400d0165fb0a318e6a,1035,216,1251
81f922da489005346538ae3572133b85b13006b47db202578ebf0bd2949f96fd,1145,231,1376
edd59b97281afb8489f029056a51796bbfd5dfbf68756779c5223d5f9640e10b,1082,213,1295
a22e3ea7e0168f1b5f44260356eb744e214e9abe0f9f833b705ae560658e7cf1,1014,209,1223
13ae5cd27e8ac68a3f7f611b0dc7138bf349a6b706aee2120a46a481822c83b7,1830,992,2822
49023b95b483fd9373c8df952a23120ade1762686a49ebfa464997d388af13c2,1247,355,1602
344f32f265733011fa99a26df42e7dcbfd0fc433f159f4ba305161105859ee9b,973,229,1202
295195dc4969787d406b2bdb41f1be10439cf61659a81c348cbb5627ece8c89a,971,291,1262
64fd9444af5f2dbc547b781d8e8d9e43e54a34f9c1a8544eb5e6216391418825,1202,210,1412
138f2202bbd9a81d7213eb21dbcd5b84a0189c941409e13e55bac87d63324e18,986,295,1281
79e677d0fbd4b60defc8f2230d44b24367717e34069c2559f2f0d1b0b62bc57f,970,208,1178
a5eef05ba5e5c64783db71096624999383bbc4b189a6b7aa1ec55998d6fa1b08,1259,362,1621
843fe768c88679bf1b662560fbf0b981c59558b3a7057944bcd105178cc940cc,958,208,1166
d9755b31bc9547c9c4c2e40708d305c7683c9e2bd20628fcae85edda88c0667d,1321,262,1583
0a62106610f9bf4db9fe0aed47733aff0af4a6aca3a0fc1197cc47c7f0811898,2090,315,2405
8aefbb70dc5593526d53822e474fcf0aed0dadc2294fc2750f726cb874d6a3f5,1494,816,2310
bfc2e74d72f8a53576d11d1607b853fa9a410e2787314dc8fedbffd696547373,1318,266,1584
ea4f3c10d693ed2ed1f49000b1ccab1676d76f59c26f8b825e691040eafa7bd1,1124,251,1375
5d4ab365af53f500129cb5790cb12987745d013b03a91b67f461d84eb07e30e7,924,304,1228
3398b6910c4e779ec496034f7ac456928b07e96aadcdf592a94e359da3bcfd95,1668,319,1987
ac63d3745b571a9b4058a9ee0e39492d506ef83d979978605800b518c413a3b3,2015,328,2343
31c038b5aecb9d3df866de4d1d67a8b49122b88c980179544a1c57b2d8a9b6df,1111,134,1245
df618aa723be384d6556e5991a0884d4d2ab7850dbafdede2fe47fb2edf78c2b,1096,205,1301
86745b827af64eb767342cd38af6586a8a862a3296fc8ed59cc38f33c17fd255,1991,1018,3009
4572023c0fc06d5a6409773818f5c10470b0d4e2208d9ba3698c2e69b2f675c1,1397,209,1606
293a3d82d122a027adfeb9ed1b5a2aeb86d92b8160e6bd2e6322b708f1ca7103,1008,213,1221
48e14e03fe339f6cfaa05c528a988091eefb92db1fc88445de110fde855f1fe5,1179,311,1490
a119c37f473a0e171371cbb2cd7c17a3a44cbb0b2a04aab7e4138c5c5ada2947,1200,207,1407
39eb962233ecf9193cb11961fa723590c6537adbaf9c73eaca268f6f50c7620e,1090,220,1310
989f3a73c426201d7df0b4ca0fc871d30681b0e880fd3689788abcae12c54e97,976,214,1190
cc164d024c2eba29fbdc7f40422d685cb45b1f0121c5528053fd39c280997710,936,126,1062
b220980ebb674d0f4721655eb41b88de9115ed4829b1ab42a40dd481126b7ec1,1443,382,1825
abacaabbf3607efe7e0d0cf5545d2d8b1e4586a905f7767a6c73e8498361850d,1293,204,1497
8d57ed69ff90fbb103e612fefad2b9eb3a671f901a8247fb141c516bebc40eb4,1122,206,1328
c9a11677f3d620bc7b8ac1db34b7e96d24806a74bed8d6fbf50e3bef739d44db,1107,286,1393
1e6ea73014063efa241f2707dafbfde51ed38d68b951bcf236bfaef1f4fcd180,2277,2175,4452
39ccbc7809bb33f19dea8cd23dda280e5272a648b9216516daefe610fcade8a1,1082,1770,2852
efe776e96f5ed80a2e03653ac0ca282e73c8069334efa5950f54ff9933a02f2e,1514,1424,2938
ddb7d62b733766e2572579ecf808a5023e86e1ac02c6731bb8b478c2bd7068cc,2009,333,2342
92251836e159f7a26876de832e9ed4d2c158219284e84933848cd7bcbf6cd445,1193,454,1647
843d16849d7152d9a49b0c614149810ba06be68e14995f6dfef42cc980d104a4,1100,213,1313
fc4f8e11b742e1615df371b554bae506c2b82203fbaeecfb5eedb0daa24863cb,1319,221,1540
3fde8f9a1e0f93f904d662889a259a01863bc6d17d1c57773c61c81d41489788,1062,214,1276
439e7652bbd9cb92ad096663cb6e7e3624c975815616b412cec7dd1938724f34,1283,218,1501
b8fbb58372a41591135b4823f17990c1564f114a1e610ede4252ed0dd81af340,1439,620,2059
1459c982feafdbb465624223ffcd284328d64cd9ebfbebdb9a414907bb90ffab,1059,214,1273
c0c1ab6d762a331c36a101abc7bfb75b3a5affa5f0f4ff5fa9e4d39d13338f0d,1287,366,1653
62e07b7f6c1e918a1937365e6dfcb85954df1edca4c156f27af16fc8b8e05d19,2147,320,2467
1691541533891dcf4dbbcb9d2917b9ec74806c1a3f82e6a74146f321f3be8a17,2091,578,2669
b68b47c6f11a9209f0ae95333e7803224f1bdc433d0d0e33ac00366bdfffff70,1058,207,1265
164e4afe021f1d74854a7e5c8534fb948c6ce2efc5b6f010427013806e891fb9,1101,205,1306
1cce8d364ff9fbde4669f038c8b6c7cfad92ebf04809d16a331769af6ef5d54c,1201,431,1632
73f62affe20453eaf705022a0a269c52f8c674bf89fc05244313060a42b0b9ee,1119,288,1407
19ea98bb620ddfdee8102623799de27faa90c3cb08b72222f1b415bc4e3a8c68,1185,370,1555
4b5b0e288dbb036006d9558fcc1535a1f5e983919bb9c8c0d4d3d87d12dfcbd4,1229,610,1839
46d881c564244214cb2c16b212b34b02dcbce170c7af3a4c1e2a1c7958228ffb,1168,219,1387
3765624d350cfe380bed99bcc1fdbb22a5711721e030150e73211777963fc20b,2212,549,2761
785528b439f40540248af3d298eac809da55b5122ef8b245792ccd2cc16737e7,884,214,1098
9b9e607f3b8c56a896f5d9d70dc2bd58ac7cbf09401ab00369268439ad23d9e7,2226,772,2998
f8764d687f71348191043c2c7ba7f893d0c70f4690e68acd968b58fceab07835,1294,292,1586
29a1353f7fad913eed92b8c452d03b1ff577d7cbcceb596c287c44643d19c10d,1067,458,1525
eb5e13adc70402ca66155730718b70f24a4e5b1702585565f60d6fe90d85847f,1341,217,1558
585f93c9175e276ef18014107efae446ad84020fd8151c953132a505d6fbd204,1062,212,1274
7a9e921d3e6a8211c6c34e7079b0a647352c219ac0bde4affb8a7ec628916d1f,1682,313,1995
90dacb84bc04e614aecb69eabc1cdd18825b9617ef1023ff11b62920a804000c,919,201,1120
b293959ab43acdd0ecc74a94022ed9a80fc007a382a324eaaba5c69952ac8c8d,962,211,1173
78b4a7ff61b9803d439fe759b9813c80ce7f3ac11a4892190788c3f3cf1592cb,1027,219,1246
0039f1fd7212c0f77e51947fce6ffbea431186ad91319a10243a1fb07f034c36,2275,1225,3500
21e1d353db0c98741c577f93d455c1e597811c74d2ecedd53d4275112125d577,1196,214,1410
95ee0ec261978f4450a99225fd180534eb896fb84283dd1ef0342868e3d5f12e,916,204,1120
57f51566f4b1ece8cae817fa8ddba61dea5451b43729c2f803edb039f8853dfc,976,217,1193
d21adbf0593d24e5191ec4a594ab6ca86c9e2d53f7d573c8acae5765787b00a3,1615,856,2471
ef40360e2fea212e53c0c38f391ffc06be08237d0123266dd39212c517570748,1101,213,1314
a3c72ed3c74a46b45faa062f2ab01e91f24535de3b498ed2a67db192b5b7d5d6,975,215,1190
0f4bdfe7f3079955ecd6c2a6a383fb87cfc11c791f203f07fd6a32485c764635,2081,567,2648
6658766cdf122d317ad19bdb2f5aa027347570eaede1d08855758967530b215e,1782,468,2250
458327f4365b6680522e9efec532ccb9c91a0e32cde70990435628605e67dfa8,1034,210,1244
e671651849b84be8e7b605962bafdf4b255cc16116aa292c83752336b3611c8d,929,223,1152
7c5eccb12702107d0f37dbb9f2ade139adc6b44eb947f5cc52fd4e076ac8bc38,1038,204,1242
498f2c081620b2d8456e58800dccb2b5cf9790a3395797db02b4b74b1b0d6e71,948,211,1159
5aacd43fd42ca4c45378a86fca7cff7e3100263c1392728e78420737f024bff7,1300,209,1509
6b20e68631ed28408ef244eb915f093ddec9b696954d407db4777fec89a455f1,915,211,1126
5ff827802b1c3235eacc46e4b82ce081ad28f5fb2fad314736788d706aa272dc,1351,208,1559
40f7a61b5164a3513deab30e45d3c0cb2428823e73d4e2edf5d7f535b27286c1,1007,290,1297
dff777729e450dfb292aa0c493d6644da29fd52bcbbd736026f2db2f53abebcb,983,213,1196
acb380e8798322860fc244e1b36f1765becd8ec3983e75ba708cd5143f4f1d4d,1311,367,1678
915d0de59a759103df4924a8632ba90269a0a7a418feebf812567b99235ac1b2,1100,211,1311
5244c04c0f771617e017ffd3a9f56e9cc9aa45c85efae2bc8c264f965baf5ea1,1441,281,1722
714bbf256657ed5821e4a1219fd8236428420f9c1893a00f2f1b8c4143acf768,1451,206,1657
1995677e5aea2b04f2b8a7b699ed5a78690bf8b458883c442e0332f4e07de5fa,1263,357,1620
4cb9cde60c645aaa7aafd597d2ec12f1809eaf9647f3a6fbe663a8dd7134e841,1080,204,1284
13c123713f95b4a48cd5f64758997553eb87063c224ebfc834c489d67bb7bc06,1480,371,1851
62dbbd977091bad0fc37f65dead99651ee1165dcf0ff12eb7e10d5fb55c8680b,995,211,1206
25a2c4e71f3b29edb5d777826266d6df38d7fe7b03ff9504a57779658321f048,1262,210,1472
a65f310ec981b2b94a6cc0e598b29a173507a1f12304e07f1ca7ff63d60ef446,1526,691,2217
45a6688b21b2eb9b84f4fa399d32a42aa3cb34231e76aaca23ec97ddee296ab4,1131,214,1345
5044b48afbfadd30230a38456621ee0a54b2ea42a04ca74870e619b83073c151,1125,603,1728
47eeec4337c29ea2e5c3d73fe94119e3d5918877be855a7bf7054198cb95575b,1207,214,1421
95afe5e6875350b94fe1e8f6691633da6d6237e93d9efe3f06238d3bd3e8b481,882,215,1097
69496ef0dc24aaabdd36f277ed010ed313cf692ff80791a9665d0a87fc5a13b0,950,219,1169
cbf769c2aa5d1027c9b64200f0c6c0daaa6634daf16dbe6673c9f8a982dbe1e8,2341,328,2669
72a1dc15f8444e3d064ed2c68186258f451c97ff00ea5e9bed04830c20930489,1099,621,1720
fcc0bb4ef8cd76d6b17d0013188253764d435583460b8cd57934525b0631ef44,1065,214,1279
8389eeaf2d4d65c8aa5834090057cc283b230eb3d85bd89baabb487fcd30f7be,980,203,1183
9382527e87ae7108cc781401e25254e1bbf754a94be34cd57afcf6418c55865f,1224,213,1437
c2511dde7be6eadca22a1c1d32c56246e3f5625b670dae62a165077427c60a4b,1062,353,1415
c6a5f7641edb28323d23251273b45c7e570fda8a47058404a461142ebc75fa00,1815,427,2242
33cf61237fa01a0d21244549a8385fac49c7d9b32ed508ed608943b231d5d56c,1073,216,1289
b368d37c3e70344b604466104aafca71aef4d08ce32c845734842cfbd7507295,1407,594,2001
4716bc05930f303a214dd5d6c8eda009e3f77577513a55124a5cfd9a4c06eed7,1445,363,1808
4bd90fa50a1f7d463461796332ba095b4db2b32a0a145c794a3a086979f37d5f,2317,1164,3481
a8a2084cd0f78241ac56c305133a7a59301ad8435be579df6d2712760f46ebbd,2220,636,2856
a9527f49a7465697099633968af1a45288d1a6e9058174adbd9a64d046654755,1571,829,2400
