id,prompt_tokens,completion_tokens,total_tokens
bcfee9d4bf2ef05d22e204efe8aa99b1e5700ec12504db4a2a30aae598531bf6,904,213,1117
76d25dd7c089a6658ff65c82f9126daff326ca8fa042a3e88d01e782e3aaeca2,948,216,1164
cd8febac23d180e859cc21323e8d32e8126375fde1f41404363e997e25ee988b,1060,211,1271
6171359539b312a344574ba87aa9c7ff0dd69b839a27f18e4934dcece2e60a8d,890,213,1103
481a4793353a44d18936189980c85f5afbf1bee9030fef94e08f9e7be866acc9,993,204,1197
d6e22655e2a1b0cea2df07394000e6ccdc25a7682b87b656a62da64bff301bfa,923,289,1212
a15d49c1eab3ad1923be763353f0ea6ee35aa8e74c1b1f9393bcfe9d2eeab2b6,981,206,1187
089293c93d354860e564ca34db257aa3dbda7ae67bb475f0542cbec15019b6ab,1108,294,1402
fdd4d5464ffebbf14ce7d22599452c40222574f215a1fc75726748ff5e12043c,1004,222,1226
5e6c074ff49abce0c6710314e354af52e5d89c9cdf27a1e1c4f11c1dbf2a1558,1051,285,1336
4331e7e88a1d405fa6eb1b853965ecb98e0897c72dd4dc42928b2e427ea0b0e5,1124,206,1330
0a740c2c597fc6f01f3f1d734df7d00bf79990c453df36578f6588d62e117659,1081,204,1285
c4c6e31895136b107818a87a175aac423014799770474e933547f0f704982aeb,2128,324,2452
91e4f0bc1d95551b81f23b6fc99da9bf812ea1cc5ae14c5edc798bd20dd25624,1090,301,1391
188f1a2e4c8c53a6a6c0b1c0a4b7111a99e9db1338ecd74547653c7f81d5b0d1,898,373,1271
62254d615246cda16dc52f869b359934c693c2b34caacd1b33c556e18b68f6be,2348,323,2671
55435b79df67122a319a2428c829980b74dc4ae3594725636ae64858752d49b8,1102,286,1388
84e9e160199afa34d98c856c8e2897860e5bce91b879bd8e282156abad3a50e8,873,206,1079
3430b40c59fbbb67429692cd9af99173cbb5760d8434d9ba57c17798f4624151,1009,208,1217
8a73758e7e0a66f5034ad8341a54dd2441fd776ce9ec83f5259dff6dbae30c5b,1683,452,2135
2ad6ee3caad516c7a84602d0c0364accf801161bf00e523b7441893dfce324a7,1662,448,2110
7773c47586964ce0c42e6b5fe72bfe5a83efe66aaf6df8e799333c4389d9ccb9,1248,213,1461
65511c7f2f1cfea6594f8d4b22215e721212ba0c319f2be67c55b70425d7e48e,1144,205,1349
6a791dbe822df197949cb7d86b06f6ff5ad1af1198d40d1a5b7163bcaed598f6,1678,548,2226
37ec6a31f1f07313a037d046f778ecae4472425583665a2b797c3210ad78830e,1011,251,1262
4ffdb86e928ac7611bd11fc015583585e2a4fdfff0cc262bbc838a1bcffda15b,957,219,1176
a1accb89444d90b5754abba375c7ca2dd6dbfae19594105a3563f686565e49b5,1005,212,1217
02b5bd71d9a4963091dc9585401d9c9fab2d190119698e5d4a1b5810c8f130a5,1123,206,1329
71a11a15596a75867c9ed2ebef13aea28194dd33db93993a7f3e569bfa6ede38,1389,363,1752
a1ece6890945d77377c5a67655d2f78276f293697ff358d9938692b3faf6be70,1234,208,1442
e10fef9a51ebc020c93a19e1502f65e16fc3e5bfa43c01daefcd17988d80f47f,1536,370,1906
af7cf49954fc014a10ee933ec52acf4de03000a7b0633faf62c982d9ebb8aeff,1645,435,2080
da94b9e0c164d5e7df3967a8f44ecb375e1a4ced11d920dc1f8d12d39197d7eb,1014,208,1222
52f4c76e828f3cc334a92b7ac6f3e1b04a5ebd3ee052bade69cb6459c368e81d,1274,372,1646
92648687aa10ca3980f3e3a08ee57f20c74b5154436b418a86dd561d45d77df3,1123,205,1328
caa55ba759309c9340976fc9cf181d1e8b645acbe283976513015464c350d2eb,1804,786,2590
6b2c5a21a77c10ba1571344c7ffe4fcbba084544d28f7d52c0a9c6d160c371c6,920,372,1292
a9763b80006d8717e7ef1031edc97fe523ceddc58030780708a444ba77139f3c,1038,144,1182
0c78e51e2c62a534a0e5906d63c579f38006655148e85a5f2946f9ee25215576,1087,348,1435
b778b45ede53ff51403d940ef077e0dea6765b4c9e7b0c572de42dd1df6f18f6,1146,283,1429
55cd1a88699f09130fa26bcbd243ff8fde1964d75444ccabce71aefc4f80fc5c,1681,548,2229
f726ba7e8afd711c83f760fcc69fdd4e2b26ab1c8c0206a9527051667f79eee3,1105,285,1390
4b4e81e86e5d84ef03f50df3d5257394fb9a7a2abdd4a9b41c8dfb9e5f53d5ef,1853,333,2186
76276923cdab4f3233303f7a5be8394f2b951d8fd9566fd40fd28b8e571d3833,1123,206,1329
06ac98d754147224438764ca51c2a04573d854a0c56a45fbf8a44824629eedf3,1085,218,1303
36d221cc3afcb0f0bbce416296d32f4f4300a21106c8897642644cdeab76f512,1099,208,1307
18d8cdbbff79f6a045ffb6707bba59b62e3d40de5df35b06dde82dcad6f25e30,989,205,1194
45ec36eeed1089ef18e2d7a544f854c12696ae45959958af74f759d4f9d7ff85,1205,284,1489
ac35b14da53648ac884c7d283be4c1453e11b370349679a71727fd82db38f0c2,2281,1161,3442
8a658971fcbe09c54ea930a9bea631f018ddca47658da5e345373b2bc145a18c,2304,875,3179
9ba654380b728b58d894675c8a1ab24147d109a0c4405d3dd126ebbff8cffc5c,1014,365,1379
aed1aca7b34be3eab7a6136fbcc75f7f95462509a2a17f7c5dc9086c26e02f50,1189,248,1437
441290bdc09d528442b3e7badc7adb2105c0e9e26e2efe8b8aa696c5b693aeea,1255,466,1721
bb9e73487cd13d5b77ea81a3429a9080aaab9c3993352c65092ce55a989d68a8,1805,480,2285
9049bec926f7ada1f3b941fdb3dea26051320841c720a055eb926a58bc335c5e,1422,208,1630
b367d7bd43c061fbff150857b2b5f486250e6a76ea968e2b86fe5f2a7aa7b48a,878,200,1078
7b1201a988a221be2125245f15d6fa80a6df78bb73cbad56d9a8ca968425b1ea,1297,206,1503
0cf32fb2277abdfdf4d255cb8b52974fe335c5149a9f4c7820aa13bcebd0100e,1229,444,1673
70f5949b8d18b9b8a9712cd3bacdc62fe49cc030f46c15fdeb05aae531fde314,1124,205,1329
b67f25818ab5259f9a4e0af79dfe18dadab9673a0bf14e8b7ed7f27d22b2fbb1,1535,213,1748
2360847de9f7ddaaec1535ab3b5c5d65091b64a21bccc91e18ab44ceb315f05b,1236,367,1603
fdd5f3e82e70bb4b17367419916214832fa55e2a3e02290d89ba7bac02fa2c8d,1189,216,1405
8ff3697b3f7414754d97568bdb5c9aeda92f29e60752b24f5121c9ca7b537fab,1029,211,1240
288f6f46abe35e8c8182841c59c55904bfbd8867c24478863b6b01fcdab67784,1077,290,1367
cce9c9df516772e041b68477c6ace51ee0c6b96683ca78d99c8c03f7ba35c783,895,212,1107
864f2389a9f7a1ac44a058e54434c6367f39cddea8515119759b489e736c5c9a,943,208,1151
60522da7757a6cd9a40474682034038c18808f0c988ee9fd605b21563b33ef8f,1314,216,1530
c65f2468a0c5eee51c69046007a25570cbf61edeab0dc5fb296fae3da3e9173c,1257,233,1490
6b0efd30a89b17735df3582b0730c75eba08b3417b6ac22c846fee344efffc44,964,204,1168
1de1bb4c13cb5e53d0e9da5d45049f227692ec15e45d74219f93ba9871e04274,1281,302,1583
5f55a0eee5e252b4d818e2da847529eab03d9e2a86a64424b8e5064f370234c9,883,210,1093
d96a3b605c201758eb6b954f614f2c61e60c817f94229e3ba0b2cfac7340e57a,926,209,1135
b13d4e838a7aa26e8d33116e9339e058eb64a1b4a94a1aebfab3b90b2766e788,988,382,1370
0e5b35398e9a2976e84fcfa4df2ec6387fcb9b67ec1013b097adfd329660b4f9,1758,783,2541
87ed94f7864d9e721cd0c12f03bb0de5ae2c2c0741ef4e194e966b72fa51577b,2245,313,2558
1d9de473ab005b7a88d4f01451c7ee52d3898c537ee2b7a64b82ca3c4ce67a14,1600,377,1977
56ec302da097384d6b0ea9f50ecccd08c143445b9525b20f06ee457aae9202b7,2120,663,2783
23d750d34c41263c65d5339eda207154767b36236c82be336994ef5bf931f5cd,1094,286,1380
b7e3c57b7493028393e6d68d79114d244ca9c1b2ef31f3af125822c095c24807,1124,206,1330
f552da52f964186ac269cdcef0683380e81b7e38a0864dbd60190ebcd8d7a02a,1081,211,1292
a330f10411a54c2bbf8cbb510fdb3f815877482d67783bf3496ea38dc7580dec,2139,322,2461
de01682ee98b4725aeb9ce7ace1689f1a4e0923ec79b838ae7df5fbf43e0981f,1005,210,1215
4302fd70af9c0ecbe317e9372f8e71007f4b1bce7d73dd8b0c0e7c6dbb70490f,981,459,1440
59e8bda76acc7793ab8b2c079949188aa1cc2c67e0c9219f898aba9a2b5fe344,990,215,1205
364a17b39fb30f8b8447a973cfe3526a1d743874b21a4d2e1c1882f8c5f9d93a,1334,914,2248
21e379389d6f390f9e599fea5c9aa14ff3744dd66c1792346d6fca3f72e68a8a,955,208,1163
aa7b2b9187e67e36e37ff17308d95b8906382ba6d8039a8b694f6641bacf1210,911,205,1116
8781052951a158f998243fe405dcebf19e61570b6405030ecb79075f5a6dc046,1864,544,2408
5b705107b4ea08609df917938a1f0f26c02a5db2b37a40d802cbbd63a2ffa930,1701,792,2493
f1415b7110560df8f9adaae297f89db6d9780c99996d31d46035236914770a7c,1051,217,1268
a48fb835b6380e26eadeb9042130cb2322434908bebb317b4066aeca24c05bb6,1013,286,1299
efa7cbf7f3e65e6b9332d56e51409e5218cdc098f31f3e59ee8e67bfeb7f61f4,989,221,1210
6f852e35334597dd66121a3aa66ea07742b67b2f9ab1f1f99c16e5d790b85845,2203,513,2716
afc70ec34adb7fd9e88d9b712e1b775cb1c91d76ce1f8e27cc06f3ee1788ff56,873,201,1074
3ba36e2be8ede972d08e803543643776e33fba52e8b209e13e8f96d36b6d6196,882,211,1093
699d737cefbc9e56f9afce0af8558c605bbb7094b777d61a5064308b508d4245,1126,366,1492
ea713b8d06f959a88aaf8a642642a5ebf89c2301a1ff6a9f54708af5757188fb,983,206,1189
1bd8b974d80f4e400418e2519d449ad4655807a8440505cecd946187afcd7dfa,1124,205,1329
cbf8e555945f1d510b4db17c88716b28960aced9c7e6315b171daf6e888129f7,1068,205,1273
ba7939bfd80481dbd14891ba2cd27ab024fe188840defac4565194224d73ebca,1025,213,1238
3e64dd5d2c6701b842867185371bc17fd30b47fa8e534fc16c84623fdf1b9f60,2177,448,2625
8ee359f6fc23cff03011da8d570e942e2c886ee4577d59adb9429a3e3b7bcfb0,1615,286,1901
b07b74e3d0014a22f0a3f85e7c7692bf5bbec6f8a2ebec7334f02574a4cba8e6,1027,213,1240
693aa5c3e0c94dcd5d2b7002321d98b9fbfe46a0d5947deef362e5c75be7a478,889,213,1102
e3e34ef05fd89c3222a810b2fa31f9d430a0dc604a1fd8678eb8fa1a498d4435,884,215,1099
94bbcc31eccab02c0f2ae224edf0b44e98b5b36eb6bee5a4123ade30413336e2,992,446,1438
8b9185c9cb68271f2b0a71755184a733282faceb66c69ec343009a9179c185df,1033,202,1235
e68b2ebe59ff1ed5bb3811da3d262dc02d8e63b607900af319f739dfd8db8118,1262,220,1482
38174f39491390bc75d88474eaefd388582a85cbea988cec349ca6d323f9e0e6,1705,439,2144
3a37fbf72792304e15be8eb7c2523a3a43c468fd1210ce93c5d3111e31edde4f,1140,311,1451
08a2c18e5964d986bdf849c68d03d87ed3c0cd4bdefc87f946d1507f39904bd0,1221,208,1429
5ad5c6e8fc3f28e3ec50ad01025207b93aa8587cd012fa6b02d70fb320e99ed3,1120,446,1566
e43665a816cf3a4c31f0606160b90f6d68734242306c106f0785ef212f6f63b1,909,200,1109
95767e85c70796e24d1a90a20bff714dd520233f5821a13f072125ec8dfeefba,1751,548,2299
6032a7e93566b95f08086e0ddb5e8cc5debc2a90489efca2a33acc9b2ba831c9,1005,214,1219
50b875ffcdd38dc4f283fe0fcb2fec5333a23b03cd0e6f6716059a3e76465f47,1246,207,1453
9f7d95d97a9c372b9b3a6bd090ff9339c411ea551862510194dcdee5ebda02cd,1255,211,1466
460a4474f07ea6ccc10c976c52a25a58c4f6003895adae64c16e2507079b82af,1411,220,1631
a6c8c72269e414e692f95ffd40060f9d9a45e82d6a1cbc90d73d806c342d5b0f,1236,212,1448
f0efc1d9665edbc8777dfa640ef00da1797acd4036396002ef144ff536879f2c,983,213,1196
4655ee22d0361f4482fd725360f0c1017651f087239cd8e44ac5deb576006a9d,973,202,1175
899f36da1dcd06d294a1628d9265f768343f6f3d573149644a7a6028fd78d88b,2099,513,2612
63a2373c6d6b9b55e75bef0b2faec0d5832ae6f5a0837fe175924b1b2e4d97c1,949,211,1160
389e8daf94c7ed1f2c60bdd9e38a6f81b3ceac9b2b22a625956dcdd968490cba,1000,216,1216
3240c8bf1923b7ab0f1d51774d7f90a2e6d83b356da741a54ba6702ab776b023,1079,202,1281
af654780d56f68376ba236efc1cb33046eb7af1b627533d02976d54fab115dd1,2244,396,2640
08d35ec2eb058dd5354d35fccf12266baff6a304d8a9f307a33edf74b5e441be,1088,213,1301
72d37068b61f8615796e9793a293c156ebc75e45c0959957c4d208dd2d08bc5b,1294,210,1504
29815879160e39d1aa6b378acdd4540fe915731e120fef7652670ce82b4e57e3,927,531,1458
dc05eea7351c1dbe9c1700d88a00980ca2ab7d55f449e4a70945cf9a5ff9f2cd,1124,205,1329
480c70d4f9cea34247b9af8d316ca3982262522716322c836714f3e51ee4c5d9,874,204,1078
bcbcbb7c8391a5745e706b0e3c4f89d421419c863b7375595233a661b5fe887f,1240,218,1458
84658f44bfedd3155a99932e7fd22f833f4ab4338c3f98068903ad32ebdcb152,1084,212,1296
6d321c7b8e97a4e2f639f7b196353e32a8522b7e1ad239bdb486a56924dbced3,980,380,1360
4139d2a2f85abdd38f2d8f0c37503b2ccf3d17df3a4a0eff0654033dce266aa3,977,282,1259
bb4546cce9b8cf519478f3b33fdd3204542ef6ca56041778e2a8ca03898b04a5,1248,459,1707
f25eb2e00bebf17ce2e149290cd8d1108bdc9dedd47ca2794f5b1132a16525a4,964,211,1175
648674829f1354df8dd69de64855aa8183124caec98c2f388857442d72671e7a,916,218,1134
0a80c18c326aa0ff336930b70dff366af8267df56a9281f3b42653cb64e1ab9a,1882,498,2380
09153ed5e4d4e75fbc9aa95f413cdcff804e1f69208e120aa97c5dbd27a6293b,971,211,1182
6a2bd6ac1d39e648e5e5a763a619e9fe468b1103c89b08737e74bff3837fd7de,958,210,1168
ebab4bd23e867a9d93e3a442f4c0b542f570b262f1d52058ae373dafcf4c1594,1023,212,1235
2ba7a6b07d8af58e47afd9165ae7dad9aedec79a497525a6b0e9a7ac080b2041,1006,218,1224
bd4472979a24ea343289040fb062903c8e167e03de3702ce90719937701d9bf4,974,211,1185
d2b11f1c5747659f8b8bb097b7f351e370836126db68b86e9f177b87e8c6ffa2,996,231,1227
d4c78f18e2bbc3145738138747da4fe4a7398928e79a70a1269582364f43cb36,1948,394,2342
1247e6dd814f75c4e6ea1662a3b56d7b77a36378952b37aad78d0e02e747761d,1046,309,1355
c9d0aef04ad00c60383e9628f51c30e6554bb80405ed9d0cf3b29cd3456d0c71,996,208,1204
5a587d161febdb8189b99aff790178b04ab42437aae9d39e13ca333a4eb78313,989,205,1194
19bbb15f1592ca9fd6d7f668d85aa7bcaf697d389b579a262f72d2f75d769381,1827,1127,2954
7ec867279352c9de8a0885bd6b94384b161bfc77c11e952d2f65bd30102697ac,2294,647,2941
eda14a24ac3dd2c710369c8d17da1cc141292916fc7278171b5c6c7eb34a1b4c,1124,207,1331
cef866617c394989602ef031669cb4e24c6a091530189ab98039f418338bfd63,1251,569,1820
6de573270460f3a094741bbecb0c2b45b4c11d66d64c1f3f33bbd71e5e59b77e,1313,803,2116
1132abe50ab433d2026a7fdd3cc31cc64e1877353d1dc4916f2c64eed64c7b19,1026,297,1323
6b917b2e5a8ec9954deaf7df5af57badf9439252a513a10d83a2846929420b2e,1020,385,1405
aa6539ef884eedc894c5106bd62ecf14652988f9e454c58cfa64714bc27aba10,1396,212,1608
962077cc023236133af7fb1475f13b7ada248a41477be29aafa73f8715898b40,1327,438,1765
58717a00e3756bc8f1efd9fa77738691a9f1ce00796463cb5f92c7d1960d0815,1411,406,1817
c751694e3c620c49ac0b0befd77ce20593c5f438ced24355f4c246dc20f31e4f,1661,545,2206
96b99e897076c7852231c370b66bec44d0da2a0c0909caaea6be77eb55483bb4,1231,203,1434
69c5f0bb99554f48644c735f17d03f224281ac580fc6d76204c1250df1271e10,942,290,1232
3ce5bb8d3a09db8b6ed5592187da07158b5f2b32b7172f594917ea46a35f89f5,914,221,1135
20a24165cb3e04f26b806f7a19a9682567ed2ec67b69630d0c8af1b6d7a99dd1,1384,386,1770
f6ec2cdb66082329289152efd48fd4d866292dab77df712c9ae0611cabae4efa,914,213,1127
451ecaaa2ffce45ced779d8ee4e54daec9877841678c8a7d3e6c70825d776dac,2155,659,2814
11d2edde182b9647541b055a942ddcfa5fff2cc1f6df5f4408da91ae84487904,1222,204,1426
37708acc37d65700157adb4e1a146b398eead0e8288ffb1a1c4e5a5ca066898c,968,218,1186
992d19c6e60c34de52abe953d2f5b10400d8f06c4ec9197dc182959aaafbfe3f,1124,205,1329
7376e9661df2f33b6b8ba2d0891fc4bc1ba5c373fd6008012847fcfc658fdcc1,1193,441,1634
4578710cf39dc036c492dca585ec42ca52293d4ce3cbc17bd8437213f33e37bd,2291,563,2854
7a94c30b849dcd3f2aec2de17ab095ccd21bd30e2005ecde85c773ed20e19991,971,212,1183
0f6cf5a8b6db89a646d00be406da7a788ad7022a166ddf2c3303e39e745a9985,1089,222,1311
600b9c80216aa98b965c4cc25905a9ba0e3f7f7a6756d025d10393e13ae4c368,1126,140,1266
6ce34db17ae8f6cc93bd7e5dbe49943648e6d6286e2d6dec052adabb29776e9a,1150,283,1433
71adcfaf4c3f42089f8ccfc94a6fdc762ed3f35718d471b901ec37e1fbfc6642,1087,221,1308
39aa6f7724bf5a1c27643fbbd58aed85916ed6c805e6726bcada840faa84a3c1,1211,208,1419
f5666a643093be4b52b850ee494f8f340191f8e04212304f36eaae6f34f48f29,1495,459,1954
31ae110bbf55dcff2c95b9666f8ac727815e4cbe61dad3da1a0928f6159efb65,1256,215,1471
0d6edbee8371b50f52be2029a60eb294eae523d759415704946d080b63c4adc7,947,210,1157
64bd979a7e60766f63e42cf5bf665d4bd1cb9539f0a9a707f35f924f249414b3,939,289,1228
a10b1886744b7148674ef850e33d3b4a3786a72910a7db05a3159194aa86e993,1131,213,1344
f05017d8806bab23e5957db9ec09cca6aff95d0f84670e7dde7f4cc9d9695eab,906,205,1111
a3c8ed2dc356645f72f3a044d746ffc885646a0042ebd765ed580f6dae779013,1091,449,1540
f49178e5e53eb37c1387bfd6bb4dde79efea772b499333c853afc96e35095f5e,1344,396,1740
39f4b0f3ab8fc3bfdf73b5c66c53211751a2de219cc79baf5afeeb3fa91d428b,1128,207,1335
0ff60a95fe4a301d748ace1439eb99736589536bf4462b0baf4c04f7213998e9,1188,627,1815
bbf2e983d4dd97876426298aacf293a57c16836eca5e5af64677449063ecc406,1565,537,2102
786a7945110a563eb15f965391dbabb53b13df691d6b66c1c76234699e3dd72f,917,203,1120
9706b2a687f80eaa12ff504d67de7fc941672516893e13324c34f6e7c0134d75,1788,310,2098
2c4552d507b4613f662aa651d29034e5b36a80bb69d5713e56e569d84bfb6ec1,883,207,1090
dfaf915442e0b867ced02bfcbed19c69827d5b95ab359d9c9069cc23ffe9908d,1828,322,2150
67ad7db88093b786b797c19ea483915bf113dd714226c8ef3f35b23a6fdc762a,1148,760,1908
306b3604c2fcd3f144e2332247a1e5320d780d0850478a3d4d5f7ed04bdd8104,1278,213,1491
0b1f65a1732e25e89e8b5a8a83e62a531e07e262a7e38c8813907366773488e2,1208,288,1496
cb6a883016a939bd65bf1ecb955ace52161abe0af1051079d367a1cac563cd1f,1648,548,2196
6d9d4d5cc99698a14dcc03ca5ee15c04949dd57110a5a880c63f19a31619ae82,976,200,1176
c9f4a70d4a7cf552cb39a8280fef7ec638c266ae3d7b814d3f6af49caf045156,1009,550,1559
273fc3e84475deb312dd061176615f0c07cf57e17c5b1bff11fde0169d0e5676,1433,431,1864
8633937af8464130e0d9a6498905fb33a01db4404b48c20a017f957b5a26a227,1124,205,1329
f4279c7f04e6da4951275e7209e806dfc8a81380d9fc6b9b376d009be3c5d150,934,215,1149
6bd3c1e1536c21ba065c17bc12a14ca302fd678db32bcfdee94a8c47089c6179,920,204,1124
60d7f8bb6369727c429d47c90e4cc9ea1385754b29e26cfdcf99683012144f29,1081,211,1292
b62a9da5a808faefebd20d2ab05c608f0180e25c33a5ad8f54e43ece94bd2406,929,212,1141
c62a4c1d01414d91bf5c98e78b2081e14dd4ea6d20a569bc7ce3d8452c7a5249,2268,1528,3796
dc999f37e59aa68b54026f439f39683cccf349b1f4124703e711622ffa1e33c1,1059,288,1347
6e6e401d681307ada3401fc1357e048c3253dfc312735c4df16957410ab13cd0,2211,673,2884
75e564fb2b5e23f417a77beaeef44760faecbc2dfc59abe4eba11029954f812e,1943,575,2518
4ed5e09f5804cda7a2d60cabd1d3313debcc1c9d51e13f26339f85dfaed3a85b,1169,296,1465
32e10dd7ba9534e2085a5aa611537c6b58f95d5c57e2e8e17ed0398be4dce923,1180,206,1386
b2a94edd0109b2bb66cf5f50cbce8a76139f06de1ae23ced70d547581a305a0a,1031,216,1247
e6e4bfeadfbdf65ea60c8de17ec5507f32285b6d97d896b40ca4a6779bdaacd6,1033,469,1502
fc300f8f183a27e1da603abf3964ddbda7355e45f14fa9c71a2cbf5cfa9a07c4,1141,204,1345
89d63e6c168290532252c8bea341f0aa0a7f12cf211ee3937543359a29201216,1087,208,1295
e8fb1a234880c5c61a7b2378e4fc08ebbb6644bde49990230dc29d37c8f0b53d,1029,292,1321
5ea829c55565c9ae7fc3e562321a61a88e4a845a2ca88e5b7ef1407208088442,1066,286,1352
b20a7db153c1778f267bd7a19a3f84aa40753ac3bee54f8a67a673cb039bdaf8,942,294,1236
47b8bd3ba98e8185afc812d40864835ffd6428e3f5be0433b868ff181ee1e49f,1075,308,1383
07fc9301dd2cdec3db9275d4e2cf9b73e018cbd73d0cbb1741aee11414ca5126,942,205,1147
f5d2101afbb87e4600dfee009a0569e4d24c1c4843c48cb5dcfef24ee4e49de3,1220,250,1470
a9045674d1fb305ec7ea39126fa6c933582f3c38aa1371e9c09b80dd0f8744d2,1267,569,1836
9beac1b2242568f867077de7f0b6955223c1fc037fc6dd1fef4cc2ae6f33d394,933,210,1143
b07c8d5387550692cb5bc153d3b324e080910b0ce5ca8191bd5de31541151258,910,208,1118
df7ab6cf9b43b406f93e06a9027e85e6f38bad90e182c7eed2f5207032a0877e,1763,330,2093
2a745ec23f211e3eca6c6778994954be1f45cebccb5dc65b20d947bc2c161b05,916,209,1125
9369b77082877dd5a5bef6ba949f3e94ca8fe18300781688fa157b1340447406,971,374,1345
664ca1f2884a3ce66d2b833a68115f56d3c12f9de0fe3e58c42cc304c0c00635,1121,204,1325
74e7b11184ee10a0f96ba6698f9c8e43109e3a902f332f22d0a6768578aabc7e,1210,558,1768
ede028e91f137be60f78b1c66ee17880586c027e0ff61b4dae0756d3d65b7c26,983,211,1194
5f49df7f38dedd6c27787eae272f474aa365b3aaa4edba724a34f36462a0d90a,1354,365,1719
f0585781ac3d75f82f93c58f0afda607bc8fc5bbbb51732437dbc8e233f9c4a7,1230,206,1436
6500d4b138bec8230758ed3235ee4ea375c257984edaeb80d0bba54919db65d6,1084,281,1365
121c15f7a1b0ecace02235d6b3e6c61ee0a21aa8bc0d95191a5eca82979e623e,1434,210,1644
55994b76c3ad82cf560dcb759cea8d81b5fd08c9b1bd9de8934e6e409ddb8488,1148,321,1469
b2b1f3d551ac4d2552af1f0583c10f65d80036df5800ea677abba4f765fb6f44,1124,205,1329
d18b19875ffd108d4694abf0260739391e626194fbad10b8f27961ce24e93cfb,1149,212,1361
e38ce7c9df7e9af5c90f0874cd9cf4cc6543dfe7a209e542e300f8f5d573cfbb,1306,214,1520
b9b826c1090ea89441c5b5c148a54f437b422022a6c42b14e54a1ca3e032123f,1248,209,1457
6eb10e788ac453973993ecd8a89936a2e2190c235782ba9cde5fbf89efc27585,1069,213,1282
b94df36f40cea4be825763c9350796d329bb3debc92391d9a2367c94cb511b3e,935,212,1147
c99e1c2307c392a45025faa80566e832385cfdee66cd2d147d37ebb772db900b,1403,586,1989
1ac291c3c1c4e8ab183a6023bcedd945bfc4eaa61d39bcaa99f20f4a1c047975,1094,298,1392
2d7e33634e3398eaec4cce54e794d9fec919e3dfaca94fb8614cddbae2521e57,1150,255,1405
33d9eeeaf9d07b10c148f9ebeb067923a4fc23e2af6324b399d096cc86f12bd5,2268,754,3022
90b3e59f2e095f5501649f22f7a4ce421911b4c753145a970f05030cb9be0ec4,1288,283,1571
6fb422a2232578012914f7a5efc0c732b51c4f6b6369b550e4c6479cb395b487,1120,289,1409
57cb53e2a658a051c7581ca452ef6854339465e5a2321454d4709dcf3f669fcc,2160,720,2880
b6b6656433e1a9dadaadff656be20fb1a378dc837edeeb859df877d1e3e385f6,1004,204,1208
4a839da4fd06a9bfcb2d9a70c29ea4e82f2ee6523270d1360eacb0428fcc08d2,1713,313,2026
8937ddbc0243baccfa83ffd378c195fa502a9a70c9bcb66fa2b8892c96f0fcf2,959,289,1248
b9c1f828f91aa2ce59944da9d03dc9b11a176b1fc1a1a5f43c58e0afeb233753,1363,299,1662
9865bc009fd4491a66a371a6fca5b9ab116b42ee29a13826e69b23e8928e9294,920,208,1128
d82e2ac64f04c65fbcdfee01eb5b1bf2d2e7ac2fc743886ea7b05f6e448dc97b,1576,331,1907
320c5323724d82d5182cec6d02432845f062036f8d5247f2831cda06e476c1a3,1386,456,1842
0aae02d90962364b7e5a14d6bd16181e1cd160500f655a6c69ed958a935b6726,977,202,1179
d426b3b566ca707788639d245e63ba1c43d1d110bfe0dc661de15bfa0bdb0467,1316,207,1523
b23450bf82b667f8e24de4669442ba46e78554fba9b6a43b383a84db61c97da5,949,204,1153
b9913c2de75a6419e374ae7ea8b045c3f541cbbf22dfac602ced035a15ecd5c0,1383,576,1959
fd2576c02ec5c6941e5971c95797cbf317718bf58fa8bd80d81e9f0aedb8178d,1742,542,2284
6bdbd0b3436a2046171a217db32e74c9c5a187a27bb62a4aac80b70802f8b822,999,209,1208
5e7c85cfc5eb73fef99590c485337e61be68a5d58a7125339bf469d568b01685,1376,211,1587
2c644cdfa9cc9b65f4be627f4e6c19aaad06464cc9e94a844b50dd45ce720097,1513,212,1725
d402043968f03d54204b2f7b701b15e1209e7d5bfdae12a18dbeeca43d3758f0,1114,210,1324
13c017c2d3ae7fedd6525603152ee1dccee9603d74d68436f27e85fb82af7c83,1077,370,1447
239882c907c55aa665adc0ce4dd352d1c3ff2f9df086f3512e0f97ebc0daf5bb,1124,211,1335
504d80fdb15bd5eb0fd18f395b542c9a022b55efbd53033f67cbf3cc4b1c1da3,1057,359,1416
706811e7c67e99cb1f1bf006ee12f3830db87daf3c05aee8a26c66eb57316f82,2049,555,2604
f3e7d9faa6b6308b3f3eda141a4da43a724c1b41e447e6b7ea829a64dc6d6d95,1146,204,1350
663e2a3b457f9831ac5a79e7b00c5cd9c5a725d6a3d158546812749bea16ac9f,908,284,1192
d440a82e5c378d4857290ff9a90691d3d51655b70594f599a09c0301466e0b78,1012,290,1302
d3e0deba869cd9fc00ebeb01195b66b359baf7a8932ba685c09edb170e68bbda,1255,310,1565
5f7c421faeb7a37a563de3999977ddca1df431d50c5ad629564c5d2906157db2,1268,214,1482
ab51f32def84f9af2b2e1322cba27fefce5861aa2c8cd8cb7abefa617e95f506,1012,206,1218
bb420d4222280f719b035e5a6270a3e3833cc91f81168ffeae0bbcda84dc7a1c,1203,305,1508
d0a5a7f1075c0c67f1189aa084091a909cf72013322179f5c711b77dd1396fd6,1322,220,1542
eda29d40b0b69d2d8b4557af8fc8a0f2974fb4cfd1424e8b5ab8480c21c5d276,937,210,1147
737c6a9f039eda169afd3b953d3bbf75b8a45d5a4de48f2a5051ebb7b0ed6613,1066,217,1283
f8597fc6366fb7324e278df8f3d5fecba0691ca5e06b54311ec3162d980df2cf,1231,438,1669
f18f5f7efcc24f7fe12920c61aedcf82c14048bdad95fd322bc70000d7ece172,1280,743,2023
5a35cd65d1df90b69e39dbc1dc119cb0a54d4cbc97fffe34cc345af6a1dfcb65,973,396,1369
c974314add6a4b076da155ee69c939662d770885b3d7faff174a17072ed297b1,1920,627,2547
73a0dbc1ef86a2940a7017e41104eebce7ef40a6809af75216434b4fe09372b0,1124,206,1330
8dd1d73606eb2594243dd01a6117f6023314b84a41a88c69b674078a8350bfd2,2237,1335,3572
bcfb546a90a8a89220e4956f1fddecbbdf91d38d20d9e78e0fbbd99b7369a294,2307,313,2620
74fe4530b778017553b3e4404086eff7314c708c4db2896e7d867ba25ff9744e,1020,290,1310
7c0cd976d12c98deba752e6876f9bc983904b1e3431ad8ea6fc5b09de1ab36c5,1232,206,1438
baef16f4ac80496b64cac6d80268692e147f635e0200e7191f3a2e66d35c08df,924,206,1130
51bb62545c7c9c03bb8fd705dd0da3ef8d9ca4b2ff6b048eed253ddfed73bb5c,1584,316,1900
187010e14cc1f47bafeb14bca8c452842cce2bda16ede2a8386ce3064f734738,1197,292,1489
510a0984cbe014bcb98f80b7b217f7b681c11687f6e393e7798c492caa2a5fbf,2046,423,2469
749602d6d26742124d5f2c5f0b40ea87a41cbf0646321eb4d48cb29738d18f55,1224,389,1613
2fefe404d967b6c9ffecbec3ab616fc2422a7b7b11f01831eb2048210f56ca7d,924,207,1131
08fc970051343a990c19fb9334c0cb5b45e0a871114b48953814c6cdcbf1b15a,1723,321,2044
fe8222e3a8240f82265333e35bab403de16c8401301fba83c8df612b7234a398,1279,217,1496
769a76dc943f7778d659cbeaf8227ee35d9fcd6764b01c264cf8ce063584c459,1651,386,2037
b7db19865f4a278a9dc111feea36848589c9cbfc649a9d1f65cf30a9cd33bc1f,1148,670,1818
29ec0f0c934800dcb952475c26f8aa50c30c4ba707f65059b88b8635f7c8bce7,1515,262,1777
a2497891aae151bebc182bdea9353d56b4ff0e26d2fe96c495118dee07901d2c,2276,1449,3725
c68a2d6826d40d65f8c6e1c170469eed1c1bc83bc30034c090172676d74f1573,1101,210,1311
69a52cb4479dec04988529e4b2b28068149c8a300b38250fd42284e16692f8b6,1005,204,1209
39e4f718e27d1f68b0d9665d44ed104f16a6cfb0dd183b69064dcf6e99b27ee4,1158,538,1696
56b5c458ce4f191b7bfdf361de25364fdcd01bf900515e183173dc3ab5795201,933,291,1224
913d39ccb9a4fcc6d6281f649724671fc52a848cc6a0d3de56af88aea8495a21,2089,474,2563
6148d2ecf093d956d7465f19d3c5cae7ad4c6f8cb5934b8461d2c22afc26f481,1124,205,1329
c3dd3f271b20d8d95619fc45d65830baedbc0a942158c61b25da9faee7992990,1612,373,1985
b16983c4bf9cbf17070b9b6f55c19e0fe988793a306ac48fa7ff59e0ef3e2a8d,1233,208,1441
1757dfe183568ce6336d1d52e768ac5601ef27235d0fe699f33137e58ef7b1ad,1547,212,1759
55dae3f813217b21d755922da31109a233f1e3bfc19d7df58a9e2525d96c6420,1044,212,1256
2d46e5c9660b0aeaf6748404152ff063af177867e98e92cbb20118d7d71d10b4,1468,216,1684
0f6d4bf8be01475ae05d8e3bc3373fb091a46b7168eb09519ac020c61c04eea7,952,210,1162
6b2773e93168366f3581ec14614810e386319c54430680f0227cf6918d10b8fc,1585,575,2160
be8640014083b90b2d37ade9856446672d74479b5a42cacbbc09d0288dd304b2,1105,215,1320
14eb9e5a36e16b5857bf2403ad941ce7e7721e4a350406322f82d54c8bebcf57,892,213,1105
1b51a0955ff359296d2cd8d14ad15c8cf1a40afd2b1dd01c02f7df3c29f7aaee,998,288,1286
db936fcebd8bf24f4cff213d29ff7b5105fc711c72fd90409a2e4712274f21c7,1429,234,1663
fa2ea7876dc766856f3fcf67ff9e9e7a401247d01388f09bf6bea7e216dd119e,1737,772,2509
1597b33c701d3d63c8062717de8e892c8b7ebbb79cc0f5f5e0419eda15d74fc2,1803,314,2117
582d657b26c7a660023ef92bf9091c30ea84f895375c8240e2c04d3a2bb7d9b4,1050,386,1436
0361cde55aadfec7df803ed37df3d4c18776e665cec791ac48a2af73227dcc2b,952,214,1166
6aafea22ca5b2fcb9d3405d378e52354531380ff27619c0a73776eca7b2a9e86,1902,311,2213
8ee6954df84c9968de26c9f4813b0fca83bcf89f8cd1d8a58601c92e0fd8342b,2312,1087,3399
60c76c08b47d18a8e44383891bb727b0b3961c5fa383ec306b0d2ec4f7f4f8f0,1691,639,2330
6653848a2760a24edbb925c8a434b8c66d3dd75a83be5fb2e51a9b6c65ace72c,1121,205,1326
1dd234afe809d1712f3b1fcf473d7a65de6902a097bb34d8447bb3c3d49d57a3,958,206,1164
7d691f9681d9b8efa2023b3e8267d1ab71018594eeac8f9faab565e354d17bed,1179,212,1391
00cc44bf6368e0c7fca7d7778e36bac5b0f1d9b23a93e3f7026c742bbac6c20a,1243,203,1446
822c5e8022835bc7c718f82f726d38d9cdaf99e9231f0d3920dda3056b392b97,1032,291,1323
9c448506caab02537a6ad28983673f0187cf37c6721fa404fd6ccb269231f092,1012,366,1378
e428224d1b3392be172db79c1428b369cd16ba9b94f2b4a0f262f5e33f48c852,1698,548,2246
66faafe4130a943bcb9f09c581257063a10505bfcbd009f977e8646f63539a77,1711,219,1930
99118b4cdd40f11f5216ea8fc3407e3ed811a4a4a1ccee56e4c28c1aab3697bd,918,209,1127
a7552490c5e3986edd996541418ad2eecb1429dc5edc10ce26f367d0d5c8adc8,1220,209,1429
24a357cb22665d460c970eec9e2ca7c2e198cae1114884d315134995f948109c,1792,316,2108
894fdb1620db7bb5d24a02f117af28bce5cd65ff7549540febb3359e0b703968,940,219,1159
c352cb3a443fe0c432549ab2187e71143775bf0844a1ece2995ee00f661b1884,1270,647,1917
0462e8a9a15e218520356a331ac183e838cc979d5041795a79f866ee127351fd,1250,314,1564
2921910b4c092d7f69a113fc09a9aae7ad198a387deb00ffc384196912376c18,1703,426,2129
186863107b20b0831022ab268c9bea020e8ed82e66f806e710c26ad36589072d,1543,446,1989
bfa8ddfa6b320b098f2d60a661c94df5d5e8c4e0595e2377b9f75a593adb62fc,1662,318,1980
5b34b3153217baf7856ac739c2d54f3b8ae25a30789d0e747a27368f61af65f7,2243,1598,3841
d6a4f7747659855f9667098dabf608d5da0c254a295515ff073184d93ae22a7a,2309,1363,3672
2179397c0bf288efcfebfba09764a245fd30985772aca6c820518241be4e966d,1169,209,1378
299e9ebf8beb2a8eb6c6f7fa628f4fb6d4915eb65befbdcd0fe746be45658741,1219,317,1536
35860bf26733393432903a8bdaf011de65b743ad13f746b105417a6b40bb356f,1165,206,1371
82904212bf3dd4245f0b75e3c63154e9435ef0232a0ce9b6cf414403761cf6eb,1589,342,1931
e089848e7c8a0620f65f67434b1fa7785defaa13e85a16ff99bfb2247bab0211,904,207,1111
6be800e46c112bd9e22cc5a1a0d9458f71056cc176eb35ea207b22e66e18eced,1299,547,1846
4d68ec3cf5b2ee03a8cbdf3873fb83a54542329985b9eda691bb94ee44e0b53d,1056,225,1281
bc0d7e19bb1214a65610f808a9ad331425807d837eb2fd0ad12ab0214222c8d9,1060,208,1268
b340364c463a3bc25f8acc45072a940da87a5e2747162d24550fff7944f7dc7e,1501,211,1712
0a74e96f430d90e0b215a69e260b664d2d522fc3e5e4ee4c0b2a500ba8666076,1124,309,1433
f0178c17fcd965e579a888fbf94187f91b5739a3889895db8a0d0b7af0d5fda1,1185,372,1557
d8392e09f96736826872144cb098ad358dfc42b919719750f31b340a19706e0e,1987,661,2648
214de6d617dad8eb20e95e04fdbc423165f6a90c02a7f56b90587d32240c232c,1620,316,1936
8565b0a9270cdec25d19c6558399046760b92ede8ea81ccfceec6a3eece90899,1555,221,1776
751559f4e7852a75252a18ad4695f9047964dcc561a79a55e80a397c5cd245b8,1619,780,2399
48c8e3c3c6b3efb0f001e34f945e22703ce0d66158c2a35518717a92c571f1d0,1255,212,1467
d0fe05b4b1382533a0d09ebf3723c413a9dfc0cfe491a04120f68b095ed4f586,1057,680,1737
978f9862d0d4176a8ba41d88cfc97f6a41d50cd347180d10a3b9fdbd9b07c2ed,1153,604,1757
237c1322d64d80eeaf4bdc3b04c6b20479ef0408bf90d4dcb6c23523efee57ab,1667,323,1990
0898ec515b1668e645dc387851b9ff4330335facd0807934dd33c303336ed06c,1124,211,1335
dab13e4c57d5a365ba44830b85580f65fbd96dcc1ffa2eca33ca9ea04ba187b7,1619,432,2051
f7ce7256c078f8903eacaedb113fcf9f7504e4c11831c58f497071b19349ca0a,1517,303,1820
ec6a214dbec8d89797daff1814c11e32ee05a95dcdd8e431b910d5c5cfece3f1,2288,318,2606
94fdad024e4f9c4ed2032b060b10f8465749f59b0b23b6d7449d85d8e0b4a276,987,211,1198
d99c559284d30e007e555ac62ac7f5c0673dcba068d253be51f832244d069a35,1233,569,1802
13fe6e5377eb3a009f82107918483850fe4371f12df732f361acf517bb7bd81c,1017,206,1223
8548ea566b39b6de690d77b5d79a4e84204bcca2317481157bdccee6eb30f67c,1008,215,1223
5edbdd8988b5e7fdcb139bb7066de49936b97db460936e4ef84aad3fa27b0fe3,1447,368,1815
db83161b442f3332a7f8fb2b9a25e9318d18715f57dfead865f4ed22b47c75e6,1133,214,1347
f7fad8716269a0c781c9ea8adc68e73ad21c047760b1981b88a60dd6f038124c,1276,329,1605
c4963e7da8833b9174be32eabb1f66da5a6b2438a2b42461dc91d8fc2720827e,1220,375,1595
4a6ffe56d9eee9021ef8d6b14a83b9f0f005278f73e3e4e00156ffab368eec71,1981,312,2293
c593e0efd3f7ea94dbab2cb27a86142d6d734ae9ee355fafaeb0e77f599f02aa,1248,212,1460
5e6fcffda4aa104130ac1b450956edb79b762ab437c28a544d7d8f84f6520c9f,1096,220,1316
dd3fd2855165495a438a24ecade826ee3d53bf973834ccd02da5dcd44b6faefc,2125,312,2437
f8612512416a300e7ff8c0f416d53efae0a15bcb80b599e4f0704eeb07e402a5,2229,504,2733
203515c339d2f5b7114bd45f8db0e3c3e9eff37ea43bfc2c7e26f39043ceb01e,1383,354,1737
3e4798895cdf3af86c21a635d9d7b844720f1d74f8286ee277957ce359ef6059,1130,204,1334
ea2bdb2c6fa01eec3b0792645d855e6d47bdb586eec143844957d2e1fce40674,1409,371,1780
7707e553e3e5d0d523a2d6c341afec25ace8fdf40a3c6b2848915ce3cd511e3e,1425,684,2109
7294f35455713da1f26ca904f34dac7bbc485d1a77b2c8c59349c7597e122072,1141,212,1353
1889f20ec75bb9ac96cc0a880d0f5ae16367a1457d8fece713ebdf1fb71f3243,1715,419,2134
2a2757f567a37e48a605f7b48ea79b9a767a2590a54fcad2cc6de3bccdf47566,1075,206,1281
6ad6168d7ed35d2b8fca58efda2ba85c1b2c958aa4ed92c19b9478d4947d30d5,1350,214,1564
be699ef0bec8e35ef75de59e3765c446a9e9224e7234b1567366d105623527b5,1124,206,1330
3ac1aa759b35c9290b49a59d095fb8ae99fe5ceb8ed5776331a6f6fdaaac10cf,1060,222,1282
ba418cfcc82603653cf97c75643b62338793fd125ca1e8d424409a1268bcb2bf,1942,317,2259
082202324a94ec1bbdedbd8161f44e7854a00a24e7f871a3830aa87c43ccb309,1385,290,1675
b2291d9d8f055e2c264c79bab57791c366e9bff7cd8c7709cf94fbff35a17260,1028,208,1236
73d1c728f736ca02a2895d68dadbf0a1b2aac1124f61dcdc928c87dafcfc2e62,966,208,1174
6a3d7d047e6449e3716e1a203444b4843585539d040723c03d11e8566c5fcc80,1349,246,1595
082fb434fb2547194788993c307f9b9559fb6d9e5fa80345353cb8be6627129d,1331,361,1692
63b20d8a780d9ff5bd28f9fb9c5f840f68d2765741c8caf4a3623c60e7b105d3,1020,210,1230
ed65923dbe7a6062508ba275ad333eac3a11036f63a2ba4371718efe05000060,945,210,1155
1f89225de74710c4bff748eaa5d3996ba18ef8a71c6f0c1d556b93df1779e2d7,954,201,1155
e4c91d742754b62da7e3ba81919f49d0e164ff7776133268afe0cd0a261e80b5,1256,286,1542
6098992acd7bbfef23fc0af346e75c6083aa58268725de5688c1f4d8cb2ca7c7,1687,606,2293
d7df9016eef5ef03226a51fb1e47be07de37544839181ceb176c2c92af7dd9ac,1776,669,2445
20b39c7d6ab449f1ba481f6b24903400101070a9aeac87a0899217e13256bec8,1395,213,1608
9d5fb9b8d970d11c9e92c3e7050e330878618949532d14a3f9e44a90bd58fccf,1040,224,1264
2875a6f759628effc30dba93f7f01564cf021aef290419d1c8fa4044f22c0ca1,1646,316,1962
7b0c8de11cd5ed132a1a38e5958b45c7266ed37c9add1876ccef47de5c6bbd83,996,306,1302
aea7ba9cae754153bd96715c208659cf3d5f32549cf0dcb078e52c861123656c,1172,200,1372
0f014f9f654060e1f8f41e63ab878a02a201c8c7b3a9ac1d7871e07bc105840f,901,209,1110
3f21ace690f14cc630d87a849cea3357213a4e7ca19b76c5e42b071c81347df3,2208,806,3014
f26f2ce51f7864b4436af5b99b2a5ba928956d7ed348813ddc9c7a1bd0409195,1124,205,1329
be4a7f4a0282fff6c04dccbde172dbfc9011d6769202b6aee3adf8cedfd5d33b,1245,205,1450
657f8a258542dc50c3d0ceab5721a31e5ffdd3fdea02d066b7c814928339d3f4,1862,573,2435
855fdd55422e8c8ef8254d1184dcebeb53b18fa5f0a035125e1e61a45a658998,1017,212,1229
a2f188335ffeb9c2d9bba9cc908bed3c4c33387e964d4048e3ae4aed5e36085d,1288,214,1502
f887034dcf9657e9faa02cc4e5f7995e2ba4f2f8084c35629e33da9f0200869b,1286,299,1585
8a11731acdf72a5b9e4d5d5ce9ce4f3467e3e3863880b1aa9eeadff80d174113,2294,318,2612
faff87cc33004c350f1a39abd8481bea4ddfa6943192c0c46f18550f44c83231,1344,286,1630
bd35b4a2d1b11f7a979f8637c19471ff2b34ee04f665460a2b5ea25e7f19e164,1580,212,1792
2002584f536669693bab6c81c92686ce4fc0cd0f83d6817eafe5d42bdbfdbf4f,966,211,1177
ae6fc256959748c0a121cd93d0778767e2dd6bbc406e649c14b2b0f39dae69ba,921,199,1120
5e17a6ec9bd7cc1329211a06efd73973fa5d614bd886f1e6e73c333d73d3b843,1583,211,1794
a9c73b35b2ba9be0e1c04f0c31a668bc85e23c696a79e09357abf34a732c39c5,1252,218,1470
e9ba5a3b8c02d3dd7151ff99051f37f85223c74d64cc945a391bb5626f02c096,1232,361,1593
2c3e5fc54277843f6db3d9ae1302d69fc15f1dd1051500e7aa2e2f4c268ff0d9,1472,459,1931
a9aafd35a75eaa66c34c01444e9622aa08e5102a3c17dc496178bfc13e534a4b,1121,205,1326
16f4d5d20d1c165e1deb97518bf6ee4f81b826b363a1cf44b472d5cd6e17be01,1591,212,1803
10d82538f0b2aaba0f68b025836556fe9c3c9c84e57690a7812c00f32d56e3ca,1546,494,2040
ca5bb5ff207402ce879269537dfba17b0202e869c1571f9fe77271bc361d3f94,1073,203,1276
0bf4190dc42ee7ec97b18279fdfd2d3278eda6c971a9ec995cad3077cd450b40,905,210,1115
a85b716c1b7160fdb39261f90196eb4cfcad1ea7a41cbcf8be9534a02381bc88,1732,311,2043
51fe26a3c2446076d35cfb699b1ad4da25fc0fc9afd962891df63766323f6085,1667,443,2110
dba19b3922200f183865d6636d2bdbeec0a26606e26894bf36f216435bf2e9d1,1323,623,1946
59156eb591d1688bd7d97a238591372ae41683922ed8664a03d81fdeb557347c,1043,202,1245
1c273e46999176806eb7f5c7ff14707036e4e34c76bbc0d829f4a392ccb8f3ad,1158,206,1364
b366c773a4f0add9602bc02e222359a4b718ab49fa4e4796a027bc426e6018e5,1441,201,1642
20f2a9a0c82848e351e7f826dcf8e2e569585d4a915d933fedda6d377af5bcda,1949,1025,2974
dd3997e82f6eed2827f7f678aae787526c9cc48f310fc9788d073a907fad5054,1091,214,1305
d758a056ffe4f50cd8dfdd39bb17330b7d350b97934f8947c7edaad0a8a490e2,1244,248,1492
dd8829bf2e0756572b0d06b692e7eb09f248b7f41b80292c494aa6be6da77c79,1473,234,1707
7e8f299991ed5b8794a7d864d164ccb87e365704300533393e79cdba6cfa9981,1012,210,1222
21568e9c64074c9d7ae8be657fcdde07f2e7370525b58b0d9ebcee1eadd70a0e,896,290,1186
5573c6e594149fcbea1bdf1670aaabb6e7cba734976e137e70b9c390a779e647,1628,547,2175
7daba223159b0b53f4cb582a77e66a7d8cb9ad3155192bc9abb7eeaa4621480b,1124,205,1329
3c76cc7afe74438e3e6b085ed4dabce4ee84e274ab71afd8114b3a19a209a7fc,1282,208,1490
f01d63c1b11b31b88c240532193020749ab7fedde0b4b2ed3b89d4f6d5ebefce,1264,364,1628
d4055e299b11596b4581577b50baf8b34efebac491f6374cb212bcf754b03b62,1080,285,1365
c5b9f0ac2054a8507da32a8bade0661f30a967059d48e2b81cbb5c9fb808ce45,997,286,1283
f212b75df0bb0c64ab1eef14cae0fab534c50bbd54f3db790ef37bed47d31d64,1194,212,1406
4bc8915b623d2b8ee5480ea06f1dc746bafbcba5958954593a109714a91ba9ea,941,222,1163
48d37f0ad0a604937441669fd3b65240ab4bd313e3d13a9d70f8bc9094835925,2244,471,2715
1155f3f81231fc3a8d20462071c368f450f50caee99346c3bad382b8f653e6c1,2257,997,3254
1f671bb114d836a8e2bb6456ae4794eeaab4a2cb1c28cf31291ae00da1d6f4ad,1222,284,1506
d242a1972c1de836934166376b56e7edcc8e94c92c98f86e776c6a0dfe6fa5aa,2122,541,2663
0ddd0e08f157c10c8a426c5b9a08179ab32d57c56dbadd030b516217ff106ca5,893,205,1098
8826c53cb4cd548984902c77edc4d321740b4275bf3da6be13e5890fd0b6bd25,981,369,1350
3fb156fc35850754e721329676b1d63b3963e65f5028aac4f6d613703d1c8b3e,1120,208,1328
d9a5d71ba98365a0df3b8ef6b07b043c72fef818065ae0ffd5167ab936232217,1110,205,1315
76780b6eeb11262fb622ea7be9b403d259711f4a0e14b8181ee28397c7d9725b,1392,289,1681
8dbbc61068c5b1e8da375fda16bd0d94b980bb42399ee3485fd5e8f69fdf8c30,956,212,1168
e93f7b275bc4c4049ed3b83fd1e0de58469b5c790380d6bed830f46e0d868d4d,1105,207,1312
eb20a264d56fb3ae9409adc992cc70a06dfa2c8d697f3885cc2ce84e9f4745d2,2139,597,2736
e390585b1458846c3ab93b9a546930a1ebd785810b73102c673c7d3571ede0f0,1124,205,1329
82733ddf79cca5b5527761dea2ea222ad625d1c86f4da26b5441cff3b3b1e9a3,1241,209,1450
951fbf2617ccfd0bd0eac8b1822bedc884dcdac45c6dbd6f473c0077d251865b,1240,211,1451
d8a147e13dcb6df6ba2e97d3ff867dd17615acc5f71470198818bbdcc579ad9e,1411,310,1721
09670763982ad4d1cb0d6df1c13b6a4d4c81b4cf596028f37b1cc34c76274ee7,1262,210,1472
36006a6492741c4dcb0cd4a0db13e0501ae601b08e23015394be463da8e93bbd,1508,292,1800
47d3ad215a2d9bd60c18df343a85308211e42515d0447175878f4999020bd74b,2312,808,3120
5208d7c08be05bbce163b7450a3a3d6e3e71f90b4a9301bb50f6b415f440254a,2339,618,2957
077487af4ad2b767796fc0289180afc65f3fbe3c09cb3149ceed4a80703cabc5,2025,773,2798
c155ec015dba5d8134eaa6cbdc14c3b5e63306c3d4c120ef670b862463d0a206,1636,664,2300
69e9d6a3eb1c0aa4760856421284e0a618d380b71cb1242eb5fd088535e5fde5,1124,205,1329
4aef422002ed1c74a427c290dfba9689cdcdd0ba288bacaf907cf72cc7e721a6,1152,208,1360
d303e7182198fda578655bebb8b717eb32760ff0f3dd4dde54722d316a3b4420,1146,309,1455
d67c6e1e7f7df68c6a7620f9135d6c19d281ce09493e9bb57f52914449455712,1127,209,1336
042464ea8079082c157a039fb342ccb4ce1d1ee1c5f3237f34ba792f11be9e4d,1086,673,1759
cf1241305318c7c5e55ff0b7e29989ea94f4eaf3c8f0b30e5ca445827122be2a,1110,212,1322
c7222f6001d1a051d39e74cb191828bbb69b9cca7e62784fab93b4065a9ee75d,1379,395,1774
30657abede3f89c489a2cb65075aef98d52b9aa4a90902187cc29d33ce882b2a,1173,380,1553
fd6b4299f28bfa50b786a85c2a09bc1497c187438c625b5619d9301b8bce8805,1421,615,2036
7e1644e61782929b0a5943127f98536f0f95c38d834cf50b8aa3c215a2c1c75b,1192,366,1558
31ec51b4a5d5e327e7baa5ea1b6c95db69d1b489c1c206753f8fba1fa8172fba,1077,444,1521
9fedb8601de6e7c5f294eee262df98ca1bb72a65513aa7e7dd05428ad546fd73,1895,892,2787
0174a532631d332830ef205cd98d28fe87341e31d1e995c91a38cba1d6563ab8,1266,287,1553
9d6e1550d2571a6c7cfe67bba27792da21f4eb34c0ae3c4b2b7a11370958b35f,1196,245,1441
d68c74f5f1b3c8b0bc5fa1a5b3b350f58bba17b667fffe5bf54993c274200bf6,1338,214,1552
2ee081931b212cb4bb803071e5e1fe3117d35d4ab20cb8bcebac1236feb302bb,1058,207,1265
f57c3cf5c0e8813c529a8319009e827ea7e4e1818dfcd5d37d94f8b3c94b490d,1447,574,2021
ddc8dc4e101a73d744691571f49b62a50bd19b97b4555e4aca986605d0866071,1357,210,1567
74f9d3adde1bedd0e59d948adb0d54eea703ed147c03ef4c0c5afeece4c4406d,1103,208,1311
a4bc77f8f619a48f0aacebc1d427bb38080881808f09d4d7334e3662be9aad3d,2067,779,2846
0741a12be922551d7ddacd6a5125f7f7b13c45e843d0f63c9f73d9cb8050096f,913,209,1122
b9e16c2646685bb767e69130066fec788f64ebf92752f603123240bc9ee9a700,1394,210,1604
57e1cbf76e4d83497e45833c1418147c5431703fb5ec67627787e798c3961960,886,307,1193
5b50ddae0b48ec36c697c5a84770e349b00684a4d61f70a4b281ae8c34de30e4,1508,209,1717
a3514b9183adc71aa89c0989d81932c2e3c437e9bc3cfd759c83d444f99cd862,1040,205,1245
6c5c20c7a749543e24017b5eb20ff83a7cbe3d2b531376bbeaaa2b47192ba324,1262,424,1686
26f5b2ca6285d1ddca5b0e05d67e0fcf65e0f40eb9827e2022fca0750e769cbe,1124,205,1329
7dc7e284e1b4f70c7b73d2c6587d001e4473eacf4a17140b596a07d223d10c7d,1326,366,1692
5312fdb05c09142a3d3d64d1db706bf692ac88d693ddc2ebd05592a1c35224c7,1169,288,1457
545c67c083e6dee373071eea81f971daa689649ea5d6b534191613cfbf593da2,1399,211,1610
4f817b1c85dde1b6646b04ca64fcf1641101723c403ebef2c0a7cc98355830a0,1133,211,1344
bf4225a08d5efffbe969aa7cb8b18cddac37c56bcbac659c1d175720764e640b,1159,211,1370
d78610c8ed806ce4f3a2a17977c3199b9b64f39acaaeef539a189ba94d393813,943,222,1165
55b57e199bd9853f1d1b2c2014f22343406f84c1c68becaf70ac5ad46eb9eb75,1118,285,1403
fa9014a022c22881478d5bbc62b6015abff8dccf04b9b37c832b80f99bf60468,1684,436,2120
0ec29b8a42ce626c5af6d36b79d16b8e657cff1d7be496bd6ec38abacb7bbc5b,1059,218,1277
fdfaaff2357704d993668cf628079dd5783395ccd8ff4004360591ea5833a3be,1258,208,1466
725bf6dc977fc14841a6bcf834162088b07e1753b2fc609016b8d1cb371a682c,901,299,1200
f85f725e78981fb48033cc523b49a8809e62e38a97767626115f184105d5e17b,1258,209,1467
da17f25be7c1784e423b745646cac10879a9fb0453700b9913aa44622125f51e,1459,206,1665
a5a12b8f56b273638f2a7b7a416bc1077b06334fef1a24eae442df79c67bd881,1884,545,2429
92534d1d61410c9cdb35eaab1c2de6db0e3b2f4a70c5399209daa34306ee6a54,1446,208,1654
a066ec9dcccddcb7172afb37af1e8aebccb36978aec919ff683e48f8f651fc20,950,290,1240
9db113e1bfdbb25ba36b29d8bbdcf277365dee3c308da95470c362c217069a96,1124,205,1329
3517356994a9e1e7bc6c0273e258a6cd8e1251644ce348e272fff1e69dd1dfba,1036,212,1248
dc59d050f16490be54afb1148a336c4a8233a1cb2f526f94a318c4da76867410,1202,244,1446
3d797717d0d1b5de227602a236775f8a6fa83724225bc000e4e1aae323415b78,1128,209,1337
0351ddf4f65b0c47962d3ed726b98dfcaf5582fa1527948129976ebff6b99d5d,1532,539,2071
51865b4c0186e9767ca06eb94f09148b08cb0abe68e64970407577b0a910acc0,1007,208,1215
96939657bfdf25f9070d14bc29147a45f3afb80d7e6aae19332bb5f587c3706e,1138,451,1589
824d898e883739dd465525d6503612cdc3e01991e885da33db381d83181f60e8,1331,447,1778
d9e40e8927c6addd554d824eb5532b75b21edfa6fb3f1e84cc445f9fdd9920d8,948,205,1153
7abfcf0a7781ed89eba4ad4b1d5fb302448cff8a5ee45d62e1cb2a73cec232fc,2234,453,2687
689ae001690befea34fd0b89e3c228bf792cdec1546240800ee44e4494fbcd7d,1054,431,1485
56e230cf14e7cec1d409ce46245b294fd2b5dce9fb67692d9694c8cd8a278ad3,1684,846,2530
d2bbca645d0a65f9ef1f68b8b070a450632327b7664e9603a036d0d518b70d10,932,287,1219
044f01d28b87696f337c109b3114a9171b824e6fef06973a25e7f7862a874598,938,205,1143
cdaba556d7e53195fede9213d32835eb13d859933051a9d462ed3d59198c2b05,1123,205,1328
11140e44a74303d6ed68e55c5c4555858b6b89b0587750b0d32fa1b55a99bb87,1364,379,1743
a2e73e6101ecd29eba333f379da78ec822e542f465a29816367d76fe0f90dc8a,2345,1032,3377
5d7e7974e4b1bdff4674cccb26d520894831da0c571e6944fa980788d181881f,1776,597,2373
64b886e91de18fad327a2e847545c815374a9b068de549e6f9ab194cde3d9f31,911,207,1118
b682cb21209bde3b33805938cdf479b7b3ece34a820a5277ee9280c4735a2240,1124,205,1329
cd92886de61ca92608d8a3c64406291139178a5c9a5dc03f6d4a05b2b24cc474,2248,732,2980
422ea405911c9b9fbb822ecaba9812c723c7e4f6b9df2deaefb7076adc44e5a2,933,210,1143
8a7abb09cef86ebb34bfd218a2312a5269496fe6f01e5165f406cf099bcf7a26,1267,360,1627
f060e0c21e9b9a4023ffb9c62870668159faf73d58322b333829e6433e772a37,1014,382,1396
c126de91e0c650050fddf79ad0e110e535d5872f81123fd74af6a3d78a5e3d5a,1767,315,2082
3de7dffdf655088edbcd87337c640f540bac16bf957ce5945e0077afd32bddd0,1744,846,2590
82d89706dbc5a3db496162b5f17b1026e9e1beedac9da5df0847361896c9c47a,1182,426,1608
ab9dcaf32fbb9f1481147110381daaed1fd08d3284a557a1ff354296b751a060,1505,207,1712
d3eb647474581f6388bce64f9ba304b448988aaa503844bddd0e82daa30d6077,1101,439,1540
5388dfd2a57054592f8b3b355d56e98930d22f0c906976fea105d44495291a14,1310,206,1516
7f3c8a8989d7118698478d5308fb8baaf29e8c33631f915cad609ecb49d5cbeb,1294,753,2047
d6b10c2f7011175c912bd35a3a02a12b0f4588b04342e27c23b0c517f3c06603,951,214,1165
4680cc0b7869042757645ef8084577da51d8f0b00b58f8ea73c44879823cc3b5,992,204,1196
38576a42acda54e83abf139f3468f52547fe8cc6e47871370b4c0cccdee3ed22,1159,209,1368
2286078b77dab1b4e3287e7c65b6b73fa33b0ca7026bd6230d445e66406c72e5,1124,205,1329
8148911f9af5c565d9c688913aad73fa206afc79c0f902141c2915bd222938f1,1100,289,1389
7bcf62c2cc7b2ac8dd2f5bf73af5ff4e454c4c0aaea2eb80e3db1b00844e153f,977,436,1413
af692c2a5c95da0cd481cb5bc1b06426579dca5f4394c4885be7a5d12153eee9,1449,148,1597
e810579ed29806bf3d84820e579be7ef87f68e4cfe8d0f2ba53a58f9c6ca5e38,1057,204,1261
eb0c1a1b75fbd5661173127a45075b257c93e02bac1387522f136fe4f528ff92,1256,209,1465
44fd4dc9659709abb7efc0c653365b5939c9d9e0429843be0b85a4a63f877942,1113,363,1476
0822d76c9f92cb42f2dad3911dcc0664d5aab763c3dff69886b89182a58df341,950,301,1251
18cff612949e2ef788e263c060a74459bf8a4cfab2e64d32b754a972317d3a08,1348,305,1653
b41f1991a980147102daf24cb89b9e1f1537bdaed4cae639498c1391113107a6,2029,321,2350
ebcaa18144afca8741e7af59a8d31d91a86fbd7cea2ca7f1d9df334d2308e20d,1264,199,1463
c879eab13202a485d7808afc890ea15e685685369cca6e8fa439589f169e595b,1587,213,1800
e4da324b783af57bdb14fba2d48db42901e129ea01db82e8cb96fe417215919f,1049,214,1263
ffc8b16985f0d4214c932eea777b45c6e8f533364ad50f59511438f70e8dadfe,1918,770,2688
4eab2bbc1fb7fec71fd4421a9c1c2465371e50adaf0fd26c49db4de60b0c92d7,1996,439,2435
c64717a7eb71d7a8d6b2cbd31cc60e3b9b6bf526034adcc44ef668ca70875821,1419,210,1629
78b203954de9b4f63678aff7365a149bb1ee195b4d8674fa770f2ec2c667ead9,1131,210,1341
78e9c2e1002c06e29dca7cff0443e2a17b8efd9cac831f0aaf047c91889bb426,1170,519,1689
e1031cc7920b7dc0543918417aa960390cc154eff2ebb9672338089ee08d0864,930,209,1139
638b31cbaaf9c0220d2e9349d992275f06d4ede8a60889b0ef0be8abaeacc9f3,1043,206,1249
4225dafa6a36ba51b5a8d523c10b76e2a33f7e450890378c2898875d31ba333e,953,215,1168
e92d739e667b3176b3fc178252a50105fe6df19e5301ebb4e7a8949bd121770c,1070,205,1275
9926891d2003b07b0ce1a44d63d396036c49770a92b6103e6885d218581d6978,957,211,1168
928c4e26b38cc87615c6fb8c4478835889350b534ca96a0162a1f44666131f32,944,212,1156
8d05eac797409ba37bf939fb6f2452854dda8c04807a7f2958df2f17471bc519,2021,702,2723
023e64bc4b5597380417f5d294ac5a2965fa7937cd321fc99f8383f6baab695e,1339,203,1542
d32ea8d6a7603096129c87f19ce6504ffa9d3c299e9d4d8034c6e1a04f4b9c2b,2033,771,2804
0ab27e2ffb9970a664ea5b0aebd4bdb988c4ba5ce78b09005dddb20f27fad686,1996,322,2318
25886a55a3f99bfa8139f1c9ac482d7e46e83523c24eab0f4fe9d759b3461ca4,1382,298,1680
3e3bda28d5a01949a6371cc76e18702c958335ed87b5da52b38e0c831081adad,998,206,1204
afded77bc41c1bdd0111c2ba5c2f4665cf5c38a9a954fb319b07cbcb164af240,1627,540,2167
937f7520cff809142382fd45291eaf4a7963cf8d0e1932bf9ba8a908f8c4b208,1145,309,1454
6ba785c1494ca3c8e76599cb4eb040464743b0e04f0a3b1e20d2cd83cb6021b8,996,208,1204
3aad2e2c4760ac1bb9ab9b52ccdecfd621c663d727a65574eaef2067dc4956fa,1382,520,1902
fc54c4d5e4f2f89f07e9aa67f31a63066c395dcbc94c9bc36f318a3297537317,977,208,1185
a77cc504aff9c617a94185666e7fb75a494259f0534daf101c8aea27df3d3a47,1101,349,1450
dc5360eff37f61f64ef2fefdbd98d3e84d74c96ae1d8da5b52d1acd18d3a4afd,1134,291,1425
aebd1c87860fc5d613f8873401a60ae1f25dcd18efdbb31838ab6a17121ca779,1155,605,1760
2de74515d24a89c60fc1beb00ad93d4e7cbfc08a23335ee8e0861feeba259305,1142,205,1347
ef009bbae064368cf14c480b28d0c2e058fa8200c10e56bb3849208cf9d2cb63,972,207,1179
23cc363228055771b36dfd390c8447d89a24efa5052d6212eb9c1e1664cbbe5b,1168,204,1372
c82add92a1b8d39eaf3c8bf397a9b0d210f43180d1512f33195c9a165b60ed88,1375,204,1579
28af76db96e2c173a9fee5b605bbe1c1aff33e7c1c1767a63a99b045e51f2066,1045,210,1255
58554ccf59774e499185ca76547a281e6800844a5bccd1e34d3c1e119ee10bc9,895,213,1108
b7e2bcc632b7149534223359af34096aa6140e9ec462244f96fdbc1c3f604471,1989,332,2321
a816b15a19bdedf705fb20ef9019f7ab3967bf2f6c7a646681d90c8c4908b874,1155,247,1402
97207a276e22fd8531ca565dcfce41c2ca091203872b11c8d136e6c649c6467c,1124,309,1433
ff119d1507ea99ba7d9a3291ebf35336201480952a92c6a0b481aae1f5244fb3,1097,203,1300
76a06db7dfe4a88672f7956ad3deb2949375bd1f9c31773c228ffa76c123858d,917,207,1124
86c6b88be140508ddac9dacfa3ba1f520afe294dce718c5f7fc3897c5cb67fef,1573,204,1777
a20b06a4f59916ae59369699f3906d2a4a41bb6716dba83f87592adfb84eb426,948,206,1154
0120c32f8e7b10c93dd1865118ae48f4ef54886854f091aa9873ec8b38c49da9,1381,215,1596
57ef3955a51beed8d2d7634865c6787002efe878dbd6a258fb907dcbe2ed8cf7,1254,205,1459
b66683e7e7ab76f82e69785c44b3aff9171f1d81d97745165508ca59d570d7be,1038,205,1243
fac464d11bd9551d76e2d02d4be15d3d952e79f29176fa9e66b7071be4e88e15,2371,333,2704
eb2ed305eeb9a11167aadf7e057fe46bd46542f660acaa22596d3ce0475b4330,982,370,1352
e4d2add6af860dff2ff6f3c786c3c62d5cd35dcb254e658dd16253368298686c,1102,203,1305
d23469d59123aa54a07d304f1b29042a36581781358d0c0d4f709afd41ed44b3,1005,204,1209
aa88bf42d93fb4ea1385a378e4fd3b87e4f6565f20348fd68507689104c9ab77,1267,205,1472
779933062c63c0515de4ca17c63b8d6311fa01ba4cf235812e83b0fd1cdff6fc,1222,386,1608
6510598757345dfe7797014b6b635fcf45dc3d9f7e93b44802ac02435b12e54d,2232,374,2606
c18655ca89119f47b90fa40df7587b1747ce42640650876741e3e002c3d4e467,1526,206,1732
aaa62b273bdf4ef4f6f86dc8f3232fc3fdfc4ca7af5b2007d252b654c7b1499b,1560,205,1765
0afa2b9dc3bc810adc1c6583cbecdbc481518e081c62dd97ef65bb319d126e2b,1453,209,1662
6cb920ae7cf8ff800f02eab8493fa05a5f70c00f635b3427b736d9069885f1d9,1372,208,1580
336db1a22331df0affa3f6fafaaa9472f347493966b62f4eaa285422309ad7b3,1901,442,2343
ae98a4647e0f9c44c9c408c1d2acfc1b4ab44ed9710c4b21af9c72db5523ac09,974,219,1193
b276b21d5415eb456f0fed9b46b2a274c726aee7e5fb557dac3617ba8a4bc243,1660,586,2246
edfb9cf81d7ef3f78867bc7ed4c1cff051fca7efbc60ff72b00a46db9d59a5fb,2259,1056,3315
aa0af0c2615f82101a3c349f3404d39bf109f27a7480e78adcaecf533a43f7f9,1581,213,1794
ecd442ba7557e7da93947fe2765cefeb3a474f3a318e099caa431bdb81f290bf,959,216,1175
216f93a9c0e67db013e9118da2b3145fa104bb09d980faa35663a4ef6b8eb70c,2014,317,2331
6a4316a38360f7985540d4f1fb57400dc2fee7dd8a4c21bcd72a7b24c577ac22,1078,202,1280
95796c1e67fddfd82f26d8affbe41b3832cadf07bffd9c965cb153945f042ad0,910,205,1115
a44a831f5df05207fb69edd3ff6ccc0147d5505a143501f15a73b80ce02a50c5,1512,204,1716
d1a200df595d34d71310282674567672b3806d1c6dc6adc465a58454ac63fd44,931,203,1134
0b63a2545fcd2fd6918b03b1ccc518763ad13b73dcdcab851f32c19c14f31147,953,207,1160
960ff26a2820b4cc6ac7f12c43786f470a9ddabaab55875166db7b80436519f6,1656,371,2027
5fb6b9f8556118545d6333a4e538d69b5ce9f44d6c4f0cd0ecc55fbe16da861b,1419,287,1706
80813396ff9e3fba3f1930eead7497dd5c1253acee586f0657a28b86f4be6647,1435,204,1639
65c20ce70f7f681a582db38255349085833df0586c536469493979856ab83fbb,1513,282,1795
79894314d5996ca0758fb2e2d2ad401405679fa492012fc03abd0dbcd5d9cc2b,965,203,1168
d7ec6ef2cefe8251345c7f8571aaa0884028cd8b4cfe0a6fc7c1eafd837b4a13,1265,205,1470
db145681bed50745a62950ae2c6b47d81fd40ce9e5d4a6bf6f5deb9952539255,1274,454,1728
57ad6bf0810eb1172bdfc936a47e967b80f0d804be9998aaaff71c4250444529,1186,451,1637
9fc0317741bdcbcbc98d4822dd80dc81a40de8b6c25f752822ac0ec1c1e0cf76,989,204,1193
1b9db09d3351b482c10ad8b8ae52efc465c3af2ef056acdc517008d3caafc3ec,1777,773,2550
526319d5bf0843dd93c223fa0a3899639e81ffb58e4f644526874e53a1470c8b,1165,204,1369
fa944ae16e8b131cec60e33b090490638fc284069c7b35862fdede9b0a8a0e9e,981,205,1186
42c97966a55a23a6950aa89b18f34645546d2d40b71cb374033a456e70b11555,1366,204,1570
153480fbccd6d4832787d869d6cbc7dfb648a88cd9ff87ebb914093ee77f8523,1539,674,2213
9cd9acdfcbc4cf79791522b353369d60da807b8eb9772585a71be3881cecf001,905,208,1113
53ab0a67ace52ae159f49f717797b6c3cbd669f70bc5ca0088775f4d9783fd5f,1244,204,1448
5beea3db417b21b5ae6e8c41e6f3e7c9b8172f668d47e451e6bb529c7af252bb,1204,204,1408
5589d0fc726f38de6c523ae70adae42e71c1ac1245d18567772f4632f7001a7d,1880,313,2193
df561c42bf04e616d6a2267161b9822d8e3891580a25e22be822607c28dac767,1070,208,1278
fb787dc490239904d9234fcc2b3efb3e26fd7388c1c407af41c80b691438bb84,1656,1669,3325
17ab8c0897230f50f591f7570ba1487a2694c1120cc89b381207e2e55fef05ae,971,205,1176
19ae3e2c444936d14887be0815d1cb9546849e6cf3a02762c917cea3d5809e29,1936,435,2371
6e902aa6147a7fc3b78d124e759763aeebb94475b52e93eb04d6a9436578d903,1389,226,1615
15560c3f257ddd655a8db06b59ad51ddee713f9a317fb02d44a80c461d426bbd,1126,213,1339
d03266cfbc29f9cd0fd57933601baa1e99692be8ac43401d69391138df6a9e53,949,203,1152
d48c7580619cfc706dbda0e19a6990709666ab83eeaa1d2f19fcb5e1dd0ae370,1538,205,1743
c1439f344409c64c67ff9b4b83be3b66a70963b0c0381a0ebb6cfe167842b9f5,1003,286,1289
2e85ea07b83c8408a97d1626af5020fa703e04d3bb0fe92f1983ad395125d360,1066,286,1352
272b3f944e8045f1987c6842d5af1db72176adfa595cb2f02f95225eabdb3d97,1425,425,1850
dfeaa06309754c3fdd374c11f7f9ebfb46e67a91204bfccce79be139e26fd273,1856,765,2621
31ebc7c38d8b25034147ced8931de6b570fcbc2a40c850dae6a068f53e02d1b8,1615,204,1819
f69d34a659047d5f70efb0c74410bd9787e8e80eca06a2855140807963328bb0,2291,322,2613
cc92c19a77617afac816f84fa4d4f50d16c851761f30a138da3946011add6acb,1114,214,1328
949fbf51c1a42145141eb98d48f83d317fe4cf4219ac922e6bb95b6a06653c3e,903,203,1106
520ce55d8eceaea08d94fac1ceecd3d97311d90ee70d1c19aa9f0aa549ed602a,1754,312,2066
200a13834164b9050e1227058e42f08b9cf3377939def55441c330479b56e009,1079,205,1284
f5419bfc995614e1530f470a2d11bdf0495f01c531bca732733f517e892fec88,1665,312,1977
fbbdcf5e588ca35755eda19c85bb2a94d2592c943d9b14507595c9ff8bdca1c5,1222,215,1437
7e74ffd8d52a14218cf8dc92b2035e2324a13ad473d9d4d7afdb4e26d8f116b7,1003,203,1206
3e54085a38dc894a8d78423c1046be29bc5d319816dbc2969de2014655d88184,1124,205,1329
7b395e571b85ebbb07cc478db0be6414a24cb2b60b2051d366c3b348f7989a66,1124,214,1338
6700a6c31135b6bd3eb88519748934837495bb31d99ce4167d98a3913fe190e8,1007,202,1209
97e33787c632092429bf933ca14b4b1ed26500dea8ba6655008f39330381c817,1476,206,1682
e7ad8a7bbc2815bd05c53700fa4c755b9083500f5c9b6ce043ec96978d250c7b,1268,216,1484
866535ea0b6137fa48ab327a28f180395f4655422a8d9c87e0d896ebfa5763be,1073,204,1277
b7e0ddcf146edfd40a895e47567b5d77c047c189f3bf5f579de9dbd3074d9d91,918,216,1134
ea91079f9c621ba2bd2686ecfeccd1179ccb165cae67a66439e33058d6a8c5d6,1137,284,1421
e625bceaa96a1edea8853b41667cd602cd66d6cddb858188b7d6ee535a3d6268,1074,207,1281
69f1deaa275b201244813eda923b9c38d580416badca2c33ab53d40127b897e8,1459,205,1664
099233ef082e1bc15af93abf0617173b94f47d3977e05df491c7dfe4274ffccf,953,202,1155
6a6315610159d5953681ddbc3f6f1ff03eba88436b2151715a61afa8d506e711,1177,286,1463
3b37c535beff886a357fc5741084edf831431611378ebea6b8f7ece3376285b4,1400,297,1697
d451733c2a0268a1452f97913a83f27d4fe91c84a698d7e36bdf6729c9aed1a6,1267,210,1477
329e87027ecb977fe04dc498063316ba527437d9b6bd13509bb5a09e995e54b4,1124,205,1329
20de70d06db7ad108bd1ab52ee271bd9347540d4f2266039baf393586523c370,1250,204,1454
b98217a9b71f82380481812f7ca6718d57e921c339fe577c91d5d08e7ff32264,1021,211,1232
863f9e0ddac0965d4b5b4ec67c1ee40ed73f7ab9654972a8018dcacadcc0a40e,1977,551,2528
2a97244f26a512a4042a47ed31edd8dcb33ce1e296a225a5ac0fb05ee6a38d78,899,214,1113
b6220093e7fa7a8e6d53da1f25fff17d5ffbfe4ecf5f29ce7fdf9bc37ccd9849,1583,296,1879
f239bce04d4bc5a72b391fe47df407ff5e3ae805630c4203a720ec8cd004ed5e,1038,200,1238
eb609a9fc70a41fe8ad830a9cfa22f083167656329ccaa56fb617ca5d51c11a9,944,219,1163
963da40cf70e16666b2a1223fb25131a960e5055bc908bde08dfbc9e565cc33e,1105,513,1618
5eccc1daceaf56ba336f2b2fdaff8007a2fdf708492c28dc7def3775116ee74c,1061,201,1262
e9f1260acab9bea6fef96244212b3d784dfe0ace3ac8c47bdce9b2cd84a70bf6,1064,367,1431
7511e1117eddd30c5e1dfdb99ac3a11749b88a4e33dd00929fe246308bc4e828,1110,290,1400
a4b8bed3d5746717b2e01871f542a63c9abc87961cb93f9dfcc56e1d90ee28aa,2067,424,2491
234106a1ddf090db95ed5c1308672d06356b5fb20d93dfb9fb126f7c6ba9cebc,1124,205,1329
6f13b1c14a123284cae7443ae2f3d109b0d3ceabcef1b6b3315783266ce9e802,2260,552,2812
33d4c33238685a36fd843a2036b546c61fb25e16fbd28a2795b70382ed2343e7,1039,363,1402
de16929a165848732d60d67223215a3228d024d8e6f2cf6969157b50189778bf,1391,387,1778
ea7dd90536a519a0162c7d3d272e138efc8f01118ae2ef2cd1d2cb8f7cf8b0a3,1311,209,1520
0950ac6a420b30315bc277e4bab7822aeefd2f3f4d0232df1c86a06f3468bd35,1753,206,1959
1e44d1a880f9fedfd19f8303a68b0de25fbeb5db9425389cafa26a1c4e9be42a,1715,443,2158
76181fdeddc15b37a43a64be058a6c2db055c3bd933acc2583f96cde7f941218,1561,293,1854
0301b523695804052eed68f5c286ccf5038b7c355186e969328036e844492c69,1026,581,1607
02d0c1d04a0aab4e3ca53571718a0b7f7efa8275a012cfb2ee39d370ac54e5c9,972,285,1257
ca52e331c085919f2b7ae2d06043065d6fd00575a2f22cad81fa3ee3893f0ede,1238,293,1531
72aa8c0d03ba0ed460fa0122ab31f8aac9661a9626b5e530b80bdd4d1f5e54c9,1105,209,1314
02ca6c07c662aba1577da5c5784689fd468d335094e0996bee35ebd442735bfb,2088,321,2409
32632b05fb053dccbfd7434a4106f64cfab16304ba4875ec7d106ac8c72578d9,1187,424,1611
431b444b04949935e2ce884d28fd3e60173ff91099e5904ff8fa6280deb7d78b,1124,205,1329
f45de31ccf8dd353ed7dd16a701f88ae34f81752c43e6defc8a4571a91b08443,911,214,1125
0a7094b7a8e39b70779bad3b633dce1693d82fd3637e79bc1066e21408043aeb,1060,215,1275
2910308199dee4e004d1868be522aa602e500380926c0d9b2645334c64e4f5b3,1381,209,1590
2f64116fcfdedaf0ecff9dab3aaa9ca755eb55ee1d24f95c3202c8015e5bd41c,961,291,1252
338df7897e845314eb3c8a6eac869ce54a741ece51161533a65f17a8d67494b1,1648,668,2316
34ceca891edc662bcb2f5e50b6465c5be9e35f62bfa6d39b5037ec904deef882,1066,220,1286
943a067552db269657caacd432ef9157b3b7c586eb099e4ae8831d98073bd8f7,1203,374,1577
9e25f22a3b3726f6c8725aa22642a212507cd9cc94466adc12db102a1b153b48,1389,281,1670
771cd5505af122ad2938da958f3f0343ce468b9a7f7c6d997650729020bc30aa,1138,205,1343
0d2c0dbea6c7670ce99be8fe17dec33d7a2fc64c8ff910b983a87d96d3458941,1112,212,1324
26d0a52fb2cadba53efa65b48675822a4429043034c2df31bd1e95152cc88136,1157,282,1439
e99871a403ca53e81da243490c1c833aa1aaf978fba8855510352f5292ca446d,1287,210,1497
80c19b2124ee490be3bb06ac77b86707714096787b3039c7a279e58a96e08888,981,212,1193
560b5d18bc973affaa6e4d4138eb93f199c84728ba66acaab402d64e19a34ac8,1731,622,2353
b5975726b07f4ff8c1f068b7df730b60dde578633da02b94b623194cef1a31ec,1817,1099,2916
f078a5ed6730dc806d7871ac182f7105d212694687320bf7251191da3905ac97,1120,215,1335
e0d0daea8dbc27125c239235b7226be77f665ff6c60b580dcecc7166a4b89160,1176,206,1382
8d14d15e616db2374c824ab34c4443b8f47a94446ac07fe479157a1066a4fe50,964,202,1166
cf5c812b496ad1eeb52a6bd1a71bf0f6a3607bc68cd1f8ac3ea7bc8ae14e2208,1012,210,1222
c6755861a3ccbb7de51f9d06e1b25c140ff5bdb09e81f300d6764e0938eee7a9,1844,552,2396
87dc719e33fc10b9df57e1cf66690556686b1f3c87399293490fb51b5bd1daea,2284,757,3041
375af885af413b8902c76e154e246629133cee9eb5464b38b3f13323e6c46b36,1404,204,1608
f312df47c4db74c798d432b1f408717afd3e12c2f86e25a863f8cbbbff32f399,1083,202,1285
5c37920a9194a13e0bc39437a33a9e486644dd5726991bb60f557b5e70ce98dc,1124,206,1330
b14e6630c940cce9aa7ac4370b586849a180dc4abf9f1deb4e95e9d9f2f3b72c,1195,290,1485
74ff3d8e1e7c56aff55c60b1d108acc00988c21301293a562b321cc325c002d2,1022,207,1229
29453e21c983430dbedab2f91cbba074d1a1c6fced246f9c28e491943ea2655a,1222,366,1588
e55d7874ca31aff2a740720fedc5e1ce3303c1c988d6130c794d2795609ae578,1800,663,2463
10c330cc32d27808c4ec37cbed19892b70cb0ad34be907d47a07a83bff77d48c,1133,1028,2161
4661c6b51c780ad590a11dc487dffd1f5c9a8e9003e7c13d748f3b8802374149,1408,254,1662
403c9d677e4259c935447612daab7ab7a2726f7a2bfcc9048e8deb864d9da87e,1494,279,1773
59c4b4d779650cf2daa71c128aaa8d1249db30ea3cbd2fde38baa2eec553f1b8,977,207,1184
f926655d3c7d03ea9c8cacf6e2034d6f6e962902641d44dcf31313abebf8806a,1324,205,1529
c8844b790acd24bfd23d897a2e4f8d5b3cd678785136e6a435b8345bf07c640a,2119,662,2781
b37fda7684f41ecf058eb0ab25c9142cadaf100186114ab5b388953bcf7a75f6,1785,782,2567
747ff99dddb17c5d14449e117f3dbf4cdee30354c5ecdbb4b3374ea96b9a6d78,1091,209,1300
aada1f10732898cdde57f0293e618d991c64d9baf67b9b69fb603ec93d14082d,910,200,1110
e5c46ac430646c2e33e8013e56411fb1b8b78644880de18f1cedc7358a715ef1,920,205,1125
1c89b0b4c1d00ef6b9ea23834357dddfb0dd363623fc7feb89bfa8bcd2a7f78d,1155,322,1477
a0e78fc7030cae16b680378bcf6c2ad679d98c66bec6f878f19fb9e27f14d21a,1194,281,1475
08ec68cc13de7a58e84b333ac305efd0693b47db14152b74b5fa47d65555420c,985,208,1193
3749ace4ab4d6f1245fdf532ffdd847482f1ce57a05b3f8329deb6b6523177a5,948,213,1161
c9c35e270e22b940e53e97bab547efa5d592b89ca4d2a3be550c5881393ea3ff,1198,369,1567
b5784557280bd2ea69ffc88419513f8fc7f4d21b44fdca40fa19a91f43eb4094,1826,312,2138
ca8f79f6a80a14a2e8ccf47b7a9ba47e8971989e1773b02279bfd821370c1643,1124,450,1574
cef0f1b1d08d1055046b18243844361e32788037810c244ca8fed56cf0df4e29,1124,205,1329
bde9a11d32b7e77ee7b7f0f56cd556f3fe96309865f3a4368f03fa13693f84ea,1529,205,1734
8e578c46ea9ad50db705083c5d65ea128b2e2467c8dffc58108d3d9172f71df9,1035,365,1400
5c3b074108d2a25bfbd5968e038358169f54eb327a5ed1abec85293cbfb31cde,1268,374,1642
73fe9a1acd86361dabc6a89f81dc2049344eff96172f5f2d5732d882d005bd50,1612,434,2046
55f7a435680b7419fa78818fa052dfebad3b90b04e6799573495358168587048,1544,212,1756
83a5b61c65d55cfbf11c7dccc4d31e551632dc82086f12455aad8a25548fd980,1263,210,1473
25dc4672051e6c6666e2c375a2baf7402b45f891b4213a36a415864078786905,1250,288,1538
612d5332e9e3ad50b793d4eca9bf955a69b699d704b5c7d446915d676854cbce,1116,213,1329
2049d7881395719508345e64adfe932d8790ebe81305f762e6ffb68329f068e2,2332,895,3227
83fd290d1e88487d8e8ee2f41b50e42bdf4a0d70d63127f71a4aceb033890a59,2081,554,2635
9b7314783b4ab42cebde62fcdf63f744e869f04e2f984e5e2b82f31dc9a51895,1487,211,1698
9fa34afb61069dd6f49bc569863e11637b8a9369b88e2cf71a8b9fcb5ab45506,945,203,1148
25b7f7b4b75cae54efecf3cc43ffff627ae7dea7e2fd2714f368d3dab160bdcc,2251,312,2563
c5cbaa0cc089599896b892c1a2f84d513b08f706d0d060992819380d716b50b2,1575,296,1871
e228ece98b3b3291c8f9c86a22f796c07b316d2ca3578adedb1edb44bd24e8b3,1124,205,1329
3476aba60370c565172e699626788a0fe83ba8d4469ef65c697d96deaa00962a,906,209,1115
e4261c931d1a7c29b357742d25a254b4269ad5edce660487d4aaa726488bdfaf,1565,259,1824
47bbb1d2250e8461f73f144222c601a594830f7f03d25f544b8f4afb17f3a35d,1671,312,1983
dd484e82f7823991ab674a0088fbb30286de63c93f694687cbef5a45a4ff88a7,1505,327,1832
68f3bc11ce37661471230d21aebcb0ac3d6f3b849df4660293ef4fe95e5ad29e,1088,287,1375
444e8b01cea5df4332de504874c84811f993471a7196f36cb43b86efbdfed316,1657,452,2109
4acbe1faadc4554e49e7bb0b89f3bbe94971204ac2c6f41187c6d5334fb7e9c7,1551,205,1756
728fa1556d87033978357eec533bbf44d239a5e7545e45403b0019cc2692e60e,1216,315,1531
bf9dc71962277cdeec09839cbf3b12a996792b9409efe484bbfc03c92dc11a5f,1095,206,1301
10332cb8b5a0b538417313a5bb6d1ac3651737997f8cd8d06f7161428cd83087,1635,313,1948
d840e1a01b019ee8645a4da940be10a3b9bdbb384e3b25d53f7422d59b20194b,1213,205,1418
c18f30cb56f39ca6b8cdd9338da1de9e8592b28a3c62ea3986196a43aa4a9552,1653,561,2214
48bfdaa440e09d3715b185df19c54f4a78e1646291c81c67088d9e6b287330f9,1198,210,1408
58127d48b84c44c62155e4332cfeae66b13dcf5600f2a478318fe85953bcc762,1803,318,2121
b4266358e9071faa80cfce951842e4d972e5a5da8f803a17d2bebdd3f9ea549a,1070,211,1281
cfeb7b316bc776cdc2d9154e4bd14dcfbf224251a5db40bb24ca74ad5de30366,1064,303,1367
a7a6627f9bff22db33fef45bfd4949a382e7643da89f48d094399e14b1873f8a,1037,454,1491
20d2e5240d7229a01b422920d11f60e43980d736fffd70ed2d772243840ad096,1425,363,1788
fabf79c85cf70962cc5df662585aa4ebf4482c650038f1e7f2d9b27ef5d6fce7,1938,580,2518
e8a552ff37d9c84c40372c96c18ced93515109e8eaa937f72ce1c0f9c9639969,1205,283,1488
74983a6625140cc19b45e9766cae11f1d83429b8c94017d5039588af7d8d70c1,1906,423,2329
0ce99080aad331c5c10e65bbb4616fe08685fb3303f9ec43dc29f990437a714f,1527,596,2123
d18018355e16d2abe0b0fea31141bf2f41147ae47e1e43c36e374da59d140712,984,280,1264
21d7db524e1fec22003343a895bc72827d8ef47a3211b895f7960d0b203ad4e2,934,216,1150
54e7105c77487b85f1048ad0e0e68e68dcd9052e87965b35c39e4b7df38fabb6,1242,241,1483
ea55183aff748d707d897bb065f4aa826d06e515e72e226f1e7953bfec2fb730,1066,289,1355
6bf3ebde5f9b132efdc9f733f13652f7117f44dd78b4b4655dac94380e28b1bd,1151,384,1535
15800e6d7a0e0fbd4ff0fbe6d403dfb04e93399266bf11311ec6724883205634,2184,1026,3210
ff2838adf18f3550911c320a436c866b430cc9cd1264ba0f99e78013ca8fab64,1258,204,1462
c439c46c00804051708f051681770cdb60991e5faed0a768f43e1517c5e58836,963,209,1172
34dd8e711e481624f77c8917c9f08b34fe58bae43102a5164ac0ad0832db1839,1208,204,1412
72b88cb744a8ca95a0b3f8a7639685675816224ade26b7f5e39effe0633a850b,1124,215,1339
b881a07235ef6a934e5bc15b6701a4be39e4dcf9fa256a60210957bec15d8c4f,1336,244,1580
aed3ac96535958524be14dbd444f7ef6ada882136c61fb69d1efeeb793493aa4,1139,243,1382
3976d5fd47f856e6d86b4238b3cb51c028cc0143d6865e7a4af727633e555362,1978,312,2290
56e45d8099fc3e98bb0788951e9ba218a8d999e8e3171e23c1d5087e1c52ebf4,953,277,1230
6446b805f2934ada760b1a41aa7f58851053a0420340399621be3db484665730,989,205,1194
484b066bbc1909744f0881d26291210ef399e993d202aa68b356b4d88e3dacfb,1235,200,1435
63b64a34dcaacab9fedc703e5a0fff005d25abc79798aaa3dd9284cd591e6481,1132,208,1340
eabb1cba1fc5d18b8be3bde8260f429567c2a001a1e0479b7b8c4f8246d38096,1741,786,2527
99b2412aec94fa7571b737891490bed5d8319a84025bb511833846b497d80dce,1250,203,1453
97f82f35d6f17a94b58ec4055c0e8136b099ad869146138f920af8c55b39cdcf,1183,428,1611
6bbe9cec93b716bcf9049c4a1505667c22cb1fbe326db7d7d5c1a78a5928cdd8,1311,698,2009
d75db77dd0db1b30871356859de5d8b88e8b4a1e9370636648ed729c6fa2f9f7,1850,665,2515
5bfd95f6d36e14e1b6146ce591ff8e06d4a6c6b8b40ea2a93a38569975163c92,1402,371,1773
f9ce673115d9d541c325a12c943216aea3e04c68061a0eb9c0c5beb46d469eef,1312,385,1697
de0346a4258a172e8447f562ebdf513a5b385a1147c99ee105448aac3644eeee,2000,668,2668
31dd5f394436aa388fa7aeeaaca4d00bdb1426ae4fbc48c25e92eb6086af1c1c,1646,902,2548
ec1ea01e8d542b9b50dded9886945968efcc8779f96ed3544fd277cb762d93b6,2367,860,3227
90b39d126da91845c276390817daec0fe5fb5422a71469a9c2f0bd22a21fb308,1310,616,1926
bd41f46ea5a1d16b5635f88b2dd91e4240ccd378e2e89010a37c5a09ef46393d,2085,662,2747
b5640648190853b3273a2e6415be98ce2a2dc59997a403d0cacee53a9aa372f2,1031,209,1240
3cdf2a062d1cd03c290ad3ab5585fb9391c0810e3e8e5d014009f9615f096d43,1267,309,1576
bd53b86f40e5959749e17713e84517249685a47772545a592799041a9eb3fe76,1446,205,1651
17c20373ec08ee2bb0d1ee490276adb80b70897a8ec58ee05801eae263e051c2,1158,523,1681
02f590951ea925ea6602daad5dc7817985f2ccdab65bda95e70b84ceff0f4137,1503,213,1716
070f4faa95bcbf316027db3a325fa94a3e85c6c986ee2db9aca84f0da9fd2fb3,2224,790,3014
7275fd8030e95e280e03246c18923b5c9fa612c760acc6a04000a679ad8ac805,1037,289,1326
176190710511056831ba9544339a2e3485a9718b1784a9c3ed06e0d4dbe8e717,1124,205,1329
1c2077e3a08a16b2597bfe417a188564eca703e9da897b64c1d8f5f8dbe88cb4,1633,321,1954
f164433ade6981f773a56d065e599dab4428f7521c8930ced591a2bb35cfc1c5,1053,206,1259
0a945c4fe6f734d5b73cd7f5bed60dcc49daf2a81213846be83ed41bcccb39bb,1704,309,2013
0b65f09e48d7885651306e0362bec09b7bc13d9a5c0b7538d8f47f0d90355d33,2211,1139,3350
cc8790e18768230e5eff7cac2fef47e54c5228626271bebf9f93371508fec86b,1245,423,1668
3f86f874f0867cd898183201be6d332fa64f4a9bffb87d46b751794f78da1200,1224,146,1370
1bf20a587dea7c754442ca2b82c0528fa80375df152ac95718881a6a56a59726,1625,643,2268
a1e3c5b0b65d2451535a6701c7421a7cb6f84c7730548bead47c4b396cd84e85,1176,593,1769
5c5c1a91ed596588866ecfa3762e1a76bf70b78a7d1a5a7c65d909af25758c4a,1085,284,1369
15b396167e030e017745484854af81b751b6e215fd1c7c1ffab8ca30f4652e81,2030,774,2804
7ced14488baef56e70e05eb7f0842ce9fff06102d7c65f4d4432ef0f45fdfde6,2256,954,3210
4373752f402a6d5805ca6856ccecef54887091ac92ce4882e45286a842fb1f26,886,200,1086
be3d201252925bac2188ef99569ea2165862b002941a2876c2c4764d95a0200c,1155,207,1362
f3e1ee475fa398263a423559be708d5c6bb4da04f9dcae2788960c59a5672534,1222,210,1432
055edb3534e571df29ea2ca4ec1d49bd2ce9d634c119ba2f262bac8fea48b469,2173,830,3003
6a38cd10df0a9746a6095c8ffd0a7850fc4da002dfa277cdca800092186f14cb,1124,205,1329
7044ad68925de747d0248deff746bae9f12e0115d17da561a9f6f779dd8adbaa,1092,318,1410
afec4550cf4c7c985ff31fc4a8a2e6432a124a9926b9a8bbccf8cfaa5f08004b,1226,209,1435
5674063b52df3ed8155797728fafd53d96dc96876af34a915054293f751501d1,1770,531,2301
17a0144da825d9260e0386c8f9324ac20b8c1f6a9d1edbf459039c778de76f7b,1016,286,1302
cbd66521bdf186d826b81d214143a3b7c7c47a634616d2e80ede1f6628f4f4d1,1108,280,1388
6154d8797279fc4602b0f7ba535064f5b1882ff1fcbb32fa8080c6f0d80c4237,1044,297,1341
3c70d7226a493b645bdcadba293a54ec6ef3dce7805e19fd852eb594785b14fb,1422,461,1883
6063829c58cb09b56fa615ccf46c8fc7659ad128e7cc6fb82712ae91e45b0fc7,951,210,1161
bc8f3eb07966830d2ca013a4f108148846d4ea11f3b20d72128a348ca1ec9c36,1385,204,1589
50d5cb7fbf3e01ca85af218b9453d5ce77ef1a2590d06bdbe48da9cf80043875,928,138,1066
7fc2f4eab6744541a40aec3df0be011e72a284c5d2b94e97d1b09a23879a9138,1490,275,1765
767c3d0c5ba2de269f5a79753fc12ae12e3e5d89cf2e3d32f8f163cc3efcb861,1440,215,1655
0711a9b3c7d9908fee0dcffd205c1983c5069dbab20ab5ef9061af97ed462d8e,1302,202,1504
e236ab47e158c97a692bfb2942e2205454082256a796dcf2bf9e8c71d1563552,1755,543,2298
20d109fe50f1f264f60f775b8cef7e83a3133bdc4abe71cef5705838b50d977e,970,290,1260
8ebbf9ab589936e34c7d324999e17a36adefc07e3c03c3dd703396fa3b66210f,1630,663,2293
37f2c32be3372257c800010ba05cf147b8b586ff0f7d2b6ab0e3d3a1498a2645,1016,284,1300
c0aa0292b6912cb2563939ad4bfac4a6695cc471526b47d8e192ebf708677a8b,1480,363,1843
6cbfdfc1eb7ac9bb4c8b2bf094925fd876d3318b95b5dde78a1742f72a638187,1621,1021,2642
36fc944f75e87562980635a826e3d999a12e8f3e251ecc2e6fcf34100b2c4c58,910,210,1120
cfefec14e5963a75b06e1bbf22db6b0d6af7eeef486e254d50022c59cb7c89f3,2126,948,3074
3a85698eda492be3d23329cea5a8421686ea29a37d20f45c7cd9a0a1a45a0a54,1100,458,1558
12cdf60d1ba98dff04d9654b62f8f461575d74c276ae79fb469d60e4a394c0a9,1310,214,1524
0de4ccba5e157b4475043bf62c4b421980bb9cedc89cf0e5d9c7843708669108,1080,215,1295
59dab5f071e35120baff829bbd50a63ece83d452f7f5ff8d661f77ec4a6c94ed,1789,547,2336
6b099ca46e3d13d1d054e2ae1552d76e574ba5fc3ba0284640c5fefbdee9bbbe,1124,206,1330
6207ba7aaa3a93a8c0f454facf1eb9a097ea0c861a4e81b0d56685454d854857,1689,311,2000
81c0c3451ca6f4448b9604a2bc012cdf92b1658d90b5dff4427dda46887b9c9c,1161,218,1379
423b5e44dd5f5b4ffa2300be0a5e4182b27f9be0cc8f07afd7a6b7787d5f1601,1260,212,1472
b6bce55419e1f1dd69e43d6950dca0a578ff73fe3c5d223b22a43f27fa903356,1882,551,2433
87c32602971aefeea9bacb2eebac5e323029376d2b6276b8dd0398f180d5f796,1549,428,1977
18f09acb3ac4b44754493c4ac9c1bcbdc9a3c39df43ed039d6e8d857753b869c,1063,215,1278
f7844411621fa0441e322cd99c97e322786be14b76f69b7dd504b20c0c54cbe2,1779,1100,2879
e6d2028efd92deb97c19e01f7ab8ae1e344d11bc4c95d4cd6b546f6dd4bdd59a,2016,319,2335
cd860c4f4ab0d72dad64cadfcda5b3467dd1f8a36459c0c0fdf694de4ac00f3c,1561,523,2084
3cab62a5dec191774a717e201c5f7de882c98445aa0fc690b4feca8815d32bc4,1150,366,1516
c9572b5d5f82df3fa1b9202b0dd35b385778f850a22f9991e87df50bb56f45e0,973,216,1189
826041b63361ff27186b7dca392a4ab5ec79a7dd6a65c12dc297de8e10ab552d,1531,211,1742
0e3f1afb4d55dd258440b1efbee3729bd0cfb3800e88ada2bda0a2d597c94f89,2271,1043,3314
cd554c0fe53acee75be83a56e0f5acf4e22d76acd9b3f8a25aa0b0183215c48f,2424,893,3317
451058d6c4cffd05803d20950429f9d670a8e5b25bb999a54b2605578fbd3129,1724,318,2042
eb5e8c9a12d1b3ffc2b8ec7e941fc25ded8b86b18276385268ccfca91b959361,1554,296,1850
72bd83db1700c3402355651e646250a0fbeab5a70691e2b5b1efc62804ad2a72,1312,282,1594
85601e0b0aaf71b69622a6710de7da8a0970cf646d81218d8b20cc3505185a16,1059,205,1264
1f2bbb6cf10ca1937c0026ecda7044503dac5e4e776a22b24eaa941825ef71da,1704,427,2131
1c671536786a52f67a3f7b197e1941b38a3c024ed22b42dfdfab7910557233a3,1165,211,1376
75ff50a686eb4d1c895f95bb35a9b7f998eb8148e820fabc3b239e9a53a25589,1949,338,2287
a4dcc0b39b7036f1fdc0228eb23f62949893a1ec27e8931a9ce34fa3e4711b20,1009,365,1374
680dba29c5ac4e5a930cf24ea107bf0a7012de0cf1ed1709569dbf5ed9922874,963,285,1248
9ed1fe92ce54965759ef372d71a0065a07a28e726654f2e81de043e7744cefe0,1026,209,1235
53b04f56d336a7c3dedc18640de2fc91598490db880b758604aa32fb4f35ff76,946,139,1085
93ef875fc848189fa853d10d5e875d6be901b43bce3f46ef4e311b40d28783c5,1124,205,1329
410f3e262a2f1715b603ae40fe89ea28c7185e57c35539462ec6cbe572409878,1702,660,2362
b902bf45fdcd318bb72318c5eb7d389199c1162782fc42ffc31b95aa920dcf2c,2088,471,2559
f0a680ca26ac29d3cdabc6236cf1863ade0ed03d9dcdd5b7b1e96d72bb7fbc1a,2233,1469,3702
749f95f7e64f1b043ce77ef2d17a3a1790b2dd58532859d3618f10a5444f87aa,2214,556,2770
76a44641ec24b25c4d4d5dafc6e14d719b9f352ecb6411256662fd126fe2b349,1835,540,2375
074d489fd89c394610ae5543f7a5b28f0eb3d6bcf4e24efae7708d0e66388a67,1022,211,1233
ba873eade73e703dd57e8cdb2be9bfe6284ab9f44641c77ba1491b42005752ee,973,282,1255
a1d5756c0a3c6d4479e9cc10066bd9ce72dce8984eafad1fa24ac847b6159d5d,2359,319,2678
ce93c929d50434155ff0e15f4eb907e61e3722137eebcca8d84af7ab3cba26d8,1052,204,1256
b9a827b50457803e38d7072be2066bd0e3badabb77a06d088e943373e1aa91f7,1667,252,1919
422d7df85b0668af1819fc6c77d1e67525c4261e21e277df48a200202e6ad1e2,1207,286,1493
5df51cf65f2ee8ed7637d7a12c802eea358d36a147745db0500f7d9f3bc2b2a5,2000,1920,3920
815bbefd0bbb799ed56afe08155ad127e177721442474d09c026044b5d132d5c,2166,312,2478
469c33d1f886547f148054df0bfbb4676e98ced27b58291ac62d9e0bb84762f6,1753,670,2423
af25297ceb770495a165f5c6db8abcaf10e0e9e58e0ad25d85db47a8ffea419a,1034,212,1246
7bb6025bc482e80e79f8895d562d15706d674a5f656763bb5701d7bb0de313f9,1437,558,1995
2de9a37c172480076394dc529e8a82b1caadf50a8db7d49092e2d1bef393fb73,1421,627,2048
e88dc849c5f2a776e694cf31fc2570ddf23e918daa77c03ebab0ff0366dca92b,918,213,1131
0cf8ef83eac36313c388f98e2f1434858cb68a9e72a2ed8874cc24d573b06632,1124,205,1329
84f984c919250ed1cf96cc832fd30ff65b951e27dd21f322ba81d72e093abcbe,1237,282,1519
7792d38f4c4e7ab60eac22fd50d0963b40d914fc8d0595aba745ccbd8e584b32,2249,749,2998
a83b03784c16b4f64b2493622d972ea434d8aa794837776577f36ad64cae6324,1358,339,1697
94054b432dcea5bfffbdf60cd586210d572c7e5989d206fdbb654bbe222872fd,1118,202,1320
ac58ed68b41f2885382634398c639b1e06153f3aaca7da1705543484a1f8070c,1126,214,1340
df4ea3c6b2e35b37ed8d8fd6360de5e74e760633fd63d09b1d7aa9e26827600b,1184,260,1444
19715b2158f10ab8b8cfcccf0dcbbc9374d8eeef6cfc29f9ef8a87eac19d2cce,1320,211,1531
aea8f25e08ec12922fb270f143511e4ba8c5cb1f4dfe219b189bcf5d9eb72373,1599,301,1900
23d231b8c1c68251c61ec025755c5b230beccca50339db855bd3b3cd9a510198,987,279,1266
4abc1c89f6c626786e0f8ca6e5b0ccb74343f611ec87348a5abf8bf8efe03469,1781,425,2206
9f1db576280f47fde13bdd550104f6aec2f7f458ab4f1a938bf1b7366309800a,1124,205,1329
b20460663e899b438d07fc189333b750f96b30277b1bbb34effd6e0915eb096d,1162,317,1479
24b41306f23be919e9214f452a8fda18a5f567eda0a8f7fe5f9c26a89ce8b5ec,1062,205,1267
f85a66a221bdc51c424c2a4e383b3a436d8cdb41ecd27702c927e67a26b82867,1115,438,1553
f1f1081e300f81dcbc682c2ad641ad72af2e17a3ed71b38d80cc8ca482951876,955,202,1157
769ab18960be5a9e73a360b54e203b894ef95388fff0900f9342c94fafb65014,1878,1128,3006
9c28afcfff98b062f89f3b1f2ac4d6d27505b80cfb1ed2d0f660f552ce0cde18,1264,211,1475
c10b12067119ac2a46b9813bba35491d26a1ec210a83169d2e955f9ec80d75ba,1245,249,1494
6086ffa740a282f200681e8541043fe3778416ca10b95140ed9d7f72cc1e5a94,1081,298,1379
fd3bcf024e81a974fab63ff59eb8995a46c2ab3e48c696fc617150e307ca61d2,1122,215,1337
eb366aeed49c59b5475075dcc245fac940911bf8134a56df6eab41111fe3b573,937,212,1149
d2b33bb80a8cecdbb4e7750ec38943130f76a2a8b398c4bceb73b01344c1d1f7,1013,209,1222
f27b4cc8c9a442bd98834c5dda90602a8b81c36abe224e05caf26af577957842,910,133,1043
15b9ae0f224cd07754a3ebc9865c0dce6678506ae14f082d9f209750f4bba627,1823,423,2246
9fe26049ae908f17abb224c4587107f111df56ba0e0ba1745d065add8b32438b,1808,603,2411
53fccffbc4a6faa0069f14f2d5aca148315cae596fcad884f4c7acfe8718e735,1837,686,2523
5acf136907b013d02b0c7ed69e53d70cbd205b479e1487965ca702dd18cea0d3,1015,203,1218
46dc9b441300144731d9d8a7a10dc2228785e22d49a8a4105f8f253de4fc40b5,1104,204,1308
0a9e8250cc95abdb24ea67aff9cc98a4ef0818c97fc82fc664886a5792eba095,1221,315,1536
1b3dfe5d515fa28a86b784c9b331c4684082057c02e75ffc11019a199e4aafef,1634,444,2078
eade925934e6b32b2f12df79931e730cbbbb0a79063cedd74c82fe7be67f58f0,1563,202,1765
49e36bf6d485b39b10347f9bd6a8f43b2cf8520f8f377ebe072755e8a7094adf,2333,1282,3615
79cf09033cb078368073e16fa752e113cb371f00a9ee893164692d3442e414be,2233,1455,3688
8f49a7d5691ac3dfaf124a0565134dc85e5d01dda3bd020b5ab7ac2f8b242204,1085,205,1290
3adda61294c6b16042b02d7c89add69587e3d1ea366066628ab917b58515b6e0,980,200,1180
2171f22e7a158a0003c736029e2dae4b7b7e1fe56f38d8f2ccfc323f212a24f2,1099,558,1657
0a53ce5bdbf4801e86de91137a753659bc1a5478ac441530a411c6cddf5abe15,2025,322,2347
3a8c2d30e35086c93ad0836824cde7b3379001e2271041aa7718f6bcf5ab4ef8,1801,555,2356
4abf8d79fb07bf3d148a67450fbf4b456b4ca8bf7dd8f14b8ed76772f8fb1298,1001,282,1283
9a2dc18eadfda788e1a7b0789e56d18d7428c60e796c4f403e6af793804b7c1e,1124,206,1330
fdbe05f26e0d43112e93a255a313b9962d85179871b798cc14133ac8ec9897a8,995,211,1206
1ae9e4d2160ed937dbee6c6fd997936f56dd477fda5866c6ed9a1418ac701972,874,203,1077
84c962ee6c11e245fc8f7c142cec10166443e9f5e3324429cf1e911e4ade43ff,966,211,1177
dd6a94f9f809b2bed6fa3e4aad153b4d0e64dfb17473b038777ac3b4b9780277,1116,210,1326
299cb80aa32c518c61472335488f9d8010ea03996dd64212e3976a57e69eaf5e,1040,218,1258
6b8a0bb273b7ff27af6da3fa0f4605740165510231604474de6e50b12141b279,1801,660,2461
0202f09557eda0e9f28b056a681685e519fbbebf869da5af5dc2ec061fe0de88,965,1671,2636
01bbd315cb413cbe6acb80791565fec6baeda2849226ac45d30c086d539ec6e1,1160,537,1697
cf91eae39cf8f0bd60b4f2e711aa5ec4d8dfd6d4b18908511c7c0fc64316b506,1230,319,1549
9876b51eb3f08a3e952f8aac998cabd69d6a18c0e7b7ab9ab3c47f9c618532cf,1392,459,1851
cf50a04c800455c41e282278a5e74aeb3ebf5a5aa1bb9f5125f30a7c490096c3,908,215,1123
6f512da6353f8e612482acc68edf0dd646eec91e72c8671f9cc0595bf39e2a17,2046,348,2394
8341af8ca0039eff7606affddc7439835072d1c3103b136e7f01fb09a1608e1c,1972,549,2521
eb5db1781bfd1e5014325a0bc91d5b472f9559e6262eb5682c9e6fa9f955f603,896,204,1100
09807891a774e773db0ec69fd4ac8fe914e816c9d45bc356230204656d3124e0,1339,406,1745
8a1c246e1ea3ca7ba3aba88271e5b56d004e929849b57d766c61e30377958f20,1244,204,1448
401e9eff15a51cfe01ae4a218bb7f3f16435f6778c242d50d2cffc9cb64b7179,1489,282,1771
56752ddc2560a15ee1f67d88806e8d15b9d11c710c0f78bf9cf46445560fbce5,1091,215,1306
ef2d0594acd1a9627a651c05703fa711e8044e9e7816de0c2ec55c42969bb9a3,1078,219,1297
28930c4283f46123353e06f9beb7ebed736df65f09d93b30f315ab69bd0278be,1124,205,1329
0d6d6df9fb7d82993299fa71c05aab6ab2058921606aa842f1f3f8963eafd811,1027,215,1242
82a12f00fc60c4e06cea25b3448c57e005284373b411989f91de1e2b5177221d,1058,217,1275
ef8f50aad1842dd1c783e91fbf41822256cef11392e5f9d9a51a668d2169c216,1259,304,1563
0d2d176e84d1c68b95e76dff889f5a6b2e18fd27ccc6c413c0f600e962e45479,1443,360,1803
5feb8ff09c67feb78c371c039e30942b61d1f207f75d7b9b77284c13245250b5,1495,337,1832
a97fd88fe43fa918c10a1668350590465d3eaef5e61af793f02e83104eff3524,1206,387,1593
41a852868dee53006b39492ec94542c47f286ef3e703e67a62716eef8555553d,1247,205,1452
79fa6e3da99a396f1770b9d3e3ba29030666ba75583e7a947e8ba21512aca304,1097,204,1301
d6614b8b9a95c714d662935c47f2c5398e45098488bebf7892acdb5bd54c0ec3,1137,213,1350
3e7102c209c703ce41537688336d3090b30d6c5b2c54f69a012d51fbe02d8850,1096,367,1463
cda65a9c912ee50bf577e423f8387c178084f341ccc35a0e3f2d76666a6e0517,1529,217,1746
32064fb53f8825f0a6e7a719d4298455c896a477ffb3417293a2ea4927067a33,2247,321,2568
c11b8020e5cbc4b150e5e4be5d53680c41827e872d5983110919bbfe58214e50,1233,299,1532
b97b8b0c3e6193348fed62f0962e98c13347bd11cc36eb544578f602cbc6820a,2329,428,2757
4673ab1f1addd7bac5887f12baeae5df7ca4d00056efeedaacc933a5619c549c,1253,210,1463
4dd4cde50ba274dd225578b1f9cc868a9abce55118a1c99090abc172fad3a91a,1322,361,1683
2a56fb9d6c87faeff36f9c011b1054fdb5a4e1a4ff7c4b29ebf612f789b7d0b2,1614,215,1829
35539b5395f6a8be27b42710da2d30d0b9df978682b5c4f62947eeb21b27559b,1631,322,1953
30ac1580c7db55653a0a140f42b9ec18f478e6ede6be63cabc3ce0afe9a8b3e8,1203,1274,2477
468c350b4fda2362857846258f84bc62b317e2bd59cfd77d2bb08ef3d43d9fb1,1081,516,1597
0a9977dee50bed6f0e50cba641b0671c3623fa3fe476d0de2be182f57d7a3c70,1327,536,1863
dfe9c98fb1e1d2b530c9a7ec9f601233411ee17cd439530808b9ac5aa6b37d76,1219,215,1434
5afafaeefa76c823050393c4e93d35a642b90998d362652ebaf6207462a254a6,2223,1390,3613
ab84e6142f50b35ebc64dd1894952ef1738f538633f0d0278f2081ff36245aa0,2088,647,2735
499aa6b1a00f7acb572653a8fcb4c064957560b2c3f7a68a0aa82215a227b675,1285,531,1816
1f718b182c01a86493bc4c009385995ced4a8fa8838f089e0ccb0b0e06a7cc77,1771,653,2424
e96d88a7ecf55b7d6b38af49cfc208e56f13574d52ab67b1daa17daa737d620d,1673,773,2446
898d272eb8704d8797f450da4e0c8fb7f18abc0e9227636d73d8892cdaaeb213,2194,872,3066
56324a01ca7418d6e82eec192fb93774b6a152d4ffe59e5ed5a55b64ae223866,1768,1128,2896
9a727b9c03f88fef550113a55519a73b8eb925c61ba7f313338ff931b137e4e7,1893,553,2446
