id,prompt_tokens,completion_tokens,total_tokens
d1509e4cf3b8b3c7c5563c3fea3e39b7a43f7476f538e67d38562682b4050917,904,202,1106
435311a59570a812526f1946b55a2bf5daf63461d7ff594254e1794b9450f439,956,215,1171
04e790fb812fb8e3b1d573cb624c1c0e158c56227aba67f9a2ed50bea78335da,1069,206,1275
f572dd5043dba8d1b97047adfc14d8037aff631911068ec7b85c9b60d5a9daca,1010,213,1223
96c02178106d7ff7b3497cdc148ac0611abc237b530f8ecf09a3a12d1f7a2801,1124,205,1329
1f669dc5f6adcc4e6f9c4812c7dc40747f1fd3295efa60700ac34b96d99d8562,885,202,1087
16bef5556e1beae88838103a9e08c18e5d53d3894259c7b746bdfcb12f71bf8c,1087,212,1299
774ef2ad000d0084453e791f4d26b261a9c29145a1da6937af32cfe18b868736,1035,366,1401
f643ca2d3216a2a5e5823aa0a9e4406869ccacd77780a5a8c5bbeccba47d5d76,2317,498,2815
3e219ebe58f4497aafadf288e300de1252a8acf937a90feeaa0791fe46c10b66,1073,213,1286
950807d50292da276ea00b045aa008fc03c13f1f8320561d93609bfc3869863e,1292,295,1587
ad5fcf6d23f918a0036b01d06eae7b169e2764ffdddfc9e2053fe4984f528d05,1155,307,1462
acf3b78a53c161eb8b8ba177644e8344de62f16ccdd038e6953e703c6f2269f1,1124,205,1329
6905fb0dbaf9c2412a50f3fad6ebc684f498b5fe25d28a762a7fe2cbd3d602bd,1291,344,1635
9507b1fd38510b1933f2cb464472031177fedaae7bafbfe2a7507b2272f9ceb9,1292,313,1605
1d42d3b44497250f50d332e43f166297a16491e10401250f6c00320bba4bdba6,930,211,1141
b9eb633ef7fa8aaf99aa73a603208d0a91a2957b95aea20dad62f7c2195f2353,1434,407,1841
5fd00a147daa2b55138b305bb8ac247849e8766607d432fa864631628f742196,1074,283,1357
60723a177f63fcaa225b200741840e044430154860f33c8419fc403493a846eb,972,215,1187
4cad5593f63ccbd7930ae9f1c3e7c6bbf0cbc7fb09e47c436d54d2b6a3b66ba5,1086,312,1398
d806232362d2c16e4bcd8b79242acf2abdf1cb38512a0bdd437f8b2ed9ca042c,960,219,1179
060954c3c4e49f3dc23cd354ab945d2da12625c88ebae29c767e975e2830a452,1032,201,1233
ce039d6cb1799f18ebbcfcff49feb54ad2b4d271ffc8c0ceeb8bcb7660852476,1095,526,1621
d3a08849567c3ef2f58819e89e7a13737cc604ac793fb53021cb0487ac989ba4,1289,364,1653
00a0e5179318e21ef6170fc93c3e94be87ff4a40d58d3c3eb230ed1e5f2eec1a,983,211,1194
d85f0fd31b8edc98be2d7338e2b20dbf18178fa9ea0549defd540153d34770dc,1452,201,1653
f50ee45f21761ae22519622d4191c7fe9d681a29a35fb3077928949da5d930d0,1368,337,1705
dc8c5c27265847510f997a6c8d999253a02b536dd0a5a8ab64e2a8d8ae289184,1360,202,1562
8c9f3356a4ca4fc3746725f0842ce9bf675f1b0942a7fcf6f729a5e85b05dce8,2454,542,2996
679b42f1fc00fc0e091b1855841b8dea40c7ac2b81b5ad13f4c63f1ab5713bf5,1146,310,1456
09f882d9afa4128e998b821b2ef8d3fe10828bdd65ab8e0ad39d3421a0b1a64a,1104,293,1397
18e06abe964a008e2ec3a54f06fc2a1877efa9bfd5559f1a4135b21cca4b4cc5,985,203,1188
5362ed9377af6f8d2a8428c5edb2633136e104e1f4bc727031ed36cf7f34599e,1258,205,1463
428d16206cf32b747ad5ba627b4fe723ba832efd8dba7108694e80e37daaf26c,1112,306,1418
97fd60d4d78d364f1cb122bb251cb04588f475ab0244756f41557931db22d790,1632,574,2206
d4dbae852c8dff02a31212ec2e0158b1b32b8d27814518f05cb26cfe2451e38c,2281,684,2965
0b3aab9faafaad1d103b85e601af4f09ac22953150e80f1d57caeee676d63594,1998,655,2653
4c4bac1072df262381fb7af84d8bdb0ae589c98d3ec9d11429c077fe8d12509d,1107,216,1323
6f8d5b18e231cc8621f7310daaec926fb1b7ed90500848e87b71ea479555a5d4,1272,285,1557
211252df0b7647caa04c9a78b738be7056e6f973c810b3bd8e8ddb1bd8cd0386,1301,301,1602
5bad9d3509acaa0e5bc1b9f2e6d06a8ce8162fd1b7fdad670115d259151d5cd8,1001,204,1205
d13bcbcac35ee65df024da11d0c31954ad859845175cf9c8ecb127b93c104c60,1123,292,1415
d269736c6a768780cf2c17109a583ceb56bf07276dea8f4dbb4488ce2bc53c1a,2045,333,2378
f03b1e9ef85be7466ffbc0681f181773e8af67cbaac7342eaf5caf4ce3a134e3,1368,296,1664
789956706a0edb15a513937d1d6e42c9dd8aa68b0b697d7c9f1defdd3c6e0dc3,1041,217,1258
5d266a7c80f524fe5491ffedb081fe20894be8794978c1f20c3126aec2d036da,1124,205,1329
a354ef70b0fb109fa7c2dbd197e511a613df9957bf262adef83bd696572ac3aa,2124,323,2447
48ffb6a6f032faef0889bcdd11b2f8ff94d5c221aead36e21398fe698a7b5aa9,1322,212,1534
115b724461e03ab7ef992379b7c3f4be0430d59ea4bf95420b95235afcbc29e7,1134,204,1338
9d66555963e25c59a5a8a36792265fb5b7a48dd4595ba98698b2f9761463c5c5,1084,293,1377
ddbb5dcb41f4e673d2d656e6d14db53954beefa064e257cc7aca0192d05aead7,1047,204,1251
49b87f3497e2fb31bbc285fb7c50d84c7338306d2a80cbffb40e77c52ba99ab0,1325,445,1770
10d0dc55da61016ad9f3d09e0f5dce82e93cce8627816360bfeec5a18e1bdf1c,1270,613,1883
bc879f60f2187ac801c37800edb5eb956cc693de4f9f9713e61147a55b74ba07,1312,206,1518
b7b53bce088d4d5430383f7294e3e8c383142088f42492c3cdc379dfb1f66f6b,1300,223,1523
090a2fa637421390f3c7c4840b8528ad78f96e8fdd5583e7c2338e09df936bd8,1236,212,1448
4a561be20994745cdfc1921609abd1e134806954944c6e9fc4de0d98366bbc69,2220,1275,3495
196d6958f37b3c8ed9e33d46558e3e2797d93c142de390b304a01aedd0295c65,2046,438,2484
7afab16b01310bbf2ef822d559a697374f8342a25c43424cd41b1c079f92c340,1439,638,2077
9ef637daceebf315a3b4d4e081ab491ccf4eb89edd6c002442fe52fd9972d600,2106,1030,3136
81c9ab4e85c717b655923394f3179177c217757e35292ba737fa5837abe24b79,990,511,1501
8752d6ea34645208c51135cff94444a52aeab594dd912be9a52013394ac87a0e,921,224,1145
6491c32766b6bef5d390f59d89a073ec5bd27ec561d1ddd11309d1daa985f02a,2228,309,2537
080347e75b454c07d93323af1ccb2c2737fc4fde95a4e5e3973394c25ccc9990,1585,449,2034
98adbdc28032e9395745dc3a39b356ca720dea8d813538a13b4a462ec96266a7,1202,289,1491
de1fcd3ea04b06fa6936e2d4aec39f05e26dafde303e8b481ccd2ce3db7d8e40,1996,1145,3141
b2547055c21bac56240bbc12005304866d17d185a2da7c5e62300711b62245d3,1061,213,1274
746d30c541eeabade899125fd39c92b16b9f3c3011d8d8892d812d75e9f0bfa4,1238,308,1546
4068352834546c77223f6622cee027da4584dc34df3792965218e8dc3bf983f1,1322,250,1572
8aa4f8f712744569027be8cfe898a6055337a4b27f7b4bee222d81ed0d647716,947,200,1147
fef210e6c76b851688981593abeb0f07f7e30e3a809bb61e02d7ea049a33f6fa,1380,209,1589
4625c37a1be744bf0ede41a93d5aff801c33ef153152e42322b41e79d0b0f2a7,1440,202,1642
61d0a2bf00e1b3c3274c5df44f1e299325828ed504a75fcb869e1c75241014b8,1312,215,1527
e9e503fcc01704d98829ba429f0ad59da1325ab4d56b6ce39dd3e7607b2dc975,2217,860,3077
3a2e7f8e09f3e4a99ca25f8faf826a1e9978f9da70278f502bcb75a49b1ada81,1259,283,1542
f7c4a3a339f97b308ff84ed9a3f8aac4fc1c12e15f2cf57c94bba8b2353ea663,1892,425,2317
16c7974002e63ad39c8b6af7b9e80683273fda661a15722d636f380ca3041cd1,1347,679,2026
fd4079e83bc41b6bcc95e21472b4231ad22894b2e1d5f1c93b8838cd0ee68be2,1319,284,1603
cbeea0ae1c9cced1728035fca59df586e796be61187ddd9000a4f0e069491247,1524,212,1736
d52734fd31f25ac28f076b39d6af1b7d413039ee5eb549d6f375a6e050d2b134,1167,214,1381
2f00c46f96f7412d826b9c0d3251a124202af3f86dae02d15bfc9fede330cf0e,1221,326,1547
ea6eb9091a7bbb1cad5e779d0e9e20bf179d32c59548f91bfca34da92265361a,1937,1494,3431
8f0d6102e9d64488776221e59dd29f0cc569788430909677723516ba2a247146,1846,314,2160
04e69a8db81b0cf2706bac761419a41031d1bac011ff539519728498a34b6f3b,1325,206,1531
e8cb374c4028bc25eff4b5379575af8c814ac2518f7046d193e2e902feddcf60,1124,205,1329
2ad2186784741d1932a9470884811fc27c4f7b13c9a2c7469c1b42874e59d3e0,954,214,1168
753e56ed9b8db0154231bee256ec7e44a4a9d03f4954a042fa3751256e295608,1321,297,1618
6bfeee3cd3532260ead3ecea39b07ebe7799f52abef547378f4e2b20c912d692,2211,772,2983
246d91b1d42ec16fc5a480237c51ad5af61cc2eb685fbab4ade90a598825b029,1259,340,1599
1bbe939ef9525778074a0e5655919bc85d8e7b27a5c1d1c0a6b733ebc506700d,1367,208,1575
e7a86cf711cde51e5808d284de1f07d46dffd6d4102e7d2866de3e0c6e5cb018,888,209,1097
9ddbd5522344dfe023c243b7e946a40c4b4ae5d28ad68b7ce6def3916279c09b,992,290,1282
ff8d3e799da7f3e29202f250497c7dbe1299f65a9a8ca7fdf15e2167204e0848,1171,210,1381
6c8865c76115f9405816aabed09299668f4d393700f0da8a8f985d52416fdb56,1206,292,1498
78ef553815d419020e94da624c7dccbccc031f41690ab79632c5b26774533d22,1153,526,1679
aeea9c4e5bdd86044187e7c03ceb9d4fba20d7fa6de417501ba6382936058e61,966,215,1181
154381d33baf2e32842ce3605c35cd43a6bb45548d0b591d0ffecd9ac1500a81,2337,442,2779
c7173f597f32b1539da4db0f497552115b6128fc188d99ac53f85f2f0a465288,1105,210,1315
b6b88d009f2cea06142ea3a3c61269676bfd6b3e83d8624e2635386de5de65c8,967,215,1182
e533dd6eb95d0a4e817894f580d5eff089bee4bb9160a0146a7cfbbee7f8708d,1506,378,1884
2e8d0500a46ce8b8bd137c9434bd369841eeb361a5217ea62f361078bbc5ba9e,1347,312,1659
0bcd9ebf9e51bf671d69caf3f1d2921eee9fe59a140ccf957f4097d92ac560ae,976,215,1191
9863baa6e0c35bc0e2e6445c298b885a8b95ccc2003b68ca2070c05fc299955c,1045,213,1258
336291b3aafad1bda90b6f637c308b5ea1a4fed834a165cd3867684dc61babdf,1006,213,1219
f16cde93398c98ea8adae4f68cbefad5eeb0a91a4393b610962f88010cbc314e,1793,323,2116
5898393eb3ebf637010eb1ddbde77cd4afaed9e543396b7996810f1d862d2bf6,1901,321,2222
6d5ca486dcbe4082f098cd5b88273ea7e0f78a80a578b7e67a2194ee3d4e336e,969,277,1246
2258842a481d8383245c5f2ce4291498e7effef0e3fdba4e6c431568b8b90b0d,1553,450,2003
c01c6eef9b9794a0c684aac0ca9c6fde717385c08c91648ce67ffb007b301115,1466,527,1993
f273068c2b345f23bdd8f234bec6d9eb4b2cf2f4ca5e7f9f19298c63424d76d0,958,215,1173
d48856e7ef2f7bb54552ee1ae5e839e8821096fe5079d4bb4e507ba9206ec62a,1316,367,1683
eb1f547ebd77ebe346e57561b5a25458c64a6f0a321cee0ee730f51e97b0ba0d,1124,205,1329
538c2f0fd397ccc140d2de2a36ed0ed9c9a8f3dbb09d35775d08691b0f32333d,1046,286,1332
d758eaa8356431ea9eac79fe06d945fd1a38580457249f3e93b680d0e110b2cc,2257,898,3155
01fad19091aa5aba77e0a438ef974db0ab065d66f69d21573e763d7fa549b6ee,1164,454,1618
852d6ab58ab3628379cb9e7b9ad47f5c3bda64fef9d600f53f672c2c6cd28f44,1319,218,1537
c40ee31ea9bb0902e89e0d311a7e8da5d307ce5fad1cfbe567f4ab7f3999e629,1290,366,1656
319d3cce848fa1682eb3fcf0cd064c27b0298ddd9f2d10e9162670509796e037,1170,210,1380
6988ef748f79c76ca586f9aa9754b7cedf6ecdf7ccc03345d5cd01ccf66fee92,1073,248,1321
1107bb8238d5c69c5acc0497d79b84ff2260292cda6e59c7475d8c3d3c49b2a5,957,305,1262
5bb2869602898fb690fff10d9e85e5ccb90e034f77c30613b877b0a981bf30a6,1282,211,1493
c5cbf8f8c0cad9446c97bcc50f2926db0e537b44b9137c2e78b5eaf37d17899e,1632,311,1943
e8b2bcbc88aabd3f4d1341b790c024fb8179acfeb9b0fd24fd5981c7c9a9414d,1124,208,1332
fbc4cae53feb3e7883874bc9cd07ea268667a38a77a55078e70b05e17ea822e6,2351,1050,3401
c638d19eb3124dfdc395205d44a5a9a1a1280815222beb44ce78dc5a7228bf9a,1211,243,1454
c34333303a3fdae308b62ed75ab83384e00820d7485da1b7fe36b66b81029f10,2207,1154,3361
2133f68919e405e6500e2a807fc234f15f8c8b40d4f403c003a53a50b4088021,1507,525,2032
1bcc65075662e51c4dbdfe0c0f875bd1b03ff8e9cda20623de2e77072e9b704c,1001,211,1212
3f38ba7dde7d3d03ac3628baaeff3939b1d1e3142da4a1ce6a7e86aad64ccea3,1313,136,1449
e09d90f7cff0898002ded1943865892aebd922dc1df6f537f59f1ca6228179a2,2298,557,2855
a7b2509f11d719efac2645c8af949db170f19aef97e4e5a5bb4e0f3b9194808c,1339,208,1547
c8871a39d0436e0e1d835b38f0af1db74d054f032624547c676a0ac0f42da952,970,435,1405
7d201b92319608ff0e1e5136eeb14fadd90054be4ed1d647cca74ec0212b07ff,2239,1131,3370
fc50da55769a065d770ddda2ca98e6f914a140449acd04a619a35943f58ab1e6,1134,288,1422
b1d0cccbccc0f94dd0d6cbbff7973e77981d6638a825c60561aee5c1d3243f3b,1627,328,1955
bae9244250e961ee8a677458ba7e4f7d3ee80eef12184059391848107b2f24e8,1551,456,2007
0eddc72b4f19e36ab5a30c8369dc22f4fa8d772c327f28be1811894422b81821,1183,211,1394
09dc39c4e80f1ee8924648721af7003ace4e27776a59549fa4782ece975a16b8,1184,205,1389
68fa089e358c2cbbcda9f132d6085b8ddbf24601509808be74bede8d6358444d,2164,358,2522
3b4f8d57ce8f3b091ea20f65305beed7bebaf162680e3d1092a2756fa48592a3,1123,225,1348
d745289d6ad5f3bbf268ed76c7b3192d12f53add015f078b08d145b7234263d8,2058,1043,3101
34d022ea9c758132e87f20d7edc879e555cec9a42b7b46710d7b4704756d97bd,2213,1468,3681
70b9b4c0b364f8211c949a1f149141210be47a0c69021abf0e728952a7a5cd49,1064,209,1273
319740f735272e574008fc820d70e1e721437c43f1cf428eaefc55efe20526b0,1021,293,1314
5aa584bdb46ca5e5970de6e397b0ff45ae5b3f874f9b06caedb0340bdd38e48b,1388,205,1593
bffb0a9a16d988e3c2aa0fde9bce9fc271a2bfea63c961ba7a0cfae545f4165d,954,284,1238
ed2c45d2b044f1999e04f74d9a7f91e5e50d73cdaa95690af2d53d9e48274b8b,1290,248,1538
7450b340d06b99459eb817bf3e68cc04c8724f44c7c67e84ca68685b5789e77b,1392,293,1685
f6346019f6b01db1605836b9a282cdd10c056c0cd8bd26f783bdedc8ee94c5c6,1160,209,1369
254aa62716048e7e9ba1e8b3ee4656c9b2d83f75ccaef74336c60c2978e6ada4,933,210,1143
f2477a24aea0a7e7e8c181b7baa0b5b683e2b6c90040e6b0af582b47f4a0a030,1042,206,1248
9234adff1a7f5cbc5f316993755092031ebee5656a755c7cf3157ca8aec48bdb,1259,218,1477
6e4d7e1847812c9e72c8f861a16189d3d97599f3f6f1fa7e9077963d5a17e2da,988,208,1196
4e694f6f105a90aeadc4378a4f86f0a81e07b917925539ff57ae974b64271c6a,1117,359,1476
9d889562beaa6b1bc9ab78f550736a8c605800a9792bff97e27ffa163b8cdbc1,1887,313,2200
a2481b929526324bab3ab0743c55b23aced1c1073bf78cf2dd61ab7f50c3f052,1124,206,1330
4be9c5df4e7812d088de6226d2faaa45bd50999e165e8e23e87316d334f46d38,1018,296,1314
91dba4c76a0ecb444e38ccfb972e01615aeaf70e203308206b68ff939c542a50,1273,137,1410
5748b87e1be75ad7cc106c1982667fc1cc9e471aff1e9e8ff09bb2f97cf7f736,923,283,1206
252b6f6068ae65c7068d1c80ca2980d333d7bed7173268b4dd7a781e454d9c25,1012,214,1226
c5599a288566b0e336343bcb6aabfa8896326a8567b7e488d8809bf4e13bb25e,1241,214,1455
7418323b60f0584e8e50cdaedf7d00e55dcdb624b6f1b39ccd6f4f9f047d2a04,2176,919,3095
8b0bef913821c93be6678c3460841a300d39ab37f0005bbedc5f50139364b7b9,1002,293,1295
b8380d22b16cf3d457bd5856e0dae564f4738881d1ab243cd6252f66547d93e2,2211,795,3006
ebf9e2f2149826f8d5f6c3d3c4a6193034b4c61b4c42bc62e6aaec35cc97e13a,1373,228,1601
c947d0c63572bb5244d015e3146dd27b02e2ef7839a51d3ae6ecbb75a0887522,1380,209,1589
e692cc53a2a98268a61266cbed5f20a00b792244e0aadcc2258bc62eb00ef1ea,1166,305,1471
f0b3099a4c5dc239f9d7e6ec2af452ee1a973af943df599ed87e8be76028efa4,1191,217,1408
76d89a2dd91949c03130357be797af6528a3b73933997ff6987e7e8a4f061bca,1248,215,1463
dfc9a65a5215f3ac5af3d4d9d92ba23acfb2a4ef042e0f269741b644ed3ddf68,1026,294,1320
19af5aab11d72d809fa43cae30ac315eebebd18ff04b4e35e74aa759cf2048ef,2163,1405,3568
fd094c64e0b7a7bb53a66440038c3c1b51e6f7f1f2b3a5304336748cfa401826,1437,674,2111
a7f499810ee6e6aa2042ddabfefb37441812c8732ad5fedb3bf881360b610427,1469,449,1918
d1e29e3f3dba50aac67ecb0ef7f7f8c1ad1c808cad76d6780ca0d1efd42df04f,1062,209,1271
db7328693c3ec78589b74b3f9b22bfcaad877b9bcc5087227f83aa0628740804,1130,218,1348
1942af333e7186f8f50eff5802161593d2bf48d00af8b52a3d2e312c6602a529,934,210,1144
37e3cd53fcc5f567a5e701370bd78e4a17be98d510bb59eb6fd7b189869c3ea2,1073,295,1368
23a80e0a921f8f8cca3a35e72518858984b3764cc5d7795a2fff608e2a8eb495,1458,211,1669
9bc78eedc5e35c2bfd7a4d14d4f60d92279d410b9891562be4b0ccae69a5a924,1143,210,1353
c92cd9570753e63510968807af7fd0a736eabdfab45dc2501cea2527666059b6,1182,450,1632
182d385fe957603e56b11c19661f04e995199cb6b02f651a08587ff0482eca9f,1116,209,1325
bdd2d5889ce0d8154763a92873e60d57055288af4f20de574b15da1752bd7410,1666,564,2230
ef4f32df3416d48f9c0bc874a7999916e6ac844b2a44ad8b7e09c09393aac311,1012,219,1231
c589b04140eea4f12158874f978ba0b53c2a0e06ebe56deae76c76b4e4caf60e,996,209,1205
16e792717e8ec79912608a80d21581add54bfd1d933ff434cf6aee6a1d0d7608,1051,380,1431
1ac6a0f9e7f78ac0547d1581b8295489e4b46fda860873ea8d748360d84e80f9,1526,398,1924
9f4a544b8e275ca91451651363fb7804eeeba607f6095b2dd938e107d97180e0,1337,293,1630
2748d4b6a33c72afd2bd6120ffa3242b6fd851caacd33c032f8893f6cad379b8,2120,979,3099
e38f5356225055e17d8d64042543762f01c534d63735896d9e2caaa5f7e961b6,939,206,1145
e11d3531ad291ade243b0d8d6e5307fb254eec70ccbebe98ec7ce12b3fbfb005,1388,357,1745
99aef25561ceb91d8a9e6362b3283745150cd6443832469c35b3b990ae2c96e8,1138,255,1393
20734d370a9a9335a00c02ee8e368efb9c23d1103fe265e02b2ab61015b132d3,1863,1492,3355
516d3d58522827ad324968ef99bfdf2d9a250541e08080fd9e736a19caac3096,1124,205,1329
95b074781fb56ef5e0dd0df38632c36ac95321e15efa662db807c80bae22fc9c,1734,318,2052
2ee60e0254f2812f6f529d684375c8b88db5fb336a2663d7fce41e1933edb205,1327,297,1624
5f120b1b9e200c4127cb199c1b63e0542008a4e34403ac4eee73431f8a355ff1,1270,1070,2340
e6afc952c449addd4f66aa8a33a5fee374135addb41c31a4d94e593d2cfd6a06,1050,210,1260
c64c4d87cbb319e02ca215ee0e900a6acb9c9487b0761281d3dd5d4b3a398425,1162,217,1379
80be684ec79b745cd179a6bf6afd49fde5c8cb9c96a6eae8f986c52376e9306d,1941,317,2258
c0d2048002a40f51f80030b996ca28ff23cbb33c54abfb41b5d458764628822f,1619,213,1832
b3a29fea59daba3eadcc017f6812587ec68e3aac599c96ad19ae9cef3fbda516,1224,205,1429
198df698b7bc5bd7575fd532df986f0e1c1f95f7e481950f75fa99f294b893b7,1013,211,1224
311a5e1069c4d434eedf5529a418e805692e505582c3e03a4cdfec31e7a33699,1468,205,1673
6adcd993f21dbc99914add117346eeac16597d9af249778d495fcec703b81156,1481,796,2277
4b09f8846ed4143fe0173f4c251c5142720769974bb55a23660e657d52f5bfb3,1068,212,1280
957dda042b568725b4be298f9f673e2b56e6ec2c44850c9b2f95d6d71667259d,1003,210,1213
9de2c9b993e6b677f548558b39b89babb968f8686de8f04a893b9143b31e7caf,1193,378,1571
4277b8f3d3865725c0466697e937d40dac582758d477a71452c2566d7dc45e1e,2284,1174,3458
52a24b219b541987ce93fc1e39c2edd2dd0a0056b26ae23b16e983359e3dd8ec,2072,315,2387
09b1cfb07e8a30da2e62281714055fda1940b3ada9f24c697da5650574e19c13,1447,1199,2646
35f59b90265b44e9b823fb1baa1caf8a3f2b8aa83b0a4ce15856e94ca9f980f8,2095,312,2407
56c71118fe50d2e964e88269564ed5b30e21d63978cf4a5a570ace90bd19533e,2326,678,3004
9f5e7c7651abf113fe3f0a502ed0de70d1b0e888f2f656d0a141c8e20ea32785,1252,221,1473
ed54964968f6a01418636c41ee40d4671a89400e32cc64783817c15acf55f61b,1149,204,1353
c89e9e8e092c6d8d5914062876962985780ca00ff646e252c0fbd46880d1fedb,1701,682,2383
09411dba5330f8392abf8432b15e39cb802b9cb73e8eec4aaa100c1c7570e76a,981,205,1186
4551c2f456d4b982ad30a9ca4d9236ef20063b6a2218901e30c833487cb76e7e,1927,670,2597
b4c43ab3329646f58eaf36f2d058855799750c1b38b6b416aae4b8595b2ca647,1003,206,1209
b3624cf904046ac7d75723e659ca61f2d4f0b99302b2261a6a1427d9e541b443,1083,209,1292
fcdc5ac9c9557f0d90f8f4ea93e21e78e0e0a0bb0930ad64b2165453383f2997,1331,206,1537
7c5a0a595750cb06e60fb7605cccada60f0ccc9798d0fd548a53d5efce1d723c,1331,297,1628
a1bf87fe82667acf8e6ae50258b5edb5bf93bd4bf53aef864df33a683f8eaa71,1044,213,1257
327d1823b1fe5bd9aea9c0aa871078bb6820f31cb4bf7e0834784c0460955166,1431,206,1637
2fcc04abc7cf4b7cbda0b93a81739250778101261ba18e685618f7966cd6ca17,972,206,1178
8e85497d249ffbd558a7eeece9cf3e4287e37c06c379ab361c23baaa8aeaa443,1173,488,1661
a0442484a9adad5d6f1639a02cb540fdaab66000e4224f9cc8a92ff5a3a06a40,1009,211,1220
451ab514fe82d13f317d703a975f9d04461e254b816a7486b9ed4582a21eb675,2259,1500,3759
719cd36c2a467c50b4d7b064debb69abce9891de9680910b5211551e9ab4a38e,1126,292,1418
20c78ae0f18e73cbb1986d8e19c61605c1ee274434daf2785d2412573da90cfd,980,206,1186
0047dc2ca3a1aae7bfd4cdf1c165a0d2bda6f5074ae4a562e99fed02f85e808d,1124,205,1329
0ea7ca040a1b02e17cd7f196381ce5368d4614cda5200494829c9b0a1c5a748b,1242,209,1451
ee019231dfaf8b64176d38989d26eaede5fae608db447d274a0f1c2e5a94b134,2584,315,2899
9e798de0aa7263390897211837ff37ac12c78e288b74b6a2614211404c35e801,1176,293,1469
ea4fa7446b73286cf98ff086db4947d25b3cf70feef0d82f7a2cdc551996f2aa,1599,207,1806
65bd25943e4ef02dba72b2b6fa96903be6f4f8afe69af0d1b16447487df9c794,1133,211,1344
b062200f9d46bce8f7436e0905f0a46b2a45414de3d7cfa0e89a0a31633e5d7a,1002,297,1299
de4c3a8fdff9cf35197424355f83d2dfabf04c0347abfc041e1cc9ea92d315c4,1310,273,1583
97eb0506390c8bc96730c17972b308c45c417462831d0b83fbd85dccc0b64f26,1149,209,1358
f71cca697bebccca527c6b73d1f161bafce10c90a644ae74a70bf85d597830da,971,207,1178
9f963f242a44eff4183e204147038c12e29cc25c653865feaf3edcfb66561458,1241,1229,2470
f2deda206f46316ab7f426116cef4e6852e7fae3066ad277f186ad8db92e8597,1011,463,1474
f069174e84bdb78db86aab6ecd8393c16ced3c094e9885238582f2224ffbafdf,1354,209,1563
a3bdd97f2daafe764fd121a961fee03612c884c63ba05965e44b8e6582f5b45f,1476,213,1689
efa7c772078b6800a5e720ed47ec10b4d66a6a13f967a920c10fd9cf9bcb78e7,1123,593,1716
61a5a347fbfbc356d3a5b216ad6dfe2f59e5dec318d49c37a323c57d423a2564,1369,208,1577
eba6b23806b0d6764f5b940ca5ccfa5b175f142fd4764b1cbff943c12ddf6ac1,1243,298,1541
ac660358b15826dbc4ffcd9101bbe9403dfb340ec5148d51c56555fcefb4e680,1230,293,1523
61ac9e2c9d0d765fc6c659f8ec1c8ddb6e4c4ea8d65b8dd730f31170ba662e0d,2277,319,2596
a4b23f54191801a7206fbd8db24a558f256d02ecdc5cf62931463b7666165004,1574,210,1784
f13ac0622580d6c86d869dae779f2fe9c4ec3b69a254bb220632820fdca03112,1497,378,1875
ff2767dd13a99565b38da874f2c0bdbcb18c3c2287a21d50c97aa0db9d8fc8a3,2194,311,2505
fb491f0e3e140f12557a74499cf61807d9d908ee53ce52d00a8d1a9cf8f59c66,1378,530,1908
a7af5bddbe3e856eacc5923187db25cf2636a8e51afa592e2c909acd4b473d8c,1116,293,1409
8fa86452d55654878642ddf2fba591b33453081902d7b077aa18a98b38305723,912,209,1121
320aff652aa5dca750850e19b56d17e84d3903322d4dfbb5a4eef6dacf55a256,1226,281,1507
e0a8ebf9952c6edbb5698719cb06ab513734f291416e2d284cb0805329a36986,984,220,1204
06ac233d889650ceaa09bb8ecc3792051088edf819cb5b60f3fd0f02747bc5e4,1547,227,1774
14653f6391ab718bf1b0d6e5a6c44e005bbf4eb6a48eda279c4f8a11e373fd33,1182,461,1643
200e9d37dfaba77e0da321942e3a75aa9cfd06947d2d5f6ce55a98d8fde114c1,1053,205,1258
d1021c7c867fbc3e1b6c4df2e90848c8c7ea8dbcfe6d3056c2dcf85c1c37a1f8,1124,205,1329
74ee1bab0b11be6bba33652c6b4926aa5e6d346cd076157ed460f7d83ddc08a4,1001,210,1211
898ba3c00834a5f335e2845a022b96898f32f64413cd074d09abf0ab54044016,1089,213,1302
02674ebc231049568e7fa9e84f900eee7e0871ecffa0941d512616dca0d8eacd,1100,217,1317
b77148aef8d4ade1ec1086287f1776491d2f413ce62617a461b625546d7a9370,933,244,1177
94ebd4ec3dce5555371f78d5295d04e5209167ceb58782d583fca8d8f749eb1b,1352,214,1566
88e4565e9dcf818680570bc9e66ed762158db12f68d139f7c952d23bc6a7e6ec,1215,387,1602
6073197eaa22fe01152b8a5bb013c1a55e4acc5d6be5750cf9ff737c4c9f7140,2478,900,3378
84e78402b8f97f80e03827d6e24e5649b741ef14aac66969fb837053fc7cd1e0,1813,201,2014
371104bacfc51a82ac72a34dbc0959be4379623347572e87316cbfbd5a2d1b85,1062,248,1310
a1b6957dd640cecbff2b605422d5e6030b5cceec4ceb0b75fa8d199980f07283,911,210,1121
9dc79743f692a773b4b6ed21c3a2abbd191c1d39e5d1335046206766b4fcb1bc,1108,306,1414
cda3221573b9743d7bbb79e8359f735892e1a8df197eeb4291d323dd22eea8c2,1206,210,1416
7332ba1ab4d34a2e5e2ca7953a9f2ecf22b3b2de34257c8a445b50c64f22bc99,2472,312,2784
f2ef17ce059ffbfbc6a58ae4efa9b8c19303611f6dcd997512a9ded13da5096a,1506,450,1956
aaa9994db38f533bcdad0ef38592cd654de73f75442fd7003a9d6610bf1f5ac2,982,299,1281
9a723b1c50cf0a429678db7b7832bbd42bc41fbfb601011ddd1018cceb013ea2,1244,210,1454
2a7581d651ffa1e52ccf004ba366e44a001657709c58556fedc616f679092003,1580,210,1790
a83dedbf76d1c29fef7d0d3a0189d99db58fe86808358da4fd84d783ac46680c,2217,1064,3281
124a02f02263fbac26700d0be76b11b75b902033ff9439e805c179a1190e8755,1255,626,1881
fe29292e501f7c26f7c740446da08a39249d73a354c85adf011158c2929cb348,1038,363,1401
7d2bab26863a7af10950a83946112926da7e8ea6ea7cc64c95a3be1fe8da5b87,2263,890,3153
83a8874c879163039742d666f610be36935239646f409ad1fbb6ac07371c105c,1212,212,1424
fbff3ed8a685340462c8daea0c3402fa7ca829d11ad5d2c3bfcb1a97744bb154,2142,443,2585
e5c4e2535f0b8cb120cca8f120f7ddc8b2e1d96848195d1f35c4e8ed34d0e8b8,1124,207,1331
4913e831742919e1f1ce3cdb642289e2d3935cde930db73852bfaadb55d0ac69,1646,457,2103
28cabaaa6a80547e96c23ffa2cfd905e458d1aa5a823d7d86925839ed48bddce,967,296,1263
0e5b460fea360a349c17b330861c0181327c1b94e35ce837af56fb42a94c4610,1913,211,2124
8f2a230e824dd17b1894e138c3d58fae37b6279f1702fe831c60c7a8d11cfc49,988,715,1703
9a77567112a52db15f1d7453fbc38702ae668b65cbb1059ab4b71b1a0fffe8d2,1094,380,1474
cb8407c0046df6f95f30a7c0d6624632f5749696689bf2ca215b360738b4f6b6,1354,372,1726
e50a3b85cefd024eef2db8f0b553cd37ad292bb2994c1f7fdae085eac635bcb7,1016,214,1230
2f5ffd8e8fe4b7d629a42bfebdee3a22f2e5d9107c98e52f8a1e04ec9ea17e30,1124,205,1329
bab473939d81402e4c17b600bb6aed600aaf1774a8291daf2d8991d0586fd595,1904,652,2556
080c786e347d375821bcfaa48d4bd84e3e51a4792db56a8ff3d3d37b3dc8a526,1295,376,1671
3ee4de157fa876e59b4cc0a647a8039dbd27766594f3ce10817dc96bd0ff342c,933,206,1139
6d8b79af65a1d350502d45d8e891670a6ee504f350ca55be4630e05bb9a088c3,1725,667,2392
79bdce808bd64c41ca55641e35304e9d93fa7dc2b03aa4c0cccd71cde6aead9a,1879,1606,3485
5de77d5fdc6af2d7b9e964da22edc24792d60338bfc0d06e6621b49b980ebee5,1292,702,1994
c4e6103664bbe02dac53500a814e6b4daefe39eb7929cdc09c4953cadaa5eae6,1504,523,2027
b21a1006e1597db431af0329c8ed02ee3e5f19c579a039e2cad107ccb5d3b197,1402,781,2183
5410d4d65cd16e3e6c79b6958b443a03107249f1cfd5dd22f3352754543d5c85,1501,449,1950
af288dd3331f0ad47f51b802f36d47d77beb95e856c6b69d045fffbc4f4ee025,1543,356,1899
8920a4dbbb326eebea62c142434564b63fdfc62da26f7d511eba49ef7417616b,947,347,1294
514002b981c7a7f2d38622608c72976391f44cf289be46e9251f6932e2eca3d6,1785,989,2774
267517758335e00a9346a565713ae400c74e07f5c10509bdfe2a5a064ce29067,1219,509,1728
767c79c409ad402cb9a5f184c34ad1698089508871f04ea6a0054a6e05214f81,1236,304,1540
77914049ce03e0b592daa4aaa45abfc0c0b63532168e490a5e8c26bee650a747,1205,217,1422
f869f1c85c69886a67610985514ebb272841e3c1ba34c3ccf9742941e16bf855,1012,204,1216
6f8b93d5d295cc7f4a7dfacbda926a423833c4d88f92fd50493f7209c5376172,1423,214,1637
d671c2f1637d3a21b7cca1ecd86f3cad3c53dcc65bf0b2458e0a21ef59e8f5f4,1110,536,1646
b8537df2a90ac6178876a4fb58c9a66ee4533dbbc0c031371a1701515e561960,2141,1320,3461
be90ff03e6e611a38fa4752fc4d388fe29ddee2638bdeadd3fdc6b4c21300ee4,1196,224,1420
1e2cd0c905bca1a828eb70d62d61b267848cd862835e76981ec75d6f80b8b780,1920,1971,3891
dd80ba02670a222235d403592239a7aaf971f563ba83e5eb6ec5af9d067f96f9,1162,287,1449
baad85d47ba7c573604c241a2131c1ae55f40b29ad4e443824ee2d3e17efd28b,1363,429,1792
ccbe2bbe3f2f3b16fbccd429dc0d34985b36c64a8f935b9eab8e5c5bfb9e3b41,936,250,1186
1fce643407587d306167287cff6dcb45ff6776245628cf8292ef8cd293bcdf59,2434,314,2748
847d9dd8aaf324af062f36b92b8dc30723443c96c16c8de31082868c55e576df,1719,671,2390
34a759b11297bf930090b61acaaf8cdcd633bd36aaa3248f103bb0041521b65a,1248,230,1478
6a1e4c50a4914d59215410aa4b9dd9ac3ffa1679c4b98f6b9c5234cbad1f6ad1,1240,223,1463
348132fa1ebf107782ae9be12a08c89dcfa9086a77dc9a4d71c82b02bb12a3d5,1124,205,1329
8b21306ed17cab19e1706c32705d7516be84cf1d4fb11121ae1b3c18a9a2b2ea,2233,322,2555
a273ed298a40fc3858dfd5dbb4b3ebe64b407e1fb70bf31a3aae31d17b9c577e,2197,820,3017
d1a1e4ba13b69d8c81a13097cb85844299e21393565bd9c9383ff29333155d37,2339,405,2744
9ba2f9e0f850fa1b9cf690fe7000d3f3ce5c27a6f4056610dcf025e1b7735bda,1300,293,1593
254e1341750a4db2b7c04bf43751dbd5564002b5fef1793e4dbe5dabebe35d56,1515,287,1802
55488196ee4524ad471e35027a14006dba8be2370160620087e1e9d3aae7534e,1064,284,1348
fac3031b202b0d1a3dc0982146db02934dd8b388478d49b7207ae08d44422827,1902,1126,3028
9cb590a872f8db427b946ca4d04ea9eabccf7be2cb3674abdd5ea717abd3ad1a,1864,549,2413
7ff5961ad90f27036eeef764382b3843b5c635a5abdfb86b3b831e0a15a5f6aa,992,202,1194
3318b7b505d01e9954e475c701fb5e31dbff2e4f3c02579eab386ade4038efec,890,200,1090
d98a12d7619f867f0f5816bdf28d87107b1d6711052b604db9f0f6914aab6709,1233,133,1366
1ff9e9ec6f6da498228f76e233776c48ef41a4ce497a35b61f7c5008d86528e0,1547,204,1751
130c17e09ff0e0740262d264f9149ea3f5a4c133c43a106491ad84aa92a882fe,2119,555,2674
b7efc7ea91a485140fc24b304c680db66a6813763f3160927ebfcf37407571d9,1113,210,1323
30baf0a12ac136a0271d44b77d29d618f02e762b910523991f9b46c393740f59,928,211,1139
a569b11aeaa685d73847cc1063caa25ec7f5fc1f8f30c13688347e74bc3f0854,2012,767,2779
1249d1a5618658295e98453bbb382c0a4d9c6b4711a5264f98840ca86e86a2c1,1011,214,1225
87d93129b4d8f1fe49154b22df8250c7bc337e69b1bed96ed97a8c6985561be7,1190,208,1398
2660873e7769fc08d09f0e505815d13b00b7bfbfdee3bf8c82ea6c368cf7c2d9,1102,209,1311
17d4edc673bfe772e590b8ff4cbafd506cc98eeaa62c6575e4dfcc8ddb2d41de,1135,218,1353
12607d72caf67cfd6e5795e3e9aa841efbba4c9d340a0f51f890c9cd956a60a3,966,215,1181
22abf42cecae1aeebc393517d15e18f35c1ba82cd42fa45238f628cd3e48acf1,1284,220,1504
2e4d237bfb07bdd076908ccf124e9e1fcd57677a1f881b8148f3473a28cd5be9,996,209,1205
9613d17e017a7943c67039c5683323b3148d54534e2a26f0fe7814a9aed4b677,1025,250,1275
db6823093c36a2b377ca1118a615886e93e2272e411c0e1382fbf390c7918ac8,1480,463,1943
d7db89cbeaa54755101eaabc353068bffdeb00503fc7eb00223b1b1924c7b1d1,1814,921,2735
caf39776c6a274a4e6b5abc0c6e665edad0ab2414d2fe8134c2095c1eeecac1c,1506,285,1791
3d1aa1e6fd8c7076b777be2aedf1f17625b6406e689952eb522ac344441693e0,874,214,1088
222a54869e996d1f856a11dfe36c8175ba911ecc07c9c6dc73f87c9ffd8a8a74,1910,317,2227
387308e09b3bf52ae5327d3da8d774efa6371eef0d81d55be14a0f6640b07711,1460,663,2123
e4737b165c132d77726c74fb427ff73e14a1a1b748dd1a4b01d860e836fe46ea,1163,851,2014
fadc78b6bd8c223efd49a69a9536d2ecf54f14c0b9e8463075fddc990ca74872,1387,451,1838
497e535326c07675f5d3c6c50d074b111b10d2b180872c201dc00dbfe8dc191f,1313,204,1517
2bdf4020740a1c0d9c26e75d159884557f10db62f3edf57781b4ebcfc238b218,878,206,1084
f1f7a76391cc356c9305c1fb24a204bcece921d042639ee6c2a6056c607e228b,1074,210,1284
55d2942fe2358dd0b987a09e4ad3be334df0cb00610d0a82db9067b4c7a7ae37,1686,478,2164
ea5afb50c077cd4c9b383d999a9c7b450705e7c6664f56b2c0ef5e28402cede8,1825,1006,2831
cb6752590b14f6dbc3da353b11f7ada236e9345ea0092cb190a206119b2dc8c4,983,209,1192
6601927ef3f2631f4ccdc09d1bead4d58beb0f0842908fcf643aa118cf45b06b,1124,205,1329
13d24ec30d52917df3c7f23a653998febf0c0a4c700f844126f09ae3e8cd3ab4,1139,254,1393
4cc4cff6acc68d242f528685363bc2592ef8797e9b641bdda1a09d795433f7ba,1463,139,1602
6ea21807b739dabd44f29b86afff308bf1a32f5a026337e054ee9ac3a9564722,1111,212,1323
5da2cdc2c45843da0efab08593e67e61ea4b54c47c735c8e9830e9fbc774e467,920,203,1123
580598f440cf72cb1ab8d61ea29bc3fbc0c9e594a8d2cae1f24182375c566732,1518,208,1726
2fb65012ef896988d6880fe3c5afff93ca3fe2dcad57207a0835972d62d156c1,991,294,1285
7a19ebe1a277ed79d3c0ab21b119b38bfcbedb1bb71b3afc89c94562da7aad6e,1230,208,1438
cdb44bd287e56563b39c7f93dbaddf07d1c6d7e6370f4cf533323a1b4ba59793,1002,209,1211
c682951ac83902b1792cde4e9d6a023e856e19ed2147c74f0bf6919f56b69afc,1072,204,1276
9e2a46a2e7b2d5f63ab0b0340d0ded16808e7df03bb9e81e6d592ca7f242e603,1065,207,1272
836c3aad37b648961e813f32e45a3655758ab375bed65d0f4ccfcde827918106,1795,934,2729
8cd3dfe721218b1aba807042447950be3e372efae66c52985793cf3d6e48f9b5,935,207,1142
2008ab37a3586d51a993ccbc58224569fe5ae0d14f5ba41b757acf3ea484324e,1072,245,1317
410fd3be859965c5df61ddd52b8a454d1e524c428056c1b355b0ef7d17f58c76,931,207,1138
86129e1d8e64b25538b8b6741e35867b27cdaa736659afb417a78f0bed91d935,991,287,1278
a3d174ddbf60eb82d0eef24161511c3bbc72514086334ec349b737b60181a334,1508,214,1722
f903f1cbd7c09f06cac0eb9f3fd7f61c578fbec77459799e596c5a0bb6846f32,967,213,1180
8abe742ca40e9e6b4f6771a57026a07686fac2baf891b547e996ffdae4acf956,952,210,1162
80274fbec14eb7bd8679a8d3a796394fdf4237bb01b70252cd107b85b6233daf,960,207,1167
d25745c03f4a55c1261088d66e5314d34dd8a2100230f3415aa9ba94fb0ae170,1129,205,1334
5e15d934ce2618245686a799e1ddb65ffdf1f85eda22389a6d5c3458afd647c4,969,204,1173
bdb4f8c6ed42765534a3ee180383befe0a6a74d376b2a9958f010268855f9b4a,1003,206,1209
9b2b2b29a92e0aca4c8a2ed8fe9552cfe52838539103f931b4e77da4afa7fbbb,1488,813,2301
d693f2b8f3ca69d88e17932fb343bdf0b5398d258a77c17cd99077862b9e8dda,1036,206,1242
47eb175add2e5acfb1669374b8351f50779d9d495e20847b81dc76f19536ed70,988,204,1192
8f7e400a7230280983d489aa3329ea61bfd922c24565efde9354a3aba0318c68,1172,788,1960
a4cc41be628c4c94bb1e60fb8d53b8b03c8a2e33bdcb78efa4d18dee436d99b1,2366,2478,4844
3bb5da133b069d63068f722a436042aa146e09d9da0da38bcc824d6ad8784f3b,1609,666,2275
288bfecb43aa93498ec80706e9b4611f6962f046f8aac4bc91fc15ade8e604a5,1380,754,2134
c2a75e4ad67249f025716b44f0f9d46e2633ac28a7f1d1bf386a57110a16d525,1441,289,1730
de8801ac6219c49e4e26752c7bc8f654d652fb6f4fbfe3d2f01e6df3bbb430f5,912,206,1118
2e26b83e4a09421cde811150d43da41e3fd913a1f5f98ad0cde6778101c458da,914,209,1123
8136929a12a3e87822f3273fb78e98e83b093b5aee30c3383372fa1f52ec1387,1108,200,1308
98d0e8005076b2995892881c86c27933a2c622dd893ccfaa257cf336fbbf7f3b,1040,204,1244
2c9c37eb4afdaa8056dec397a32fd02a400eb19aafbb5ccabdd36a8bf7782219,1219,208,1427
0f2328c20765ef2064799c2524d0e6af54d583e4acb1e256c8bb28029158de5c,1873,664,2537
6fe186c35e14e43b82f5260556274438704312cda0f937659701367c3b2e4365,2224,1079,3303
2864c9ec48f8e1750040472501b5b2e30763fc0fd5735479673e1d9b5d8f81db,1089,204,1293
101180748aa667f4548582e06e4ba08e88c1cfb36df84d2835e7c1922a9d75ac,1042,212,1254
c018dd3091af75d9d36b51995a3ff2a898c60ba7ff97b529eeae551d77abf472,1124,205,1329
7a0d5084041ba0e347cd2f7e6d862304a0c50d300018328459c4ffee0070a132,1144,525,1669
0b289ac88764c314de596150cc56c99d4bfae74dec8268ae64ea0d92d33fcd58,1261,862,2123
779e0674e47d38841c840b31bfa056eba7ff2809e2f2b8f00a2a5186ac123c07,2312,415,2727
0ba6474f2b347a83f0198f474ab89d8347bd2e50de29fc2a4ee2f06072ab2e1c,1417,204,1621
50ccde7ad3be74ba63a046ec822e9ecc0162de70f2bef8786ab3dc1004828508,953,211,1164
c6e6cefe22dd780c669197f5abb74d79b2e834553ca46febad98acbfd4a2d6ee,939,290,1229
f21b6ca27a6b00a0e32023819091214d7390abfa367938cbb137bec121de3e95,2098,539,2637
45f4aed24434c0cf3d111843ed584890c46362d5b0f8036657b3e05b18032867,1144,207,1351
ddfa461c0b46ec6164bfd87968d8cdeef10bee39c16f7d3df2c5cffad369c34b,988,279,1267
898c39bada12e559292e1f3d82ae1ea7ae06620bbee6cf57765ec0d702e872a4,1023,368,1391
3663fa065a548d75b516e161ca66a88d265542c2b64d8169c7bc8e636fd4a3ff,1040,216,1256
d5459031d3ceaf235b998845d0cf5f12bcfb30edde9fd881fccb7fddc8e52d54,1149,292,1441
9abacde5713549fdfe7b53d5d51787768b1ecea1e6eb480a329d9c1d814ee463,920,214,1134
5968262a9fa618010edde460c4063758d9b0de627ba14efe22ecbe3f1aab53be,1146,536,1682
8f5779180c347ce8296c78d979be000bf37027e91604f4222e47eeb03a0f3f6b,1037,205,1242
f285c52c6b40cca58402cab452f8169601c3caeec28383afdff4e8a181d1bbe1,1723,312,2035
b2fc3dd2b89902d41057a249a31dd5753de432a1d2fd5cf52f7b4eb3c996543a,1009,211,1220
b091eaf8d0b3a10a11aa8174a52cd43d860e000ae789a4af41ec5d15271965cf,1312,211,1523
03f8ba64a3dadaeb3eb87ad284b088b91ee08f41ed3aaa75db17910301d7cd7c,1012,206,1218
9d11287a8f826fdfc7710de0f2f8985d3cf57cee8f3cc9cdaa676f041431abdc,1036,208,1244
0688359c9cd2f3570986d2d83de67356f1d009854fc9311690897dbabbe72bbc,1901,2731,4632
a31f387e2c4640434fc16d5d1514f717d6861031b9ee033b0b4a98dfc488926b,1155,201,1356
61be1d7fb7cca42173c45d9c8ca857b4813f1bfd02572a78a5665d81aad8a8e0,979,226,1205
57ad1d5765f7ab43f8e9f2f234efd929c2d1ceb9dbd8ee71146da94e2061dab9,995,212,1207
57e9ba8374b8b0abbdfa56311bf6c7998d9f9b53980cc3eb8496e07628b76159,2191,388,2579
ef6e5891eef88dd31d298a69b7645ed4c262dc0617d78addef01f53c6d2ee91f,2395,328,2723
b377bbc87594d9d626d9fe720b9745b6a6ce6163f75e19b3da47a5b0061ca336,1124,205,1329
585252ce4300aa098f43c17485d94b53cbdd9c79c17d02d7c066d1d83ddc51ba,1310,493,1803
516f8788edb4545b35a13a11fe7b138d218709e48a9636c2c122af8105802850,1269,213,1482
33611ba20110da631fc1433bfb2260da41f80bf6c5d60376d8e5ad4fca7507b7,1058,219,1277
756106eea9ad966e01b00c14ded9e7dabe5e1747e9a25ec6abff977476b43881,997,550,1547
d9087990e496ea44b348193ebe018ee1541bd28fe28ada7b47a10f578918822a,996,361,1357
d71141a17585742addab058acbf6536c185c49dd34d55b9cc3e2ed894ac53d54,1068,209,1277
f1c4ad1726bd3ea32443a92a13be3bf4178239d45de680158f0d2972a937eaea,2114,323,2437
85af1f32736e331bcde9cbb0176109789d3c5cc3ebd3adf1b7eae3ebe1e145d7,1433,297,1730
83f22d02b7077fdc20aa530278b3acd81d162359ec122551a5d228ca887dca6f,1291,590,1881
8543d77ee9d255fa286dca376a6e87e621dcc16ae1bfaccd259b134b1a8e196a,1168,337,1505
ca01bdc037ee6dd0f1d3f33f58236af921cef30e9ecd2f43d759f4f02cd1dd2d,1293,208,1501
b329922e28ce229a3bef3d6934de70977081887a464c9a36799c6d72422e3589,1153,205,1358
660e9afaca4ca135404519f3c5ed0f24af41f61f3322cb00ef3f2c9e9d79133d,2075,318,2393
640830c114cc4300ad3405d94ac2c3d5828f32af99e0a8c0e70aee582ab643f9,2044,423,2467
555349556034755a3e352c61dcb0dbdc8545966909e084e9800db55109791ad1,1407,1033,2440
4be4b4114c7b9d48c4b662df5ff9e6df281fe70aa87c65cd9d02f1c7bda1a140,1312,343,1655
0e1c5e87e56b656a035b5dd8b343b76b2512f8925c70af138e7aaf26c0734778,1145,281,1426
dc48bbfa9419524bb67d21e23abfda877e0b8526398812eb87f98082e4232fbf,965,307,1272
2c1026dce399b976b2603c3a066e749b076242906700409e8ed57bda44e1a192,1040,201,1241
bbfb54bb4a29d6076642613303d24310eb7d6d0bb694997e3088dd4eee2ae2e6,1246,210,1456
0b6e7ba671c2f7c7623c4f3ec0cb2158c45ff40c936bcffc9fd97f4d84c62844,1091,212,1303
2c4c8f534791595c47ff15b3e7bcc6d14f5fad826efbf6a82e5313547ced60e1,1416,207,1623
abd722d5b3426784fc03c857968b9542ec5ec7c652a84c5497461ca377e02a27,956,218,1174
59d89bfd623e9142308c55988f7a76fe97595687dbe59c86f4afb2bc444eb157,992,216,1208
24e2fd1d9de155155504feeed76899e0bc078d43fbbe8f8380a6d14025c6807e,1597,532,2129
c618ec103c95e24404cf673dcf02024a2679be25b61ad25e43955a4894f29feb,1281,331,1612
554eb2f594d022e597d228d55d99864199af2d9aebcd300d437815dc70e81db7,2144,335,2479
bd89cbb228de51dc01da80001d1423e901e7c09bd0be97cf605aa236443e58ba,1591,205,1796
8ce5b0405e65617c980b24193a8708f2a65d53690932fb503728d70486ecc20a,1139,288,1427
1d11db123001334ed31ce41453c6efb9f6a9010a8c37f39bcda87f7da5b04470,2147,654,2801
742e3baa5f13d2ad588483b8592705f5a52c9f15eb5897bf8d6d5733d0cc3e01,2319,541,2860
a9a342f3b159a33ed5bff6efe3d2b0c2343180a5d82c1ca549a4788810521753,1151,251,1402
b7fb51724f40b5967100551bf9d490c1bf70329cc0bb74774b6328311c3edfac,986,256,1242
21c10fb13bb7708404f010b86f375c7a5dac1852163e8467a8bc94a867373aa6,1199,206,1405
c0841c5e7eddc61b894fe897f595aad04ce806c585c71cfd1255c321d665de5e,2206,828,3034
8edabe6899206fd9fe265cb0fec3ceff6adff79db7dd5275a3c2bd619aad3735,2200,871,3071
0152a1dd679b9bd0e0f1b01ce5084c33cd58edf16fdcca7faae486a02b10f05e,1649,666,2315
5c315b5f85a6720365778871a024f7a0c5248521ba511d3e303814374ac1e27f,1348,202,1550
f5441cdfb503cec7c79e7e0c446cc9f7e3dd18e6a297cfaee96ec89795744f92,1077,305,1382
ee32f3e179fd0fe277494d3f441c15ebb69eb1a6f9f141be0330cf9ae38e0f28,914,208,1122
379f8aa110cb293dd83d3458465992902bf7537cc466ad42fd429c9110868048,1037,212,1249
6a2acaf9073137df6472c8ed6fcc64ad3da2036d93f95c8a11deb0f7a82578f1,1177,610,1787
8eb2ea22810883db7bf0debe3e62999b1b9d079f4ae97621484d2a1b80246040,928,537,1465
31a9a15313bd02c8cf9160b3d0967ae592e109d243fe0f5e0018f520a868ba99,1602,449,2051
9309b1002d73cbe1b4ebd634d9c45fc705ff8aa9a8f19e6ce2dfbddccc85f3a1,938,293,1231
164691d6c4bd3ac98945a45c2386ee61a8a282b5b3615ccf76df5837b8268a03,1275,309,1584
be5aef75bb96cabae3640b2d694ffd9c04c1c39bc66c07f30176d1f7b0d5b1c6,1972,324,2296
dec3513c37fa848a230363f042beb263f8a54ce82f3ec4efdd0b2156974b9ff2,1238,209,1447
298fc8c16f95eaba3af59a60eb8829ae27450f90c9e7eb3f74a8cb2cd31a3e46,2300,437,2737
f454213316ba88bebe22330346975284c0d7d011d8912f9dd53c7233101379ba,1152,440,1592
4f463c4d91ccbc89b370048e63761ada187abbcb9531cc5b1541ac2f8ed2e584,1015,212,1227
14973c9f4dc63ff80f1d641391e0e9796950df428bd1fdc94769aea31ddf1408,1471,301,1772
c6b66772fc711a39dbd9ded34b0c44762db1d78a1fd287e43eefcf1288335639,2202,1085,3287
610835981dc4822114638166565b83925515f48f11640730bddeae67709c0b7e,2123,750,2873
b9d3c02f139f44845abd0b4141133f7490c4a3f52b9a89fee32170f0a38cb447,1234,379,1613
dff0807211b9b33a4beb334341f035852c0b51f3fe0e1e84b50b1495ebbdc02a,1479,449,1928
3d6e5fee909998f048aa915d6a12e6e7fff6748f29985fc9fafa9b67b3258f6c,1173,326,1499
f99f475d90494b31fe4a9a744163c0732127deb7f46d0185f3ac198add32e62e,1113,214,1327
4ef31077a0fe7b268720e10ff3ec475b0daadd11f4f1c2e43c52fad03bf55fc3,2185,850,3035
8b44bf8ac276592bb0d662dd870f048117fc757bc0dda6b69842ff82d90c2c9b,935,379,1314
3fe0e3c9a22ba8c1807da2bea8c88cb97b2247fa00f6e1c6f3e13d1c7d8c9886,1124,205,1329
53dfd891062c98788975ccad9ec4919db82566dce88410bc76317957f0686428,1145,351,1496
d073c82279dfa7470ae471f29f71c79e1a01f6a79c685a8be67ac33ce70e2711,1418,204,1622
61a6b511a67c3df4a53db446019bf979299f809c6f954bf4042e03caf86e0088,1131,214,1345
32e5987223a00142739545cfd58138b9fad6db201fce159e1ee6e55d3043bba2,1110,209,1319
e250833aacf39279bcd237c51727059c7b162969513a8e38d380f611be5093b3,1180,210,1390
c0d5d16c01e33be1ef8b6344d1c0466bfa96603fcb8daa2eab451ba348e46faa,928,214,1142
5f226614bf95433f7e5e9dff8e81245ea5193888875dff66cff17872eee1d3b5,1134,212,1346
549839b07572537aa9a7de1574409dbf16ad35e442fa973682be401132e0a02e,1176,768,1944
600029840f41f81f96322c4673ce1dc41efce8542b817436143f21dfddd2bbff,1259,378,1637
f5ee8499f295c942acb9f5b2ea789d47d41828d72b5009dbb87ad0d5c9f31181,1296,1310,2606
0fe6d5f785a856c1ff2b40c598275c9d6919d27481449fcb7b9d6183da79eccb,941,215,1156
58a8e64e7dcd1a7e534dd7a23056c299adb224c8055fb4f2d27ccc6386408031,2151,670,2821
18e50178aa3f8b8b14b1e6be837a3a1b16e66a74ebda47e7d49a475f89b5440f,959,232,1191
d6871f4034ae926ea89300d445230c3a255ce0fbc74d0a701b194941b42961c1,1340,320,1660
936bc06196ee3b7df3debb54548bf9031538c8d0eb617021cf64e67a5823ec6c,1256,373,1629
39dbc0d8a1e88985a400fcc1dcb7eb8c4ff5ecfaa9829ce2745889afe859c13c,1172,214,1386
470b0743f6a23800de7814fd6148c98818b23f9a2b50f10249f14213a1a20d4c,1118,604,1722
a554b2ee109718d8fa4f82a8593c62b855a95aeaf348db7dc32084e50e2d1847,1030,436,1466
c4ee62ed018ecc6bcd2961870dad7cd30756aa8cc51a489ee82607a0a800e41e,1263,293,1556
2d4f74bb11f410ae295cc6138f1aca9e0a09f638a64542a6ae225a71d0563c5a,904,347,1251
cd2192cd63f4148a67d895e055291ebc5643b77005a48518b3f4d9e4e37cd432,1363,233,1596
d108c796214e3e60ff7cbf2edd9e4b52185b76ca7f2ca0d213c7e0518ce6485f,1124,205,1329
8d947001aaf8662e0ddec3435abb199984bc6d22156bb7cb86775e0227363156,1153,219,1372
ba9a9093e9c41f9985e95c84ec4079c7cf4bb54cd77eb6ee43091f15dd42812f,1024,377,1401
cad2436440b5dad125e2195b1423a8bbe508c8873128b1cbf91c1c042ea21882,1054,217,1271
11fc098334dbcfc6c1c4427711257dbf44f062f64621c49b47784f15c7d4c753,1964,592,2556
95ae2f9195a1af6184387bc912b00774994b38780e30e151c37ccd3ee846497b,1017,301,1318
8b3e27ba6ff781f39a8cbd6dcc3908a5e123720465b2f70c0b258ac9bd87958f,1223,208,1431
d8ca172406a9395b1c38a4b6730cdfbfbf319140ae247a3e824c1789319b0ef9,1211,757,1968
0b60f6b3345aa02e772ebc0b27a4cedf194fc5ba26a472c0a228c44d18cf6a61,2430,1555,3985
c6ce4e166139139a68957fc7a87e9ca17b296419835f5b058b9a726e677f2f44,1369,216,1585
d7757d35e465dacdef41f48a5ee7df8dfc4e052f39d365f24a9f92412960d095,1110,214,1324
fbef19a9b003633634ae41ac5239bf186dd603fed83f32b5bb3921be4d5bf24f,929,205,1134
3d249f97a82bfedc7b5f2a1eb8937169709ae335b5d06e82f7554b014fc9be3b,1483,306,1789
355265421b71b59eaed1f5ac1e2c87cb20d51e746c6fa128fd9c8d33390c8936,1534,211,1745
3bc1c621cf92524fbf9d7d720d848fe5ab10c7dbc900fe166b2dfef34dab1328,1066,295,1361
249e72b3460e25da07cb6c589f617473bcef993c223ab0f92fc93cc495f17439,1380,292,1672
ffc62c63a2edafaf4ee1a77b87f3351652f4b3938246c111cf1e07246a112161,1118,252,1370
67c4945df1077cb03ee8fed38ab45ad309b2c7eb3b5839f7b64b53135de7e333,1571,216,1787
e2f1fd7a4567a86c5bd724e678e94d42c8d204e18abf449645b2ff97b4b126fa,1367,357,1724
55a02c12bdd267f81464c3583858aa319e7e7104475ad9ca49cc08bea774f058,1252,373,1625
b05a07b6ca0c6ecfc35ecc59487183cb66af3f525a344465702fedc38169b397,2178,649,2827
0829be4935fe2301d940b32a26c8a68449c96d504543bdce8c597c12d37a44d9,1722,562,2284
722e8ff7d07f9dbff151fd2ccf49c611abe7cd221f11898a66226bba37cb250f,1060,389,1449
828a3d73ddb3722b0d23e31f995db3555404df447c61e3010b266e611804a07d,2407,552,2959
98a4a820370cc4ac22797ad15749681335b1c6d1d22a625c835cfcf05710cc17,1077,356,1433
65bea86a4ef5fb4f9fb997e0aa2503dd12fe256efc0655f020cbe8725d33a1ff,1022,286,1308
bb21bfab386bea36d7fbf1bc7e7fc7c4de43a342c8b27f3db38b4ee4d6983fd6,1233,221,1454
ebe1e2e80c8ebe3d1eea01425d553743456d0a94795811a161f5ece4643620d7,1124,205,1329
0161759d125358eac96480e2c3a5b75db2eea357b10486c4f214db9c9b503813,949,245,1194
7a5d5073da68628b456c83512d59809ca4cb9de4de8af80ad7040095b5372648,1544,1202,2746
c66f734d7a1e3f031bcdb10a33c84c647178974e435d305333b801259e974be4,1693,761,2454
a351952a323d28271d8e15613b78bad21ccbca3cb75288f5b58395ea741f3fea,1252,208,1460
8c4e9d25c6c1f8b5f76ad4caf94809661ecc444d97654def2271d46daf936a12,1470,854,2324
bc1703e08610bafab4ad2c3ff35fda44e8387b83e2982f3842e6e21e0c197d79,1217,313,1530
898ae8b847051698f6a7b9b92d41ecba37c0a63cfde6fc24c271184ad710254f,952,211,1163
2be562836bcefb22eb32fa814414c0f5ce31d3eb08629f66c86042e9d5851614,1704,437,2141
2e22fbfd0bde4ce94a91e2d9ba3bf57c939facea5dda5f54b01f4b0d04203857,1001,201,1202
2ec8d56908182306d6d450f92877ccd6af32cfa7a7ea446e5ff41f5996ac3ac6,1230,868,2098
5602096191f85b883927d423fe8e44dc3ed028d75521f224aacbf5016a9800c6,1180,423,1603
5612e385b2a5c64308be6df4697cdb8a423cb029e6189c812868486e22d62083,1035,213,1248
002cc80977450cf2602db265cfc9b2cf8d562a9debfd52985ce9cdeb97731a6f,942,213,1155
a3693fe596894f3e37528a2e6c41d504c27aef43801744e8b4d27dccb68af938,1273,210,1483
1b45048683463f88460dff60327b6a0b4a12e0d8869a843640c9580b7249c348,1157,353,1510
e4e53d7249dbab6e390fc26cedde984b45884c4748a264612cdfefddee28ee66,1289,214,1503
c87a82bdc2e18aef901ed9bc459f3c20a36c61a4107d2855bf31aa162ec908cc,2391,406,2797
44b83b358f4a035056ea204027bad00b63e616094156a4e1470397952aeef298,1413,298,1711
86787c6f732e945cc0304cde53efd47ffabd1d5220c5f233d0e9e1f6b4b63527,2168,315,2483
55b378f1c17fac312788801f23badcd5b52d0742a1695e5acda420ea855c1915,977,216,1193
a192d92676082aa120853601c786edec7bce2871f59bc527a2f856079fb4d058,965,206,1171
5fa99e979baadb0420cdaac6f8beae18aad9be034d2b9460425b42a1db7468b3,1069,216,1285
eda96de3926188e9be734f783452004d4f91ec77f077d75ceb92d86192298336,899,214,1113
1a716ede5d6c9f41c2ce4cf9fe4f34430fd59aaf517a859d876c5794bbda2d86,920,205,1125
090038c838157b1565a1cffefe2239ff0b593abb4dcb1cc29c20ee352121076f,960,205,1165
053eead60e5f751f51666b2432bca3e26964f29f796fdba0f436f3ad1eeca152,957,203,1160
5fb6b68ebcf2776c1c037d99220ca5608682701ebd6d1e2ae97751ca47f6c095,1160,524,1684
5223aa4f6149d543a3bce73da92f17cc2565ede70e2fce0e38c9390bc70ca6c9,992,209,1201
626652691775319c3063d5698eccdb896f3d6786ed70298959b80a7a498ae301,2097,968,3065
10d3373af8316ff1a45dc3bed77b2ba1004714063d6871ed1b980c9f7a765879,1624,666,2290
ca763d4fe86c28dde0d98f1c92d0228d96416093142b98f7d3c7a1c24ddd6d45,1115,209,1324
463ab298e3479d353df57d31b5f81659f4f68697da6cf8c365675a86ee4a06f2,930,205,1135
f18b3c980381e74501ba10fa3eca7a7b84d9c69472d361d72052b5668198c3f7,1331,134,1465
a3ba8788782d4449a63060b3405c2fd63ee4528e2ec063641ae12a71370b662c,987,217,1204
3dbf501b28b438d38c181d945f8c2d1cd06593a57d6cdd15bfaeb0e87068cbd2,1019,449,1468
cc89931786886057e892fe636b9b013fa9e5394ea0a8db4d62f910b4669a524b,950,209,1159
185149a74f9b1334fd23fb41261a169bf269cb40b941afef4040a8c77ea5074d,970,207,1177
df844eb9e3c1a5a888dea5c7e605b18f42d830ac1c312c543a38f3a6ca3a5083,2241,1331,3572
d7a3635423a75935bf62d862d2a1671c96e501e66d29108920ba8bb1374f2a6b,1078,205,1283
3ff5431f3717fc5e2f63dff236b821c25a5fe0ac9a937d3d89c3206528b3c1c6,920,211,1131
2d1fc205016336b568013399ab114ed6c15d2e4c28bb0618ad7d79ba5533b939,2084,1000,3084
85629dfa044c352987255b4523412eadd9e463306a057bb00315dd657d656dfa,933,214,1147
5455d287a589d02a5317d4c22e2bb2e2c9d958a3c9f9f0fe9f1311243a32a7e9,1301,222,1523
9d17f86fd402087e45c0763cc501ea3da910240d1334f327afe954d470bf501f,1032,209,1241
86622874d5c84f979061399229255e428e0403d24cf78ac46ee10b08bf29659a,1510,285,1795
0441c39d4158baeea8767b18ecb2b885e19e4969ce5675bf9bcabb148746f26c,1131,236,1367
789cc2bbb5f9f4c8423e90bacdadea65c62cf357e63be5be3d3f38a5bb83bbc3,1050,220,1270
d9908c327801979cec4d2628044254f3d444921c8ee39f6eb45224b690e38139,1548,134,1682
594301a9614fa3341da0584d17a375e5e556d172f997032f0269a39682c2e94b,1314,207,1521
7cecc935951d91fe8173cf03510900907230d7e15a457725d32961b2feb761f1,1552,462,2014
ae95c872d04c70153a0e0875db744416733850e632fd06001e11f4be93d21136,1016,277,1293
fcc8dfb71dac8716f1eb2fb3e72dadf8ac380772990ee547ef50c772bc773480,1428,526,1954
6c424b32518409d76c35fc0615bccd2c31c94adf1af8463ad2e507810b519896,1282,208,1490
d6e6136f003bbb190d30f7a851db3108ef3456ce1b1afc21c250af5d3cd9f165,1399,255,1654
9831d50a1d16864af61eb4f8f4dcd57c92b94256e4c8a41a903b73e7f0086c25,1602,209,1811
81995a4f4c7652185913d847dbbebd95078da0628b8e847a52ece18c5802cc45,1141,360,1501
0bae6c6f2376981e1a430fb7049ab20387ad34d649d45d37ba59ca28db2c0b60,1025,219,1244
ebbedd61a1dc905ead8a1c204911bfbac14f81f5cc126a24e4b1a18806a22af5,1111,885,1996
b16eee84b84909eb8a7f0a76317054112ebb256b74f38444f09512ce66b98d52,1159,220,1379
177db5dca3752833152e8db94454f019a06fb1f2478dd7de4e0dc479fe08a509,1216,206,1422
18e2250b52ec6cbc399c249df6c0669e17063bbe6ef803a6b2543a988bb410c9,1105,218,1323
b0bbc1fb3f219a6290968bef28e7aa70acb5992309a52bc0044fa83f732f9f43,1192,370,1562
3314a4df3936b407f11576e2001337d8316f7d593bd5e56ce76bd52c732a3f32,1218,214,1432
0d7db98d6977f387dbe4348dc4097f2b4487c1a6c57095d6820c552c30c9a3c5,1131,217,1348
7da277e016b2b587e4dc55e9e75a2ee78fcf449abafb6289e6f51a5d8d1d981e,1331,366,1697
d51ad4f36901ad0bbc70a7a8dcca1fd5d6c943eb8f580d7473148c95e6f59805,986,297,1283
80138ddce70fadac21784323f0550258b598df8803f75c0f92c2a984d74e9fd2,1124,205,1329
c5def5e442d88f83756b479ddb192ad42e33d571b154c147b062d863976e18db,1521,459,1980
073507ea2c580995c95d06ab7e1226866aa2e5ec5a8520030dc93b1a7150a4c5,1455,283,1738
38d3300da9a86163da549e2bde8d6d801b3b8048e7b721882fb6a465b3cbbeea,1235,216,1451
abe80ee278520e87b79f43ae02762bc94ac76167fab075b28bf41768770d0370,1510,407,1917
8eecb71306ba75b66a54bf424119f3d7184a5d2bdbde3bdee501f910a528ee54,965,212,1177
a17531ba1068708ab7a26cf3734c9ef2b7469fa450c5755940fa6f6d569d0f76,1268,215,1483
3937624bea9dce9730e2002e9bbc2f3e6aa4c0e105ad382b313a15e06d50840e,1030,222,1252
e26ccaaf9e7d98476a30e5598e23622c733608cbc7d2ab51ad18c88920e0befb,1124,205,1329
a9393a38d093da6ed74f83275df9d042f14dee2cfbdc3fb83f873dee3170d08c,1358,209,1567
ae48e4f5794a698920711c79491bbff5ba934385db5a7b3921186df6f95d929f,1096,215,1311
ac423457fb916f4dc5868a7dcb93c5e91f11f4dde611f0deca62aee90f7d8fd2,2318,544,2862
eec58187a5b18d58f5c431d335f067f1b78dcee2e875e1f0bdff6d73c8f2cccb,2012,439,2451
59da11f49bad37a33ed13facfc78d536c2788f71f7c09312129d678e337a5f5b,946,211,1157
7ff3c5c47235c8c16a331a2e365007121620cc2b055f8534242e8cbcbe133b07,923,499,1422
8eebd475770204392ac13643ff93704bd6063068ae6ef25726e569cbb64caf8f,1015,254,1269
199ad45e0197255c895915a6ac3cf41703d092d8acc530556fd3673e2ceb391b,1526,336,1862
7834bc865e64b4c91999d75c88368f83c5beb46f5a4b78ab46bb726ab442ff95,976,210,1186
6df80ae68756ae5e0e64b7255ca7683340ad9c92a2af9102bf875da7f0e5435c,1418,235,1653
c02596b88c0e72abe19f61ba440ac4e1914a87458fd1e87723e275bb2f2bce90,2214,559,2773
43377fb0eff8bdfd57443a4a06ad35c4323efec55df194bb30dd69277eddaccc,970,214,1184
1460296e567061bb00eba08d4c62744288cfc1d5a127b0965d6bc0bc004ef25f,1293,242,1535
09378be5cc6c54334869e70b56daa058acb7bdc6aee9b688524e6242b49c901e,1141,212,1353
537855a122612bfdd30d42e9fd7ac09e562163ac864960e692e650c09c9d1cd7,1145,320,1465
36e97e3d0cffa28ea8a50e8e970fe15738d3f880d12938dc207001cfb5f1b39e,1361,1096,2457
e528a22c74d39ad92732041d1d04e46fe887acd6a5519ae4fad92afabe0068c3,1387,301,1688
0aba190c6f52000a84c2b9ea06b92b35d0e5c2cf33176de45e7afeb047a96653,1043,208,1251
129d2911e5c98851df85a0cff65473f8d9673072bdc4dec96ccc53c5088c6758,1094,211,1305
2ca7019bdd72d531cbfe4b475d13fec3aadb63d32ac5854c90f61446f8c44030,1379,205,1584
b1aa280b9aa7740836a428212e071f0a94457318a848f7fda945e279e5069491,938,202,1140
3e3b131d09f765cbf9ee8e16572455651f40138123f6d17dc04ec03ccf50eb6d,2362,546,2908
3a90ac9be29327f4e8f7e8936347f5340279b819c1248cb6535d75416b34794c,979,251,1230
31b8b34396e816c18c44b95ebe56e3187659795897cc41807c038615d7f4b6b7,1472,217,1689
425ff1d12fb113d9825c7a1ecc9c3eed4ebd95019d6176c442f4d78f513dc65b,1047,296,1343
9710423b150480f15e6cecc85e063af0c29d429ee6905a0beb392471c277746b,971,131,1102
ec49d225515b91f798c26cac48a0378656ce6ace83372d191abc7da1dfb8c513,1196,445,1641
5326809882a1a44edf311371ca79ff9b00d875deefe6174f78fe99749c920e0d,1511,666,2177
ef3c342a7406ca6e8a7bca6143cf9d22791ea0bf3a31d0c6e45c466446e4776f,1164,431,1595
89728c4805cb34cffed729069a2f9ae7d60bc166a1f68ad9631481165d4c6a73,1033,521,1554
0b7e7f4e6fd74d76dd24925eac97afd865b6771d6b3ece1efe74ff7a29c96fbb,1048,291,1339
eb2105d3ec6478568091910237c8ce389bea8cf9ca0c5af646967b4a0b868bbc,1337,216,1553
78e06dd4995c0fdb11a5db4bead1373693d06b1e03944259c8f2de7bd8ed1371,2292,310,2602
f8a0a84587caecbf2fdd97ce2144df5671e2a4e6fa77244cf39995b7ca900469,2066,342,2408
c969feaae7a307cb371f7e76f4559cfed91247ae8263a785e2e1ba1dfc8b292b,1511,438,1949
59948c1a0afa15556ca68d96b011567f430e5f562bfa1b57c274962940713c86,1297,291,1588
14094073de171202dfac55f5975e484ad0f79637129f388af4c3995b648a74d1,1577,207,1784
9f70973b91e51e6768da2c9e89915158b6b8e58fa7871231d5b55e5dc53c0814,1495,209,1704
b1ee9b3f83cacc43ff0a3b4f3bc310d3cc9dd649402175d0966787ce13c7b158,1582,302,1884
e1538e1e2e389172ddad1c93adc6ca29c43f03710fb84dd6795e0e038242999d,1534,213,1747
6410fe2863010341401b3408ec7aafbd42743c450e5d37e1e69cb96e09c9a1e4,1010,296,1306
11b6a2accf2c8c0f3c1817893b5384c5bf3bab119fa5adee2a9ee4f9bd807215,1104,220,1324
5f2d3cdade41effc9861ee9101de0d95198b23c28628bfdf6640bfa0ddc51198,2408,534,2942
c39d87f33663944aede554cbdbeacfe5e4deca3318a54435e01763c3c24374db,1545,449,1994
964fe2577bb7a7d7d351da1f89152b7395795f6a0bc0f2ee67134f4c5ad6e779,1017,215,1232
41c0f33866e2215fa792ba9abc7b686f57b2499d1824c11d84b2c3c5bf2addfe,2212,342,2554
6390936d1e0f9d87c7644a51f45a6bee751650f3664d9d5039e967f6c4a6fb74,2193,727,2920
2019980f99f140f647565b46d29e7a6054451bfc0aae61782ffd2076dffda349,1049,208,1257
5337e14b4c9553654da36c88f7c556ab2b61c8363db8b3d337328d56b1824e09,1633,1231,2864
4ce9d919ac1fcac8659a837a67748a4808f0950bf2597fce594d9a09cf4d6410,1102,231,1333
6b196c2c1df4bcee6971d350b382c2c262de9b8ac7ac7ada5812817aff55b011,949,207,1156
7bab68752852b95544a775ac99f53f432dbe857742596374f8e9bcee36961607,985,297,1282
8abcd790e0f2b38a594037402f934159d48c1e377cc8b8b1651f9d27f2d1756a,1068,230,1298
2f3e16ca568c5f819c680d5eae37cf30c584f7e63cc37770c9d5f3ae1eb7e2c9,1289,293,1582
e3a9157201576f323369973b4f14e907ebcfc14819f8795d89e2289877993028,1431,314,1745
5fd4ed0a7cd44c6d30685b902b267e892345d1a9f8a9fe9a082afe01258430ee,2125,1226,3351
ae3d507c0c3b01c2381cd0485c80239974922e4670b0fe686c28b9a85d2d62dd,1555,215,1770
e293066dfa88a65934b97d92ade153b3faebf22d2148d7e2886f1c9f0f2282d2,1121,205,1326
26421a38df9271655ff9990089d56c0478df4736b3046d7b154fa3f3b0656857,911,207,1118
0d725cdad7144118a3c29d1cead4c4435153c69f77885408f8c001197d701891,1222,207,1429
28335bed2ab846d8b46e887e3ae0d254ecd5d379bffa5ed693acc0500347053f,2520,323,2843
399fa6d8453db14957e01de265972dde64c13863c2c3d41573b8c95240e384a5,944,215,1159
948dbfe6d7f452e76497bacea9d052df42908a07d9e7faaa9f61d6239de9fd42,992,205,1197
906235526cfd5d082cd7cd412e3c05a60f150e1c5b14f99bef2579d692be1edd,1169,217,1386
5550114e55db418c4d839893cc1748d15403bcc2cb3e16b291a8563322bd4a7f,1048,215,1263
0305bdce017de50b3586942131d3c2c6c39cec5ecbc67f163e606599510164d4,922,304,1226
73215eb1d4e7e56b8d0d0561eef22a963cf8f82a7fda4180470c69227c83022b,1197,1205,2402
a1ccb9878e1388f06029b662e2cfd7f47f4b31596abb25837a9b2a1516395bba,1610,302,1912
6eb9a8dcfa9f0daf4a0cc714636cb9b9d1d8c2ac92e2fa9b6c90ff4c65ce07f0,1188,131,1319
fbb2f342530b53793a1f849dd99046837c72b16eadbc75224b91e23b6cd73946,970,288,1258
f25543d63f6c6fafcda550caeefa35fd736e59198f1cac258bacef40190391cd,1365,221,1586
6f3b28e51fd94c590153791092a49c30e09d4c195ee01b90e4532a14e79e551f,1065,474,1539
90abdd180890d017b616df8cbb4c5786f99f4bc55c30e2ae1f4f4515fc603b52,1021,214,1235
6506ade63c5ab19d4e4d944c54fe75ca4cd577637a6f8fe762d8faa267d3fecc,1172,277,1449
4898307ecdc27f59f0d8ffff93bbd12e4a7276cf6875879ac3f7a2f3a4479ca4,1056,217,1273
78d9f6da09ed1cf96d60cc22136f769c4c017a7dd9866f072a973ab393310fcb,1121,204,1325
cd455e3c7ff23a74d9753bd7b8123b39701b024abf361ec6e82e9779d1bcc9d0,1338,298,1636
6b602426c02f4330068bdbfdbf24381aeb4c74bbcc809c43c2a91e780d4bec4b,1311,210,1521
dc631393ef1020cbee34bbd7384798c620134846cc90e98740793a0bbf277e95,1504,594,2098
b63141d5b1dd20f7bbaefd35cfefd68a19e20eec287e8bac24fb4802c4f41a1b,1023,215,1238
2a8e26e0efa57c3710296fef9927e294719add5bd8aa87288e52f7972777d5a8,1525,211,1736
5a23e336be434d29f7af53b32934daff2c973260cb4c28daf9e754bbef2b8cf8,1396,227,1623
4ce19d6e8e1b938f8c4ef93e5a3d99aa07b1e4bc841f9540570f3879a13aec90,1209,280,1489
3e0178555f495994e89f84ae6665cd429915f3bd74b9cbedbc38725c499c30dd,938,364,1302
49444af53ec495b01c9889d1894b7731cc41e393369a41e40a6b728838cb35e6,1112,217,1329
101c34d864ea9dd818fa6ec35698d64b90c380e4ee9185b1aac24ca97a138156,1142,428,1570
56ca3f42b2e36b0a5a1737ddbe9bcb8fadfccce15f70aa20671eb456f7ece082,1256,216,1472
ad8ba6025032bc63a8c055650358762fdca4c49694b4f19135b595932720c88e,1649,1017,2666
70e9f89688e9bfdf205797c5ee0e51ea82c06bf4141b8875eb5a01747433625d,1745,565,2310
d30816df87f3f1152cf1c7b45df0724d754642934862b8443b8bba6c00823a50,936,210,1146
3b7f3184dc75d68773c25bf142d8b320151e5ff3b1abdc6fee9e51e459c68048,1061,215,1276
00bcb94c7963e5e4a41a2378774fe40cdd826e5270bc1663c8ebf7efa06bc700,1198,1302,2500
f809b485054484606810b98a5ce473c95eede8c1bc976a3a0ab16ff4b4aac4b5,1125,216,1341
08434bda5439a111d0deb3590c3b6358d9e0345372d44da06aea615a924f4c20,1107,217,1324
1f0fbb56bfcbc51c0a71efd6951ec63fb3e103be450c025aa8e472d422e9d236,1366,299,1665
04c294707e9fb7598f03cfe568bdf8d8c6c0bbed4e2c9830e30374d8599ba089,906,211,1117
8567d6fc33fa3d0899b130234deb5f62d77c3d9ffcf3d259f9d23bd30efe1ecf,970,446,1416
66cedc2bdb721e023095e3f25e950bfe3a275b5e2cf0764513f20e39404f7bdc,996,216,1212
d40aff599fdb8b240969ade717cd2b340c50cec7d320ae82f05b7cd56f66710a,1150,216,1366
82cb65399375c641335dbaeeb7371f7e2e8511fb9a781281e0caa2ae5180da78,1497,308,1805
348842eea10674a178e7d0131c2dc378a653be3fe01be3976877e40351c40b71,1426,209,1635
3a4ef120a1deca4c47e5cd7bd948390a9617ab44a11a4c61d78db5667fd529fb,947,212,1159
d3e97ba878227194cac23e84b9b6c0964328730b6c1c195d6f98b08adccae87b,980,211,1191
1f0b3ca7373608d85b645f3ad0b84de591193e54a87e3979caeca1d2388e856b,1480,228,1708
940acb45af61614f4b663a56e1d39868884b745983a158953f47d94d11b1b4fe,1158,210,1368
e9950fa0ea93b78a5578f129ebcfbb67e22124c20134d983e82f439584a13763,956,213,1169
6a2660f790a5151db9feaa5274982334d695698ae8e6819625ebf872c24a668b,1165,294,1459
490ea21e2ed825f536d716a0378aaf0040af9b5ec7928ef53238cc4065a24f9c,1142,217,1359
9f9546724a420599721ec0885a6f31239385c766c45374a8a5dfce1cb3caa72c,980,210,1190
63df4220ecbd7ba1fd680f2469e8fd298efba598205019e44188b14191a1cc24,1534,217,1751
4bb3f81c5cf6ac50f335586c3a4d17587d1eaa10a7bf222c5ecb46bcaa7ccd0d,973,212,1185
d09f590b64bde45e6e0cd8669cd364ef138e4902d6ce5ff15a810a9bfa2c6bbe,1015,211,1226
0cb6276e7d655e71f8e2d8d5a36e0d015ffda7a5c8c592d5ed09de0689ac4c60,1503,666,2169
f7d91934637dcc91a4f6e780b4567d2b665513b0f5811fedb8d307699f1ba547,1683,328,2011
a8299978c42d78dac3b188a7f2a91cf2b5c40b33055d16bf7fed7406d3c5d0c6,1150,214,1364
0c9dfb0d328eff67d4c7925fb82d363b64f3e18cc6281b6b0b4229db86e97af7,1119,210,1329
afeb5140328fda394d727c10c6dc042507fdb1d8e342112ffbf0baab8c85ce2b,1572,213,1785
d8641271827ddb3b0ec185ee14703a0d43a3d77623d28232c587887d6d04df48,912,216,1128
bb4a7b2763b0518ce2f82bf7c2981d3f05d6fe6a1ef7a1475838961beec79f9f,1152,440,1592
4ffea0436e5b67b24e8255dbb4d53533b7ce88415de7625e8ac099770bed2fb7,1610,210,1820
b3e9a74edb54c5885cae92795a36d459e6754ad4fa46a81ebf8de3146e61038a,2011,656,2667
bc29df1c5cfe753297b87daef0b6f2d258444ba9709af0779fde1a552b8bb9e0,1402,373,1775
021bdbdcd2fb72a9cb2d5384b9006c6e38ee538a9fc78f8729f3f0644e989a40,1257,373,1630
f97afde00122d11d3b47467efe5335ba2cac5ec6ab45c36299c3d91870eb0af8,977,209,1186
62a0a2b451e8122a080dd4b8cfff009758ff7308c9ba4768ec618f134caf3885,1132,290,1422
0733985e6f4484a92639ceb5ebb7702cc9e5c485df9d8db548a5248234a89ce0,1048,280,1328
c5fcaefd9c819557f198350a9de388ee0516d75ffb391fabefabc9b349743cf5,1308,215,1523
5c85c3b1de9dddbdb62a7a5df49b91f84b1dd5d6e9524f5a6aeb3e75955cda5a,1024,295,1319
73959ff2ba3ef5a61e754a99510c2b4de20789a54e5bd59ae4c246bfcd750b24,1053,210,1263
a8ebc2e661ae30988b014867a71e3d434ca87cfe6b55a17e8604fbd9acde1861,1145,211,1356
f4d50766dc04ab3724b6e4bf984f968f70d7b07863e447612c0ab6fa3ee33302,1229,216,1445
fce2cfa8fb66fdc86f089c7fa1997c53aa8ba294a0b434ad7989f66fa42f9190,877,286,1163
5aeb55f01eb7b3062edfd07a844da9e037c8f2129962c3191e54417a99d51acf,2251,652,2903
5b5ac6ff1794f50407ee1a863f637ffefb547fa014cd9a51ea0b8522cb1d30d5,1121,205,1326
72af5a63cdd2547c7dfaaa38a4bf47dcfc17ab7367d4545d8245e8222aef5fce,965,292,1257
33ed9e57873c863a7d31fe0fa29ac5768b25df7582e07bb472dc93f92bfcc3f7,2207,894,3101
fe789fde507158f199ea8cade70d3bfd2aba94ed747183fc38ea5e7a22834c56,1206,213,1419
3f27ab09125b442e68c233bc4f2b85ef117828c6d27080bc3291ff430f33262e,1121,217,1338
91beb7171affbd58d0cb87de185aff1afa118e57c8b21d32aa3a2c81a73b553b,1888,455,2343
b2b8e6d35e20d618081a3464c55ede6a22de05f49fe3d008f7803358c310854d,1091,287,1378
0be59c1a7a112a632a4eba364a4faf8fd4e5fd2172667075567908b8a493df82,960,213,1173
6e403e4222c22331f2df3d7cc22d0ed8f7f84849f3879db13c288da22e1bb621,2138,326,2464
36052ea4392aa4673b78d349f7c15c025a266b12d7355c408e564823b86cb2dd,1007,206,1213
a719205336c2ddf43c4c6b3180280b03d60f019b96640bad9e97401fc07cd164,1102,476,1578
9d9e1f88f8553d9575f4f6eeb4bdefdc9a4e4a6363154262cc3eab7bfd8545c1,1033,299,1332
a6ef1bc184d5eff4a0ed0f0587fb13e34cbc2db3f32720b9e85eabedd5fd164f,1187,434,1621
6b1bd9e57c885fb80aaf52c224e8b89bfd2e25cebb34df5c24a481087bca3811,1289,706,1995
0b9391b58249b8e9fa4a8a6738588a2d34a3f372f7cd6aa0b336588c31c9cb8e,2143,321,2464
3be350342178945f70a4608af3f5def403db38cf162f58fedab101c67b970f61,1610,210,1820
771093a98c206b7e85abc27073633e4abf7e5ff42deb5996ca096f7dab513803,1013,210,1223
7b7a705602b65879e7050e19bcfeb93605fae6025731ecfe8b5748e3e59e995f,1378,300,1678
f67f11f62036bf6e1ff7d9617a2721be58ba4151dfca3848e6090a6637481858,999,299,1298
73b87f845cd5e5839452db244dfd86749f0ccd4a1098709a52996c72b3f373df,2231,335,2566
c5704ecba2df3b852de3a856cda5ffe5e43e5009bcbb993f078eaf6a251fdc7e,1124,205,1329
c09cd47767c36c57ea899564134aae81d9ef674df0245580f2061aea561f20aa,1351,296,1647
eb99fdb31dd6a53699255b3362bf3be2a4197e93409d232b228434db0a81c08a,1396,215,1611
d2d1ebff00b390a81ed7d844110733b54b4893ae4ff1141044d1ecdbb5058138,1010,211,1221
a24750561c2f4b178aeee2497949dbdf03e1ff91bc5f4332e76ec1fd7ae65949,1234,297,1531
c092c86b6090373d8409cc72fd0376e86ad85d17037afee73e43232bdc4bcc30,1047,295,1342
0d52d9fe52535d2f33d9f56fa020962cd61a7b54071d3c557fbe71520f174109,1112,214,1326
a83142e8343f3f6683e77bc4df75335eab3bd9a7f45180471986963022f22e8b,937,215,1152
19f82b9be8f0e72617d6c5962af7eba979a37a27722a2009bb21bb446a375b03,1007,212,1219
6388c6b6ebae3185a01b71eccbc7deb48511026ed3ae11721bbadec59760303a,930,209,1139
3d62fcb5f1d04740bcb2e4e82b9b62d6e6e62bfe32b4fb7809f58262a87e9f2e,1481,934,2415
751b1b6158e6a5087fa2daff84b6871c396b950815b2cae5d2a64768de5165df,1124,207,1331
10ab896395154a03f82ca004358851186e6ded957af56aa9a003fd13b47c1826,977,216,1193
233c1088a452a3b95db9d3437409032aae28039bbd0ce423a3a93202cf521ccc,980,203,1183
8a59afcbd97d77959ccdb54c03ee2f169baf625a9e5cfdd64784d3ee5f08c392,1101,208,1309
2471634e2913950d0c1b0d40ced0d9fb2a842945641bb97341faf27b49239836,1421,284,1705
dff28015c845deac0a5c6985b7ca640bcad1a1178ce12ef88ffb8c9d6efa1410,1958,654,2612
eda9b7911ca94d13a1e53e7fb89c495311e057ae7eb546ac4892e18fe8a00074,1505,462,1967
276b79fd13a47fc06cbcf8eef6507f41ec8a723e733cc8dc0b581b85947626d9,1273,221,1494
cf94c7ab33369b04c11cc727888a6d85d8f6c0afe06998a99479fe8e3c003610,1178,359,1537
5f5e768dc8b7876b0b89c683d891f46b14e75cebba93e9c5156f89555a344abe,1850,780,2630
f0372a3401b6b22314fe68a3c670638675183ecf873c804fb01adac6a6320d2a,1712,775,2487
8068a8acef3b3885c5fa2b7658016911db8a279867cb123a7db224686f8738e0,1083,217,1300
19494c1431609a298c97cb15a89de056449c57567c75705fbad3392056d19bab,1035,303,1338
386c4fa3dc1f36a01581a16f08cc9e52e118206dede2f92595561884477a767e,1125,217,1342
13d000866702ab1003b78c5c43f0fed5f1815ab6e038a7012f1d7827e0967adc,1124,540,1664
c6a01737f3ef69514cc3c592f9320dc943dd5bf711c5a9a605d42dbc34efae30,1415,464,1879
b5d103d7288a8ee6ed1257df7e077c56353e1e253f673b5b0d96694d32402ead,1190,217,1407
c49f5781d75e34b61c74ffecdc58a4da20c2bddf5d322fefcae6d8c93f6e3fbf,1113,205,1318
7b54c3d34368f0153b65889613b28a4c877bdaad5d3b2f12b1e05eb84380838f,1600,204,1804
ad8de59e591ff012dbf06b999ef4e900a7af3c5ce217857e5a9611e0645b78d0,1146,632,1778
735cc5fed99992b3d0899305d048cbb55be9933689bf51c6802b4ad14ef45297,1331,374,1705
0c30da1bc77b8f59953522a0ddcf3e9d307d95c5581e185d400fbf2a4ac2ff5c,937,584,1521
446da87bd68a5be534bdeca896755cdda59afe81c79d9784908ec59bc7552e0c,996,376,1372
da42a1cdec577b2f7ebf4e10719f4c2b71f391706e93691273897936d12b282b,1308,209,1517
4b4f0638fd262f0a9d54c811ddf12059cc313780b5e6052a699dc667143d6dc8,994,219,1213
8b91197f9ec5fde71345b845e61caa4949aa841c19c7035e2682ec6b3d3dd845,1124,309,1433
2daff897cad5798c488d8b553a54328b43e808cf6b7cde568bf6dbe023d9e1e7,1041,213,1254
7177b8c3ebf695a13fc0b882b464a52744bce7ddf18e61b275eac116798ca30d,1541,656,2197
600982bb0ed6f27c55ebe1ac91fe516aea5653057ece8454d7f8240a3f90f508,1684,332,2016
76f86316d1b3832a6d2e25921d25c0261b410185c57df0e3301a1e86b883053a,1527,450,1977
bee560ac61354434efd4e01f91533ac55ad06f0f9c6908f3c559302f8dfe9d33,1124,205,1329
86a560446481789a812fe9accefe52d84fc39495a4a061b21e252db73749f5f1,1254,203,1457
4385e3eb5fc856b34bbc53a65c8e8ff176d0f0a4c83e322abcaa852349c90d3c,1150,529,1679
275e062a718942d700ec35c0c38baf031a4dc7239359779472c48eda1060511f,1279,216,1495
be3df1a5e180bdd22032a1826f49d7fab108fb757ac59cc1021936b0196ee980,1606,436,2042
cc7b3b4ee9af38d31c9cea425104feb2883fe43e489595ead45e7ae33f744d41,1093,215,1308
4e66ab97a83cb5012a536fffd498608c51ed667a4afeb51cb17c40174bde6c5c,1296,286,1582
da11eefa17d94b31b54eaf9b0e6c556322f17bced4bb35816decfd49eb886879,1577,212,1789
8227b872c61fac91ddee4cf06d623811f7ee3fcc8b51351e24af6680889a21e3,1241,448,1689
ef73e1abbcaa72ee6e7d32ff799cef134b161da9977c04a5075f65f16bcf07e9,1106,212,1318
3a4b24f6833895efc3e8aea3b7562a93357496da1348838458b4a4e16d4d9c25,949,215,1164
cd93affdf70001ef25a2c8e7947c24130391e1eeb59cae7088aa2b36dc939696,2123,345,2468
c6081d11a91983d3340f75a4c0d5e12cbed8d5a5f3b0be3edc2253cd9c7e3928,2525,328,2853
4e63f501074ef964c6132dfc8399648d0cc24c9a9db1c8b88b36c2445ee35782,1170,137,1307
ec11b0eb6554817bd7a190da10587449adbaf4b3ab812312207cf205f5deceff,1564,217,1781
8488a0465c548377d27a78d4ac9430d7829364d2398339aa63f2463ecf9c4156,1472,244,1716
6596899236d2107509dd13b883f12c70f44ecd3d03edb17ad624b89d492a25ef,951,248,1199
a8297b7f41ef7ea7813205ff4455794b626d062f530291226415dd2c128266e2,1127,317,1444
25352e8b0c27cbdd33b6f1639b46382717887389b107a8a3050c105b1089308b,913,204,1117
0dd5d8e85e4d8885d978e208ebd157eef3de2c12f06dfe69b434d1f9ddd1cb5f,1087,294,1381
df76fc5ae2bd617207dc6e502f8819347a22007b238e01db4d97e80133a1f894,1517,211,1728
472b8ada52c19a24a1e5eaef3282333d612b71eba9f4b236f001219e2675c4cc,1633,326,1959
9b19a30e7055a345a5957de8297961bc24e8477d7ce21a3eb62667b83dfee8db,1312,457,1769
adbb666b0cb01121aa2edca8c0fe50fed52f48da7a1bb8c3f1ffaeed54934940,961,380,1341
a85c83124c8cc2c816ca8d8aa827d6b263e9c3fe46245975f2ec2eba013241f9,991,272,1263
8fd9a868ff0c33da352c3fb9dede05961175a2d589662af835f4994959262165,1425,446,1871
c65e757e293f9651690a6b870b176ddb19faaae0fa3b7f9368bc7d635c251f10,1223,231,1454
df56d52c9e3f98d9dfc5885caa4b250a008115f66f3b5b324664e0bd1840fc03,1187,282,1469
df6a24f98e40c0f889c684fd1ab6ec21c0f74da658eae37cd7e0f9b0b163ca65,2260,371,2631
a716ecffa4e72a574df52719884d56bd9f30f7602e1545adcedce6ea0d20e397,1012,214,1226
b4143cbaebeda2d0be05de8c00a6ea053722658fad611246301bf4037b76d13a,924,211,1135
af31472023f06a46147eacbb7339a112d01fdb344a4f55edfe87059b0947e4d2,1084,295,1379
2f7f2cb47fee4fbb73372a31515ffff8eafe40a0fd4b616e3e150bfb2a59340a,1001,208,1209
b942382a85d2d51f7a00f3995e3584d1231579590aa9d2d066576c7e2ee30a31,1105,302,1407
8a38a97b902e8ee51277ae0f4b9f8f4a22b4c65317ce29332d1d88175eda5994,2229,1045,3274
4719bb8e575a04f7eb59726fee9de7d659e30616ef19f87e54305629202e5db7,1124,205,1329
9fe53de6de089ae856b64a77d810e530b47c2fecee23f69923b19dfbdac2ac1c,2320,441,2761
081acd487a05f182df78182969e38cfaf632d8f79adf7ec32529b251d6dc04d4,1547,367,1914
95c71d6aad701df36ef5be6951b6b487b2c5267811fe8190a8c6bcd13041d72e,1124,205,1329
a8598840d02b1f99cc1b2a3cbba31515ad171ecdc4d8c679a55f431338d46916,991,205,1196
64989c3bed020cd4c8946943fe4c3bd41cf47e41f5d8268d1e2c63dae0999d55,1256,584,1840
4c09af72a9f9f6d19325dae10571b8ce9288042e864a731f069bd3dce58f87fb,1483,743,2226
77f10087c66a18d111f59b53eb5b5e34dd5e0bb38a54cb39b9850996da664ac9,1081,204,1285
89d629a6b2dbe1e5ea128922070e115a0cf10a31eefca9629f4e2f467703e3a2,2181,816,2997
a05e03cb3889c06e33e45006d873af59dadf5c5095c6c28bd64a7bfe6d937e93,2146,1451,3597
7d076671c45383b104439c9f50378892df50f5efd9bb62b163bf5d6a148477a6,1209,216,1425
13735feed912013c05d6e9cb6dbe679fe8ebdd8043c8b4c3b39772cea91a3f47,1739,977,2716
e13001f079b9440b7ed61733a4fb3fca51ca9b46be67288a046c0a07f71739a5,1056,213,1269
97a1124183ba7c746144bb18e629a083bbde9f7c7d139a3d6c9540f2457f180c,2180,606,2786
1b6c59c6c6f64fd8dc8f584e1ba83af5bf0c16798b0f2fd683420214f4066b5c,1120,446,1566
3782ea2048db41e0969c225ef22b2102a00028557702f8b7f3b013d64e3c281f,2223,925,3148
bbd184eccab36536e0a6ffd8a466dcc2728a27d7770913ae1e5cde7cb88f45d5,1197,323,1520
da51c1c53c8496df800dfe3c98702d78e466b3648dfb5a7b518f70b7059e40a3,1301,292,1593
1bc299d5de5ee02109aadfb5be0fb0ad369aa091efa4201c5c718612b2d4fcdd,972,536,1508
0ae8e7bb1272d9c98540c02f8e209f56222e81a343b4941bfda8de5d3d2c857a,1379,305,1684
e2be918a0788f7bd3d4d3dffc44885f9c0770819e19b76da47ad09a80d7f2382,1028,215,1243
c0e1cc72521212f5be8a93830a85287cfdf8a9e11a9bfa9ac7e93cc3e9dccb50,1029,214,1243
5ec91ae9327c2883bfbb859a920061c9df6361cc76901c5028f70ab2a1e0ef7e,1025,214,1239
1ef65c6ff090e201e8bacc3e2cbcbf58ac83c133c2b27edfae246993c5541d0a,1256,213,1469
a5bda837dc2cf0d2e7a2e5442053c06f1de208bc39ef4e38cc70b0bef0730214,1568,411,1979
b85a971deeaec9c484c5baac563ec5511f11e6ef97af01ac43969bce45a6e259,1086,215,1301
440b6043c8c88be2c5f9acf36fe540dc13ff7835fa9b327eaaaaa6c4c82adbc2,1922,433,2355
300e636a41d2ef78678c7fa267ee94b8f976f198813b0b469cb9299630048cb9,1018,214,1232
21c7cf0614a12089eb20f84b08b2f42b737857dc8049938fded71f84c75307df,1181,297,1478
3e088dd9c590a5f81e7a68af72871d6dab2b36fc8a3e52729b2343e2ec459111,1123,205,1328
e387055a88900da96b568974256d611f31a67c9d98426661ecbe08b9ac8a94df,1042,364,1406
bdec835cbae5f75e49989559c91c9fa396f2e3a8049ca93c8037fa349eab178f,958,210,1168
af9abebfa6c663fbd511bb49b2996fe7d76ad263a4648655bac2d9b5c73e5fa3,891,291,1182
d7891740125c4101a39d29d7145984923c5910e5ddfb9d982dfbb703610852fe,1053,243,1296
e7f26bfa62fb92499320702e3728280778bbeb0307f839249a032cb9e2784eb3,1316,283,1599
48a09521a9795e7c12e20cb7c6e98a2540a820c4eaa105b32ff1e3c4426c7e65,2178,752,2930
6bc659ea537de6fed7d3958526a908b141493f0a621ef2b6b9e713dca10bd1a8,1229,407,1636
e219a59a3d978b75cd3db1097c9dbd8836cd3008e695a9fb812de3c2deac45f5,1198,203,1401
ec97da121fe4b2c11b3b0a95e4a6648e416c67a51f01c590e9a8ed69deea4b5b,1209,458,1667
42636cd0d3e9bec76332a65fee7d336741952f9bec4854148cfe6d7767276a2f,2337,2058,4395
46149d1b3bb1afe5ed010ed5ddfad32201c19025bc5c36c0d4bd3aee6adaa9eb,1230,216,1446
9a8258879cf17d01dbaf8b1cb1dcc926bf3a5cef18875f927d58027a96dd0207,915,214,1129
f9748de89ede8bd5be16327b35bfc2173ff1fdc4624271da3b04b75437e6aff5,1040,205,1245
45ce8dd31fd49d133b56c37891d78f3cd802d545b17b6447802c63e5babc8ca6,1995,1435,3430
1ed3225c2d5fe82dcbee2ae466535118c4bad8f62fa5f59a64e00bff0a1b4c28,1055,431,1486
8106070f2e5e0ac35ead56e0c38a7f994243686e6a86d3970f21882bcf29849a,1104,202,1306
3810388f805ada129c7e1c00e567856bce38be06b736c0e68a899186b0cb1bc3,1570,217,1787
4a5eba47b92880439dd6fcf7e68edcaca47c9561683f9b32e4d620025ed197c3,880,218,1098
374bc9d7ef09a4633fb80a173fc26b913f061ea4dba3b811a32615474f6eff69,1545,693,2238
615e1b19467410f37408583054e70b0ae04adb9c0dce706d61a19535ba34ecf3,1080,548,1628
62b5436384b8ade395111cfde500c313df76acfc171b732e2faa34b3e160728e,884,210,1094
465b8d1353a05da222b009f7b7bc8f682ebe210130a625a9125b2b36bcfd6c2c,1477,392,1869
67545300b0428f2e7cd7550dc5159137d52d5f770aa7f9f081ade4956fb438b3,1724,607,2331
b81057132e38493aa6536449c192b7a2a6c491a16aabe078645b376d6209f3ff,1948,615,2563
9b0b0eb157c3b160c7d63ed8833eead8d80f0605dc3674c0ec88514e7785f950,1225,451,1676
616150fc0f00323f5997bedf4a8cca74339c0f19b9f7f360711ef70b7be42eb0,1379,280,1659
53f01612f79f0a688894fc7396149442c4a7174bbede7507884dff55fb6cbbc3,1123,260,1383
feeeb13c59a7dee74bae6f31024af263f52efbbf58082693926b46f5c207c323,2127,765,2892
b046270dcdd09fc12ddb263b5ee635252af808cd342757fc97832d74538384a4,1349,307,1656
c3f54c2a8c89d90c27966875e109c669efec52ea5dfa261593c610f64f2b90fe,1426,139,1565
8629c5d4ed6f82caa10677054a73924750f0cc8fcc7ac4a3a6c1d283fb5f9bfb,1285,280,1565
7e278b8372c6d83abad1d93108667f60af5378f9664181eb20d9c58d09cd243d,1411,216,1627
7af9a02c9c8034b6515ab939150f86677ac1633a80db65f475147d4c40d31656,1554,211,1765
7a5304d80311f77e322c72e885bf3bfc9312e5615b35b541fab7d828f641adfa,1345,285,1630
f5e54e7983eefbddce9b37abc6d6a0e54483ea02f7df82d2c8ba46fd102a1dd8,2116,318,2434
994e85723617ebe728f5677d09c9e7e895bb778a8eb92ded066d5668d1b69d4d,1233,1392,2625
6d74f0faa019da3bfc0f51d5f8d3a51fb48dd3b165101d2b2339eec6a0b9584e,1488,291,1779
f986046a547dbe87d6ff7023951fbfd2c83c3e59f2da50da1b0753a55e43883e,1247,278,1525
4996450ed1135cd25b4c4435d4d07c779f250aa9357b14dca8f1a1092387ab2e,1582,212,1794
6cbc47508b77325be095188f5c5d082b41d380474c54a5959c679310f776b93e,1181,142,1323
80c54e88be7f01c0657db841e9590dbe78133f495c90e793c9cd8878be414f0b,1541,569,2110
9c993d675fe21ac9154cc39b9f1ad0af1ac21780c25ea89fa850ab95383bd244,1132,345,1477
69225cabf9c0d99ef82b4b3b05814c7497d2a0edc1e39c0c99be52b2a6f8f212,1710,780,2490
6ca42cdeda04416c90cd03bf897983416a7b9d0791d44b290af5cd1c6374fbbd,1241,531,1772
9fd02bff03c83084174f98e4b1e0cad7ee4f3fcb9fdd6cda965475c66fb4b26f,1170,218,1388
a8fd96a477bb544f185e90036ce83f1743f44b392a0e6f833dc7591cdb8402d0,1104,306,1410
efa37a744b54a0ca66763d1790e8e683f8077f2d3fce6bf357590ef24f849b75,2212,554,2766
3b623b7da73f2d138347fdfd8efc1698a3b4ed2fea02c0d0b39a1c7f4cb62a12,1451,446,1897
b7e5052cc6ca1ca8b9bde3c78f81ddde98df0f7530ccfdc6b0a4fc7ca2b4f69a,2091,649,2740
ee3cfa913e226cadf68e9fd44c62a617d87ac6a4a610125ae0a7567657151183,1349,209,1558
b05217a21fa8eaa31d8ea0dccec4968993cd26dcddca49c35b6ee4484571960b,1391,211,1602
4c78ea00fd52e42821b7c45e90be018cdfcfb77dc18a99fd0371d826f770ca83,1442,208,1650
637cdb038f73c10ea2bc217dfa6a836b82963aba2478c134e6debbdb1e28421c,1458,1185,2643
5acf3e344c316472b811c4587c02e716e7fc668dcec1d2320af9ff2e34e19a44,1659,648,2307
6f8ee673283d03f5176accdc5e7d7089dfaa63bd0f87e0e2daac9084703d321c,1584,353,1937
24b73b819f9aecd351fd8c596a79e75b6b183d25177de7358b6192c30cdb5443,1341,295,1636
430d25e0811dd9f15eeb10879fb7d32613ddca476845de20cf9d8bea7991da00,1196,360,1556
4a4ff730ad0f0268c5d52f5e86b78ba3173cf338e1dbed8073e9201ab9a9c8bd,934,210,1144
617b2fab63d5145dcd38bdc404cfeea26b105c4d826c0beaf34c3ab584baed5b,1359,213,1572
6d1f4175d681b581460f0b22b4eec0a015db985b963392ba9f9479a322609aa5,1638,548,2186
fe2d9df150b9ea2bb2fb6d2bbaf7ffce47aecc6b6c8fbd898b56cd8ea3c4a952,2220,1354,3574
ae0c78f8bbb618f0d7b3fe7f9c3c595c11e9665c60388050524c02b19ef4b18d,1634,643,2277
4a2e05989e50557dd8ddbdefa2b1233497dd2500e999a93509879e4b285c4d95,2349,321,2670
61d20dddac83bef61a2597840cd666ec7d2208278e3cb9d14939fadd7c8d36df,1003,362,1365
c195521d8587ba1f4408c7a51cfcb576615f6afefe3093d1e4a5e2c71b4a5ca8,2309,553,2862
bdddad4fe2cc9ab24767899dab279454a280d7429205d893bdb14d5cb4e8c715,1243,313,1556
d45bf70b65a5139bf3db1caaf16eb81664ea8b2e2e03fc8842354568ed5716e0,1113,210,1323
0d1085f6c3d650012df27409c20184ac4a198d33a04a45bdf2fb7eefe42dfd7a,1016,447,1463
932221ca9fb3a08686741346e9daf56abedb5e69834e673ce2abc62be956565c,1583,444,2027
f5ad1fb85e495aba3bf8f6432619deb7f87a128d635cc515c7ec88a21e8718a5,1301,218,1519
bcadf05093d9cd195a8cdf9c20d65642aad6a5188077299f7935d9aedffe0aa0,1279,208,1487
27f2b4049830caaa3caff4df23f93c08178bb1437f208b3671fd4f4b5a332ab2,1083,370,1453
4730ca5f0221e8fe1b11a57fb0e6760bcc6696cbb62796446b707a8e4d564fe4,1048,215,1263
1107949f57e8bd52fb9d7f252aad17475a0e0cc5953d4e532a1457b62b6883c0,963,209,1172
43ff85067ac5b8543e34238092b76d2fd3b2e3f130ea72fa4afe105decb5d00f,1060,285,1345
227902a21aca3e1ceed057b5aba810f12be15c686a4718cf2b28969f4b89c1f6,1513,354,1867
990f62d0a8efa2581e19e49412191bac9b236d2b49ed1e4522ad9763cf382bf8,1033,208,1241
00b23e3cbb6096310ef8b058d5db87ee19ddb129e7828b07e672b239ff22de9f,2205,1695,3900
afc0745401486ab0159c269e4faa5fb1b865f244d5124abcaf69978ad6779146,2301,1698,3999
a6e8be81c61138410cc35240f8365d679e6bf488a0d4d584bed2a954bdc16826,1100,355,1455
2ca4cfde3f1eac86229b21b737de52611978a5d0fd0ac1d1f05ec56711831fe5,1642,750,2392
1036b7cf14fbe42565fb8ae6ab5f5d7da2c707029b866ed18304011cccda9d50,1128,211,1339
f2a5b19afbddb66b2faf1cc836fb473568e34dd8196aba7015459b4deaaed053,1130,282,1412
3a81d36bf82742ed26e72858e5b752e099d5eaa9bf4aaec4d73fb5d0a699680b,1193,217,1410
35395cca1f710b159df36a1445e6cd8313abb2c77144e391f5b1963a092e8905,1209,381,1590
5b5b94bd9651007db1d8c0d9c482d36fac0f232dd6753ed3ac61e3991e6a9860,1289,459,1748
9a894458b8ee963c859c21994e9eef3a164dbdb66c794384f08ac7dd24f25d61,1498,363,1861
6f7fbc23846e74dd00dabb6d24cebce900305b2cb113986e5e8a75c0306460bb,1061,210,1271
7c9496df0e8934f6d395c97c831a7b847e9f8d1bb992507fc27095bbbeb8bab8,1124,309,1433
28c184aeaa9d33e6556d5df2af299df90176aa5f689e1e6167d3addc0d84734c,971,278,1249
8ba30586f2c3eecbc61154edf1afa157a9156b855a08c5dd7672b3e5cfe61e29,1551,662,2213
00c198427a553830bf4d99e37d409ccd9d686b72ac353cdc0834d8ec05f5fb15,1462,576,2038
b72a66e45c842ba31b3d7e337d188d1854e29ca68d7c78ffd11dd53c095c4363,1538,608,2146
af83b780a22d5acbbe1993be94f7768d88a6711e00c9eb7c8da0daa2609bf38c,1562,450,2012
302453c982b0efc5c501a3ba2edbd54d318d1a9cefd2fa57d0b127e64cc95af7,911,304,1215
660f344f810feb832e5273e67d081291c3ab8eca7c3a76b66c9d4e41b53c38bc,1026,370,1396
2c75fc786ae84f364bd1d1370f40b52d58541011221a9a8125540d1c7ccf8936,954,211,1165
197c5de5002411a7b6388d94e74b430e004f3a4cba2d36db2969ca19d88eb2eb,1090,304,1394
4030336ee18ac41f364f2ac5bf72d4f4be3875f94d3ebad1d03c7f16a5a8a427,1052,256,1308
65aff5edf65623610df0ae20b0b12bdb2c3ff0deaa1d29ff8c2be3baa1868f80,914,295,1209
55bc98c0a09fcba336e82231d314011a85cdf9ec177f4affe9c48c2a2a5dc1e2,863,210,1073
ea29327da7600f5834c45dbff3f3423190469d684d5a13ecb37c6822bd5102ec,1623,664,2287
8cc04778340658679c59b1e7f6b68a279eac6915124a14fcd2762adad3bedb36,1570,283,1853
f981b945a18fbc89064918b61513f9af66edfef3e2238896e1e3c1336f81900b,2115,681,2796
b7b319abeae8a5580ee963bb8048fc119cd4598099f1fa115964c53485947820,1039,211,1250
fd94d7829c9d66f639fa250ad9bde2802cfd6f7c58c58e276487a6ae11ca07a4,962,366,1328
cde72b90a820c22ec9e7a16ffc71a8c2e46e205303e889f686ef7e0ae56ee970,1621,320,1941
8c8e394532435d273f13a10797da95effbcb2da17e355c9a95087470931bb063,1222,441,1663
21bd2a65c197799f2da8196f4e5ad4fa05de3546803b3bc150ae65f5805057f8,1124,205,1329
fa4a4e7ce7fdd582760f08b6caf2ea74c16c4aa77f860340767506d5062313c5,2030,578,2608
f111c628ff26c0082e7324a5a369253c87f145bfed74ce60c34609b048215e1e,1305,292,1597
01af3fc88cad31c53dfd7d4aab1391a6ef46e73a6be62f84fd78038cba08e006,1044,215,1259
7fcdb24099045f44c443b0ee8108b8f5d3a5604be3134ca13c186b7d91c9f29d,2164,1284,3448
19e8db03df900e3b877da5ce9c0d1fe3c116c0ef5d7459e3a5f85a59c8ac98ac,1019,207,1226
0a465acc4d2564a8efb5f696cfa324f569e1cfeaa2877baf2f8a8293733ac7bf,964,290,1254
35aec1d1a54943b864da5abc2a1a2fe88d8d2c7f0f14ae628f2b32f6118dc63d,2235,668,2903
aae0ccc42e831b98f18da501104ea7861954dbd71f9326424ab03c3e2851a378,2085,657,2742
66282a3249c792978b999dd86775b299a660371834976efd2075f724a4cd6226,1182,315,1497
0a884c080f7264edc7498dace134f257a900bef207bd154af03c5bab26a40de6,934,205,1139
7b99376b59250a65480c326590eac4cc6bc5257e4114b32967174b7f108e6b23,1135,390,1525
4c850b41327a3b8bb9453281cbbae3eddf33ba44f3766b0f80bac5f3a2398e97,2168,1304,3472
3c89e7eb200a8ef0caac01ab454e947791e524438d44b99d2a3654c10a5bb33f,1245,311,1556
c4b46b9f9be58ba82fc1f31c8f1dcd11cbcf7c7f843410d57a36dc8794947bcc,1317,355,1672
fcb2034e8448cd58378effa27ceb2d04b612dc81f4f03c663b1d32b83adfa658,2269,1040,3309
5073f369785793ea9c56bcda313e84b478d86edd8d73867298d053e415ed67eb,1067,801,1868
ae065533a7accf19bfc803b98d7684e53da6399fcbaa8418fe763dbedcdca41e,1430,832,2262
d43dfe2123ed5328b54d902c2daaaa3e7b4bc470afe42b910eef11b669e73eaf,1130,603,1733
fe1e7e46b1d471b0f9bf75e116f9c620f64292d7a5bb5cc333564948b090bc08,1809,828,2637
47f1d6e510ab9627037926eb998d0e801004af8d1dc8fd2e9a3df34552312f7c,2208,1128,3336
