id,prompt_tokens,completion_tokens,total_tokens
aea86498fd565f9e86e9fa5443525e32e262046cbb9fe9562f9ea7b93525eac0,1274,203,1477
95878014a7c4b71dbe5519aced7711960fb94da0506a48ae4b2a8a85f5e3ebc7,1124,204,1328
d4fdb0b62cd811f2bcdd29dfca7c0108035a0a39437430de42f9c39122e4e6e2,1172,208,1380
33542cea5f0f1ee21fadfa41f17687884023c935b0594bd808d3861ba77832a1,1143,215,1358
75fff065d3054ab49acf8da86e005d451cca59bff202f6fdf87f7b261afaede3,1418,274,1692
e5f8f6e044dc4aa47560b82e38e03b52b4c421e9d6eb1ec061851e913a05f300,1127,300,1427
89c1abb420337620c9a5c9d62cbb4d3f00b2291df69574c47475306d708565c0,1366,363,1729
e93eeabaaf928d5bb852bcb5bde7c0cb54edcb71432710b228bb90a83a74fd34,1066,205,1271
296be60d9dfa6553725813e4093c776e334d4f594567b99b629f6808be993415,1215,202,1417
23dec171f790c738dcc145005f0eb60c5ac519c9f6619ccab17b12be7a9ab127,1123,205,1328
c122adaf4ce04323fd41f326a94751daa493827cb6a07f58c70705d9e9e34c04,1009,456,1465
240d1b1bedc6c484ebd4d72b9215bb997f3b643d18c73eceac3520c5a6c448f5,1334,292,1626
3ee62507ade5612ff8bfcda56ec26970f31774ec59c5569526268707349b8ebd,1306,208,1514
77a3c054e2fd171077e3d1aff13d80c556d90e354f6693bc0853ab45a77d9cb5,1146,331,1477
27cc73643ae9945eb5f6419507c996a5ff71e5fcbe50bffaba272e9c48a65693,1259,212,1471
4abeb13d7e84afc447ffe6afd565e3838d0c1dc83fef2c9a2498a21497773cbd,1114,254,1368
aafc41b8462b870cf244ff95836f1e039d9184e3491a6029cc3ac204d508fac6,2164,659,2823
5c0e7a9a0f868ce4cbcda75bf9bca791ec6ea95cae84b11377cce3816330aa72,1297,686,1983
2542ab0b062701b0a05dad0168441f9194a6ea4fbba8d90315e0f75419f16193,1387,203,1590
e1983c81115c798e965584b1d6a47532f698e07f9f77f230c2b5ce1ef36eb5b2,1166,213,1379
a0bdd14080517f5bda28368e432f2cde5bb514f46853507ed7d3fabe5261a789,1324,688,2012
f04ad1dca2a80e2b2bfdf3457958b43062bd63d1c61c00de8d77f448e4b0cd16,998,205,1203
c7f135a203c1f8f961fe3083e5eebd85b04bd3a56d29abfa705c441349da59e5,2221,769,2990
bc1c8a50979cc9511026de10e2d38089ade93dbed60f230178e162ef3ff029d5,1640,831,2471
d0ec2f23852ef7cc7c212b20079e8f4de309e0d42c14f70888e1da295accbf0c,2098,762,2860
26f84a2a11d6437cf6817058594d145baeebd103e68d497101306a989c785408,1192,244,1436
310840f7dac400312d3bbef3c50a1e5d8ee552340d0701e12faf70bdcbe45535,1045,213,1258
f921785c360548dde12be80acafa16761eaf01ad1bed819703a1be4d6d2eaae2,1473,384,1857
b0df378ab3ef9b4dbe20a5fb76a0d96b017f5e7b345709209bac26754b7e09f8,1037,340,1377
d984cce2e9e62b26b514fbfd86ab6b3972d8205243116f1be4d3fb0c4d0a2881,1071,253,1324
80a7ba8caa35ad241735558014c949ad55d13c9e9dbec6f4fb0a21ae444d5300,1375,534,1909
38eeeae5a80bd9ba55f08880928366a06ffdfa7c1b84d58bf70fe99a32a1ec12,2252,698,2950
82ba4db14d6a7ed438c04dd53cba8a49293d0ae7407d63e41c7542a0b378b5d2,1123,205,1328
820ff31f76bd7d593d143a40ce33080a8a5d7d88db4bfe38f3725a99831b821d,928,205,1133
5f69a6db0570439a325d2562f466f3e869de8ba794034f6250d3ae3e1a191907,1120,210,1330
b3e5b812749dcea57bd81e81dd753b05deb620c98a6ae77721a04a7587e7e9a6,1055,202,1257
c31c0e4c5ca3a80337d77c89c2a8da7b48f751780188f98e5bb847a70db06ab9,1427,281,1708
91823c87e6f90c910d44afea3aba00d775668a55e0337f71d5a5921b8427ef01,1118,207,1325
bb30020e9632b02aff292c9447969973f15409202545b83d900899b2396f4e74,2503,658,3161
c54c8c261f8631917fb0a9080ad8cab7e1ce0e77dc2754328046d05d7db17e6d,1338,211,1549
98d63d235a73ea910db619d3a653b2e0bbf22f66477fdaaf0a01240f9e24f95b,1136,211,1347
c8b65c6bbdcc5a598b719adc20ea4086d979c0057c8a3cfd2effc34df45b4664,1264,210,1474
5551a18fe02034a39ccccb08f0b001c55af7eace42c65b33c0bea5471322141d,1365,210,1575
e3bb1b757f5170929f78429e37b626e8d262eb4cdb6531accf7b41dfc999faa4,1124,302,1426
7c00b100b23fb7ddee868ada3f373e5226a05556a90c26287100d0f463e27b9b,1128,532,1660
ea6d4752969b30291849cbb55fc859e69a0da41ed4e8fc9b5ccd365a723dd879,2261,323,2584
ebc3880abc8240583c982066a88a7879bb86a91bf255c91cfd8d1d7e291842dc,1381,296,1677
704a1c466628828e520de9033ef2a3f222417472f6fc97219a248249362f0f18,968,784,1752
795433b461f0b9dde32020d50298490cc296ce6cdfeba2a01d994b17318af725,2241,498,2739
f40428634d114bc26358744e0936417aed27c465efc5cc8800e8333f97dd1188,2003,312,2315
d6f16187504e9a553f829c3e15703bd7e9b860b9c3ff2aac23eadcd8e0d2e0c0,1617,892,2509
eda38f362734d576c79b331abb5c10c6820fdf721fc32ef9804a6957eb6d8032,1213,301,1514
b1d12bf41c5e56c25439c6c4ba78dc77ecc4aef942ce9c353380883dfeef3a37,886,210,1096
1fe94af9828b187d31f0ee4604e01e7603b336fb83a9d20b1499972642840a96,2100,507,2607
c2c54810607e7b11eb9184fc235216372c6d6a713097da792da323b17d3e8159,2353,548,2901
36e7cfded63e81ea33f6b374c4bfbe49cf3cfbb0ca067e5bf4ab8f7032dc482b,1360,295,1655
81f85d1f8aa99ad0d0abdea6e15bd47ccc9ccf5a46a1747e4fac07dc23b5530a,2224,1020,3244
c000b570705fe0f7d92fa9eeed4654aae156e41bd999e291b5cb56aa0ac9c03f,1226,524,1750
5033a0c2810a9e166a27f0a5c3f1c4c8e1e5bb9d1cf0f12964c967027c4e0b4f,1747,1033,2780
e80546fe8c0341113eb3289f0c7233ccbdbec2f54f818c9cce6602a5477e1d1e,1309,366,1675
79c51c487e980be2d24cb73f5a2d4074b9d85819b1d680e60245862dd2003e47,1129,369,1498
cdce0f607884aaab003d68e11615e2a53572b702f4d2ef35c50cf33445c64879,1081,210,1291
4ab62bf533dc07f5322d63fc1a2c9f91da5f21f249a7bdcdfa84466ddb7e289f,2182,746,2928
9680679cf70dfab36f79308ad892c4d0c3c9ac488deebb11ca839ed78ff00728,1333,204,1537
223d11d463aa524b7d1230296c54e58fd8e97fcd9a473b39f45478caf9592d0a,1272,210,1482
77149c87ed2b329ebc360fbbab32eb296156c397ed699ee0bc5b2f66c4a01150,1431,460,1891
0ec9c2d6d42e3a496f16209b805e7f8cbc1f7b072f8d9961350ef473b69c8527,1420,206,1626
a20440f82244d63ddd24bcebe9b02b9f04b52dc9612de89d392f43198b200d0a,1123,205,1328
1d5470be9e3cf3eaac06138d76fb343771ae61a2dad4649c56bea40e0e38e7be,2107,327,2434
718dbd42d291dac05e3582d865dc44ffc953b5a9e4af1b8a392a453ab67245f3,1562,277,1839
a035edd92dac6b53ab4ae82d00300a680c849e314a06598903a00eaccdc31531,1270,217,1487
aab028d23787f7ec64891b19d3d8e7b4d25766e012c7a77d5b5cb53cdabc9913,1949,435,2384
1fd61e22c1052edfc3c5a0706b280c3c227b000789bf7af5653ac309a005a0e4,2383,978,3361
e013a078466cd57f7d4300a1a9930e745e267393bbcde95217caab7712f7f094,1122,292,1414
60eecb33de02a94fcbef8681ac49a258285ab279f04cfe01d6f8a743f75cbea5,1124,206,1330
be3cf3322f5e1046de9ab79a0f5fac53299ebc03010f8e62adeb8504e4b8acc3,1065,214,1279
e8df763a693dd073c4d3e6aa498b58052c43d0a8c6624d2352f9318face7a601,1252,206,1458
68d8d0866f9b953f7f2e28160f3fde534389010de66cac1da99424070fed54af,1291,636,1927
91fb3a4cf173718fd1756b0d278cf3dc89603b60cf40061dd939e05f09fb094f,1154,321,1475
9be0543cd29914d35e0ffa75408194f0c98d1648d6abc13cdbe86ba1da142352,2517,1189,3706
d025fa92aab6a66e08f69fe2857dc2c3c869caa59532c5adb89783b590662839,2393,325,2718
0453b6f86df6d315582ac8b8c54f27197940bd4d245b9b3e1146a757849c2a9c,1904,1309,3213
d3179ecef036a85f18505272dff731c85bf3b9033bcdbd97e0d4caae386d91f2,1045,211,1256
e128d14db59e31c1354e4458b746ec926e30a1000675fc89fdcd894da19529d9,1018,216,1234
1d5fb5cb7b1ef6c456538ec76ed889ab89f743d6fc7915818520bc9fed8ed581,960,218,1178
8ad8cba310166009e9769246526160ec4c54ade5744b7a91434b42fb66b0b367,1014,216,1230
dfe082feba0da247f7425d670459875ba6dbd83fefafadf57f207c70c5ebc0e6,1243,426,1669
25efaf30acd638b2ea7184ebe4c6eb7b6a62cecbd3109a70c524fc8ff06081ff,964,207,1171
9d2440e48e632df4ba1202437cd0a0ce10d9cb64d7e8d10806d9edfde7be2d0c,1315,214,1529
b8a35505ebf69f170b88e0de53d5c283ab8ad170fc31f920c9790b23ce2b3509,2202,327,2529
8304472bfc02729f31fca79f2b8e5eb9142b2e1eb7054fe09e0aa540b937df10,2128,719,2847
51a349aacfbe334cbea21367019e95213fa3f4f216a0bc8c0624b296b73fb9e8,1192,211,1403
be72510cd6c549ac0d668d7d05ce6440e5f204222384b19c758823f9bfae379b,2398,551,2949
914f7adcb48a82f8a383d152d006040948437be633c61116a2f851f0222a69be,1098,295,1393
293e91c84f231bd1579bd24cf86041bcc79b47cecd7c0b9595fb88ddf318bbd3,1520,356,1876
d6d94d5720ba01c388754ac97e4495c32b80aea5179915fba564cb317faaba0c,2039,487,2526
c90504af2028f93d9fce11bd1b60a21165fe0f63c877a4be4d9932d6364392b2,1292,213,1505
4d7498fe23deba57794d3a0c3085032a448f73a84d152638b7ab828b27051780,2064,1316,3380
5f1978c05a0bc7258df7e8e221afe79a90ae8e628e4d91aca10baf83cd5ce44e,1444,604,2048
bf4a4380d1a110bd4eb122033539b1199b48de00452ab2f27b6a2ed040b006b9,1124,205,1329
a070f890411b21b1c9a9488cd5d69808d5402af737752c36b019a8801d22d99d,1434,359,1793
ebecb2b8d7b16d3d5e89b6a1a490d9bcdc04c51ad624b2dc2b88e4fa4d8d7240,1050,212,1262
cc16f1b8f6f91a94890c73bd33fa1c3370e056d0ee3974c3fdd98475142e3680,1635,318,1953
742a8945c5ba53cba4e61aa1a5ffac2a96bc85b7f11579b69becf141c90f9004,916,214,1130
2d51c1781d8dc854fa658125fc195b22e4c068835a291c4a215473467d3b2512,1304,323,1627
2dcee17c1ee203147a6647e801b79a8ba77ba36243535c83c82825ee28cfdc86,2276,1071,3347
5be7453600e7402381a8860aa722606e6babc276ba6b2f401d4972585b648209,1440,436,1876
e8c23ea4b401bce6919aa1518d5613a90d1561f7a4c71eaed3326a99505ee64c,1237,213,1450
589c43df365f1fb4ac87ae53521e8a949f67b6f93e74cd30872cb02fd21b6642,1237,850,2087
2bc1801af62332c3bf56a004eee9ae0a44fd44380f980d110d7370abbe1f0eb2,944,211,1155
8ab7357e9114fc4fc5540b08563983a3085662d5e5f460aeb8e52b0098ea5491,1154,210,1364
a5e01fef58fcf15d8349607ef229e3da23411f5b8862b0854483b556ba46ee8a,1333,216,1549
63b7affc0ad6db6eba72bdd493e2095b437985db756ec517f91d3ca84443e8d8,1378,620,1998
e3b0193bc42bc654b1bee99adc07379f18502623d3d91758952fe7c24eab50d4,1169,214,1383
bf274061ace4dcffee86b84bd38e8722582486a5ce0a0d09df0fab8b05a60621,1627,546,2173
d2b8109f5dd584a217adc4350c41cef10e09d5344e711f4339bb7f4bf3480a98,1182,764,1946
b5cc2ee3b2fa936a529e0f8df92650242f001927be836af6dd97b6a391b20459,1188,318,1506
42da38d3c1589bfa779e6051239efbd60173284b7357dfa7f49fe20b2425a162,918,217,1135
ebc178080abd2c347717a79dff6f9190826182d580597e3bd95dc0da97bf626f,1089,213,1302
712d10498cded585984eb4fa1e686c97095417254f62dc187b77b4d6a6a38e1e,1098,253,1351
b2626499503a257706f8b123a5160aee3a95843dcfc28486dc45883f2f86c2cd,1091,211,1302
ffce2c03bd0b84f08537de1eeed7ef2398ba359d1af40ef0bd3f089bc9030c71,1000,285,1285
43bb7dbbe4f78f666b6e13c43c8ad543892a1a21420698b551fe2d6faa93206a,1338,600,1938
292cdc4cf7af721f915a5cb18bdaf40a55738c616cc67bc4b5f02506ddb65df1,1084,213,1297
5e7021b74d9b62742ae7fa4a3a34b44ce0aa02d84fc92a5892df0973da630598,1181,602,1783
22f37b618aa966c591bd7ca2e14a206a01585bf87e6c91b99dbd224be46e0d5f,1016,203,1219
e8d2aa9ae88e9f48d1e30e53dfc2fc8f5fee0d9f04040bc028cd17426f1a3051,964,207,1171
a4e8d7738cd9af68cc598c14f7676ff6625f12a6cc3d4b0a082b1b86a9c42a0c,1032,210,1242
8651599dc972ec7346368ba2c8cbc4709791209ec74d7ab05cf476091e79023f,1024,212,1236
59d6b4d9f156231f93ce6eea11fa4c604797f6858227f73c56c40b6ea7d7ed35,1148,775,1923
5c7be0135ca949504ded63d7c0c7d2caba2c0cca93341c1082f104c0021253a2,985,215,1200
4f25d96fc480847cb76870544ad18a66124e0d902651f863832714da3d76b2d5,1124,205,1329
b0d52e8c5683c47944872747f202377b8e74db596426f44284c8a8d1523fbc39,1214,293,1507
077a8901302a800fe61987c9c62b714785c3be32b248e1368fc1039e1f1bfd5e,1965,2017,3982
b4ba1f0f52a2304eb254623761c395d65ed3e1b47f9001027bb415102c15eed9,1104,212,1316
6d539d501e40d91df9f83b3c63ad6bf7ef9e5a83b1efdfc6f7fa5e897a7fde09,1148,212,1360
b3b61c2e9d7e28f2322b8363f82e9f39610c384c635187e4f4dc4fca4a6e4052,2291,816,3107
d04ce473045fc8f72b67ad608b02044ecc5c0a8c2f29a86c70ea17dd77d076ac,1574,288,1862
676a097ea784cf71658631013a83dc047c97be5fa9dceea28ea56230ccac0a4f,2153,989,3142
4539dcef91c7bb02501b5bb7403fe26f9e09b579f1568e9d8aeeea5215dfebdf,939,210,1149
7c1e7f88f6f9bb29ef6dc5d7b1a1aabb52bc3d1dc91df9c70e8be097c27500de,1134,210,1344
388e4de6d3e436bbb58335113e87bda77b16d4a76ea1e445cb728e2b309a5107,902,203,1105
e8affabf2756eb59555ef88659f257bf1a7ffdf0b6a9430e7525027fb4cc7f6b,1114,212,1326
43a07fdf7366468c32167d0b6e571a4efc92982bfe3e627b4729147b3ca81e01,2141,1419,3560
8a2df9f28a047704c836c1cf700bd6b04cb7a8fd1f33e37374e5ab199f5095f4,1096,225,1321
4dfe6db16247bacb4063cf7aa923f3a5f5910f8ecd2f5ca99e7e3b4d15d4ff3e,1219,215,1434
1b5b1b6709d526d1bd10a96f45ad1541d4cc2a6b52d47a1e707cbdbb09ee4e56,1143,379,1522
b70b7375a2ed354d3307df491b3b1649551a480d7808b71d6bacdb0b601a3d7b,912,211,1123
32534ca0cc78b0fb8817c8efe5f20afe7088e003866e2f8093b341b0aa967852,2377,1618,3995
dc066a34071d4dcd7bb58433cce44d9121d1a83e81f26c32d6921c60b94a5dcc,1538,433,1971
c5db9111fd50c7c335676b615de3edac532dd3ff2abd99081605db00bb124948,1123,205,1328
68ff445ef8a3f5f2730c4ac6c833f84cb29d7afafa2e69bc5504aea5ac73ad46,1183,618,1801
c5d433e84fcd937a161103fc872fc4d49ab62435299d706b8a3c7cc9a271c020,976,210,1186
c625a7f572413d533c34be12befd0aec0e8ee2ea2496373788a67dfae7f75b5a,1427,215,1642
5aa749f8b5cf54fed790237bbb6d4fcc3b4fa8d0fb7ba9cb8804fa4e06de8af4,977,289,1266
1ca03fee861bf1197a04eaf097cce0108aa56f14ae3e27b1fe532d8a317b4775,1074,258,1332
770eb590b2789d6657eb074dbaba9bd171f2b255b13ce9700ceb8b5011a44721,1180,213,1393
f42190d2b6080ca4c291f11ecaa1e556bb385e998603398e678ae712ec8d6b73,890,210,1100
06fae70165e80bcc087a08831a338df458a44d2b633408ba8dd886eab62c77c5,1835,546,2381
5ab8d89f17e626eaa09030521a64462491ca93c65ec56a24d6724582a77d78d1,1206,303,1509
f88c21337cda1671e82e15a80bb0bb14247ff9be52fbfbba84941e22202d44b5,1521,208,1729
0e48f99b7316be01989473afd3360f3e2f8a04298921f0a8ea7d35a5314862a5,1120,219,1339
ec1d1032e73e432c63f3d13d0961c6ce6693edc7cfab48e3d45430bea489594a,1268,280,1548
7aa6c6d9aa043011f49b280f881239a75c35c692bd4b8aeaa89a3aa17dc0011e,1123,593,1716
cc0026af02890b05d48725b7b3792e23c0f21f9bb8d74faf8349b78b9ca930c7,1366,289,1655
c97ed26b27b77d921cb4a1ba942549f47c371c7cf8d74059ab77c911526714c3,1357,290,1647
9561f63dd0f2ea43f9fff210a2af070165ed5f44eeffc528b3f7b08f3f532768,2085,1269,3354
e90e221fe8c880e19c97bb7f81bcaac230b007fbc33e628b8a903d0edd7f5aab,2030,434,2464
de2d72714d0c5788d409d2dac9630c87747c2406319d1d2b1b64a920988737b4,1092,343,1435
7ee225f6fccacbf5fbdc8493d62dcdd3b1ccbc299ef3346cba511efcbd7c46da,1088,211,1299
e0c4b809b8295d44fb9ed0c8c23decfae7bc48a17609ab08c7224c9732e7de9c,2256,673,2929
a56b5b9cc9478228cf419e6c22db3fbe31319c925ad8c8ba1e3237e3b8314c3f,1940,876,2816
c2a4078345ba550e5dc5c7827be758932b5674981978621c02c51e50953cd8bf,1123,205,1328
74ff429a91c24c123313a49160e052ec0211e78caeda884f3d5e5ff31e51aea5,1427,282,1709
d1dea4a445e4f9389a74eb7a51f2fb761d3e73ba25f83a809a8e0fbb5961f55c,1031,620,1651
56a2a589d0034cd70415a72cc509e0c230db5c05f8d9b45e37b55c555d9822b2,1247,381,1628
f1a039aa56897b56a017e0337ca6a2d88e87d8b94b11a82fc5206ddf94cfae12,1070,208,1278
64e46ca960563bc260a5ebeefabe4db4c6f5612b2daf7b19ad417aedab42a178,983,290,1273
cfe65e70aa9576cd1493dbcb972dcad55735f5bac55325ea5d1203086a5deb72,1624,658,2282
ea511a82db49a9352c29761311c6cf5b7d69a063f92e06437fe87f84f765d20c,1566,207,1773
dfe76cc5b898000ae48403d9fdbb44e0b9c4a97f2ead47d70606a08a9901e11a,1111,284,1395
5cb7ef4ecc51aaa9ee60687b74364a9bba394928172dbb6fefd7ec234d10ce1e,1280,672,1952
3eedbe1e32e83d7702fa965f72074ce613ba268402e8b507475972d9ad8220fc,1092,213,1305
87bfc290cde7738fbbb1863ee3d0d3aff4e7777c4f17dda4ea8beec9fbf91c97,969,215,1184
693669efb225f2299b4740c55ef64008130f95fdfe645566d1d1a5c55a735d7c,1777,745,2522
39023211e22e58fd69ddc4ff8ef40da98e715da3fbe799ecef5d5b6735070fa1,874,200,1074
60b31f983fa925ff5891082697efe3e07009f6fe8447eb3ef352425f7cedd2f6,2333,316,2649
5e9306dc432362889abd30d700325b17daa5975e036e89972005614718ba9b6a,1612,214,1826
a7ff9c79b6ae68e99e5cc420eca7392f740b3057c4bbab8e1a2badf238bb3c0f,2169,322,2491
c6523530a0477509ef7d97ca233b58184e52a58721b9ae54dd439ace95d28060,1276,210,1486
63e1645af0fafb9900a01a1ee85e444afd5d20bd600923d6a334a92e5e779d68,1712,205,1917
91692db5408787e19f87e6b1b19ad802cd9a096f2ad51ed2744019c67cc6dc13,1332,211,1543
84eaf6529fa5286b68c3f580f31c796bced20d70b518961e6ab6446df1b0c4c5,894,200,1094
952aa39a21f6ca7402962f4ad47ffaaa8a3de06c03fd8648630007d1799978e3,1194,219,1413
4970201c6d377d5c8f2b8d7fa155348212f26100ac618f34b61222c82418f310,1247,213,1460
976eca0c5ccc93725cae43ebe98d6a5d92f51588be0f7b6485a57a06d891064c,1183,441,1624
858309df45cc399eafa9ff131f302cd82bd77009fad559157560293ea3f69f74,2259,1126,3385
0a7b3be71ffcf37ef70f09f0efee9dc24acbe60038305ffc11439e0a61087008,1204,215,1419
7deedd124618c60f3647140a58bed5ae520a831c9d8a59729cb1cd0fba5ae2d0,1119,215,1334
e258e70f00bb87887c95fa0a9ffbc87aef2fed3faba86b8e552fbb7713e9621a,1588,206,1794
f7071830840dc4c438debe94305a3f302289b9621e56e558e13f947762ebe393,1429,215,1644
ed8ba93b256d48879904854e152f1d00f5a30def4e8d43b8ae36f832f0184e93,938,286,1224
c21f9030838ba48bb84f73fd647a8d6bf0facc1bb74407aaa5ec620a158b0cc4,1313,291,1604
ceec63513a79b3b40b24e9cac8cd0f07997890a1abb279326b3168ac5d774139,2180,1310,3490
d352a679c9fb6cdff6b885ccfde5786fc8250fa53edc14cde7644614ecaf282c,1068,205,1273
7cdd8818bae4ff8a7b445443c64e1008d0949a84d31c6846bd8fcf73dbb2cf94,1612,904,2516
35742d72479b838d5ccd5286f85aec47cf1afe266341842686e81c46f6525e22,1043,200,1243
64e6fcbdf70079d53f866127a792f01807ee3842ff612b31245eceaf51e04bc6,1095,217,1312
c81ba9c67f4004d8b087c678e6d4fa96d51945f05eadf0a28c9f434c3634b6ba,1702,332,2034
7bd40c79243d664a15bf2968349668831d984f46399af6e9f0f9dfe917d7bb5d,1507,217,1724
8569371bd9f172325929c5dadd640a683147f2365da198c0434dac2ca9eaa262,1164,291,1455
4d07a1ab239c0132545dd7a3e446e841c00c912cf2e937c22652039d07845919,2021,541,2562
82cc9f56cce806d4339ab4569dd99cb5666318634db265d37aab343916047daf,1411,200,1611
d14193fb14b358dd752fc84823296f7f3c40350dbf874bf12b182632cefb85df,1294,209,1503
638195f9b3028e15c2cd1bceee75771b4ba9794feab80df07c78633d1861484f,1124,205,1329
2dd57a2fdcdcd635226a4539dc330ae50f26697d5d1f1c77ef62d9fc6e381227,1277,217,1494
b067749f6b7698907963b77c0fc94794343d6d41c33006e53e278b25c02b5494,1342,447,1789
614ab34d74738f8b983f1fbbada0d3a6e0b29c557b0bbdbf06c1c9accfa92ddf,2168,436,2604
8ad9246ebebaf6d2ae36484c4ffb414e55bc7e9a8a543b6dc31903b9e7c1bbcd,987,213,1200
39f6bffb96883c265ba990858f553f4c5a8d2d85902356b4c9f2d74bef104899,937,208,1145
d126bb324a22bfa683ba21f457716e66294cbd292d10debf278bc268228c2d78,1098,209,1307
8073bc56e983d52e360b7ad02964b589219b8855dca2fb1eeae62ac483a73fed,1993,693,2686
30ac60cbed72689885f580c9ee1a7ab3a1ec5b1b483a5df45a652a5d131a6166,2332,1591,3923
8854a50e15cb96527aae7fa09a25d20b55e03e0b7f6da2d287ab47e59dce7df7,987,212,1199
fb661a54c33379b0e46a3fb2ca75a4346ac56567caf88ad41e7e1c2f46363efd,1438,204,1642
301756364a1762bdd4b67f129b4b2bb07f14131373c83baaa85065f17d47cf68,1276,213,1489
71abb6f8a807027fdef6080e49f6f9f5d6f4ab77d4efd4b888cf164777b42917,1322,364,1686
be588a101b93c7eaef31a6ad4fef39d254b8b2ac3c37bdd47cedb6927714d28d,2130,824,2954
a4d1a3e0e908bb3f8c9bfe02bbf0356f085504663ca3e5f6acdffdbbe24a2ba3,1488,286,1774
ac77ffc13e95b83c860c52045634eff0746bdc1d1ff1479250c06d627e93ae9b,1067,205,1272
86e8702904020289c60ba674e871320ccc62422015a80db92d3288fc5bb94914,1254,551,1805
1af7b72f27e3a09dc102d4686526794267fc6be16544993e34eaf55808d94b22,2130,328,2458
6734340fe2cabeac9f1b194df69ee05a6442e5c56875efc7b0a20ffb14849525,1097,204,1301
6af7caae7f0aa058940d65efa00d22f46d1aaefb4c41f291d9603bd1e889e3ed,1221,689,1910
4673ae2e179c2ae8da1b38b99de2e0576ecfe7dfb3215e2db2613eeb45183e18,989,212,1201
fad28dbf5178f9e4998edd6aff020318878e0a3a179cf0a53cd83cd1156c1792,1149,318,1467
014c457b0e0415a7363035d8ec075e8eb019181a49d715791500efea0a67388b,1096,205,1301
1a6c6cf3cd42b062dd3f940c8b35dc1dd76c48fd0d212e80f9eafb1439fc49ab,1157,226,1383
80346f8c946459be8fd7eefe234756313e0e635037221a084847213a41e783d1,1239,372,1611
099f67288697427831528c7bb79a459ac7c5f8b28f0f0ae6f24ada8c2046c275,1196,208,1404
2e34f9ae2d897c3441daa292422c1d3525da7c22a7f73b3b4c25c1830ef2eef0,1124,207,1331
169d0389ab2c552bc36be4854a3769972acac402e81d1f317093a421bc815b7b,1219,224,1443
cf9cc62bdab6c247cad8ec8037b5ce6c1edf7a2966c054af45d078900e43b521,1360,224,1584
67134072b254784765ac7d4575c26245538f120e9acbcc9c3abbcb8f9c205721,1414,445,1859
c1c8ff7166f90a85c50cfb09e3703392cefd18a175d1f732854000b4f46f5c75,1259,533,1792
94d4576eaca62724b89a455d52e4278a75bdaa1edc8f6a548b3ee8d01c8ca6a2,1172,296,1468
a4d7b6f81c20139e97cf174ae770541d8f26e4a5e4f7f627bf195279f47bf5c3,1213,377,1590
3c2ce01d70248c92f0f0caba26ccba5580cb2657e825f4477d1b48b65c00e6ea,1385,823,2208
9ad623108dde5c21a3ff0fdf3e08b137cee36d5323d0fc656d4c249c69b064d7,1260,224,1484
3daf9aa91f03056697bc40a431ee613624e8ba356798ca93b2d69898e080ad1d,1231,366,1597
133e31d5d142cfef5448d771dbb5d416c1546808bc5710e6d1a5ead8dd8b1e2b,1462,301,1763
e214f60e3c47eab0300dc1ddb52bc225dce76e51f5eb6d7fc91d696fd7df4d23,1044,212,1256
5708fa6b17d8bdd98e89ea6ac1ca351dd442511f233f8083c5486b2d11989ae9,1164,314,1478
60550f121c797a784bcba4c5b01b58770dde22557822fe0af3df0bcb832e98e9,1395,435,1830
e44e81b91eb0fa9a26c3ba2437775988e6eeb5af364f1f8ff3bfa6cdc67af51f,1453,531,1984
ba833aa98b838742e1e3f579f24331297098c2735c6df91780ae3418a424ee32,1120,210,1330
b42a896e28ee2e910a5cc636258833ff55de96e588303cf5594e2a3fd275fbb0,1739,495,2234
34050d3f3af858f5e8d2cddfcb49a0749c907ac8a2349caacecc6c1f3945d098,1196,365,1561
3608b1459cd56fe14b9d926b8957f8d538cab1b3a82de6be378cde36b7bb043e,1256,296,1552
678ac3c5e41721878f7ace7c20c0c95599047d61207346fd4f640e312b1c54f0,1124,205,1329
8c771bd15075ba6e0fefc2da6dccc3d08d4eaaf3c9e7eba5bee6e8d2173750d0,1395,211,1606
86b0e7dd9dd21adb4883debe380d5836ca6d47326de848a40cadd148cf32d7ac,990,298,1288
322de3f76e662c732bf38ef158d846a070939dc7a015c65cd1e4badea6d140bc,1041,209,1250
17e3c999fae9c3b1e6e26fb72e51b6e5aeef2c1da59e97011b5296a36cbb3981,1353,210,1563
a043eae3e0c2653f28584e76e9d6c70f2d325a13d930650738408938bb6d74f5,1636,645,2281
d2c81f0568d3ea99e9aed7673675aeeed7ad7bd31606428d04b41339a86d2c99,1585,208,1793
bf4f5dee66ab53d2c0db754e80dfe8f2a4a68150fba78cd72650f30aa8dc4369,2352,673,3025
e4bc95c09eed156f73b60801cd45b859471750e79f022968ac9868ae2fc5067e,2417,546,2963
1cedb50d6662c7c83d5d8f3bc866b5b572604ba9c6264c71f9092612e38442a4,925,211,1136
cba5385f80650181a111769e0df8af112757673c4f0c6b48ac68fb8c6aa160fb,1174,285,1459
3884b2189cfa029013522d94e5db9874764eaa3d2870bb78d50b3c950f8e12d3,1232,201,1433
bb5c6f04b1f418dbe7f1c53b9d22a97dedd5787384cfc2674edbdde29f4d2a43,979,450,1429
6ca66e7e36d40756bf019412eba8cd20a2cf98fddce2a470543a5b612bc04024,1297,937,2234
9db6cd8eb6e7ad60cc9f022b119d0d86b0100ee89db2144b848a26f96a63b2e7,2093,1003,3096
fa31ccb89ab2792fb07748ae6e474882ea8cf1faf96ab540ca564eeb3e6158b4,1028,279,1307
654046fbdda4faa3eba3b5b5604d29a825e149b1dd5a989531523cec0fe5f03e,1438,214,1652
d6ffbb32d79112f97553ce149c2e0d9c2992d57d23b8ad749f34aa4a436185e1,994,208,1202
b6b7761213d84d6eeedce27a67b9602ddfabf261625611627df6b84fff2f2265,1220,298,1518
88e7faa408c0d736077701f325e174b3769c0076712798f3eaaa5436ae2883ad,932,300,1232
e8e902d831e99e920e5c678a6f46e4509b086c1cd74ec68acbc0629dc2237200,966,282,1248
2092f334b2570f60b939bb2d9e28044b87be5d174a22edd73e791968de274898,2043,566,2609
db77446b8023078468e4ea2c0d3c549ff015c547b905453f01e68c957aba42c2,1124,309,1433
118d4d2c399fcc961870d28c4d27d6727824bbbff50963df718cbeba7ac0a7f0,1047,206,1253
fca4e56cc1e200b1365f238ba52f11ba4a9337b6649db8603c975469e14df5b0,1178,220,1398
45448087eae2d470df11aa60e2bdc8f72f5073b1529d7bcd754bfffa392f02d8,1218,204,1422
9cc189ccac4a8baf530d32e213062ee5754b72c50e7698678e3fd88c3f240f48,1092,298,1390
08b974c3e58546be08429ead709d443f368bbbe5e7b4d2290193f7bd593c7dd6,1842,422,2264
d8109164c744153b4386cb7e68970614ad8459b09544d528322e1f2b88a47c54,2460,427,2887
3ac71ebe485f68ec59c4cfb489b36398bf153712643a0fd6446adba21ab588b6,1419,566,1985
d4ca47ea1ce971487fe1d2138eddeb731c48d91d666ff64df40f11ebc638f8aa,934,206,1140
8fdc330b78dcbd276121b2e020cab350f73c843c164e69bced17b655e5df6ee8,1073,215,1288
40fe6f32f6b286919cbb5375a9c63c1ead373c7984a4de55b5261d4d57d56f6a,1046,138,1184
44c0601988d847c09b737beb1c6192bf40a0f21c63aacd4816941bd372873cab,2251,813,3064
fcf40b524decd06b5d51e3eb174d77a3f91afc62464ce39eda2ec66599b54012,1252,219,1471
e644618b2040f147484c103cb7e8599882790cfed9bdfe31a29f020affe294f4,1124,205,1329
6b922c8feb406c6f239d44ea79e4567f2d4d3fd5631573e8e769d578b1185ca4,1207,752,1959
fb8a14b67a7bdfd561ae7259aadbbef060beeb6dafdfe18fc4be5de370d83602,1124,205,1329
8d2dad002ef8bc9e18d02d06035f19448911efa055d456f6b61ca1de4d14df50,1018,209,1227
8cf73bbd27505e6d06946177d76ce86a70b428c2f71cd063459ae29abb533bd6,2302,526,2828
bd9ebd3a4098fefa9602b492065f8507cfbf441bee0f3003ac97ed090e4561e3,1091,224,1315
dcaea4b040cea69a8c991214d714da3dc9c499a0f9db6251e4cae1f23d8cf3a9,1161,287,1448
21c82345444a64154df4ce1f5961c2a5e1062da9a4b1afca35ba6384d23b290f,1282,368,1650
d54d3a3e7cdd69021a7240c1b252b6dd553aed89266f20c8a167b01fb41c41a8,1083,203,1286
45be4e2a169f679dab291a298519dc3d5357f160fab30c8868e12ca950f5cd16,1124,205,1329
72ef7319ed6f9d0c302224482308df6ec70c2b35b94b27ff36033600bc1ada0d,1172,211,1383
5552bf12f05af7423f20f62596b27dea64dd8c265b366f3e174be58b8ee047af,877,208,1085
b5f478b2172d1886e423ec8f993e930e77faa5e6cdd862fbac0115af788d2e3b,1566,356,1922
0d87eb6009e09998d4ca491f571bcc39a3b7550857f3a8af72cdee21513f3dc4,1380,212,1592
e5ddd3af82dbea154201fbd6ceb18d5d905bee7075a68d575908b4db3e801556,1282,614,1896
6a4f8dbe7f015775a66b42fc69255f42487d05c14443058076f9abd1b46a8369,1308,681,1989
c2a3ba19f279f15aedd4ca9a23bf38603d8421d1a991a446331c9fe9b0c854ff,1110,221,1331
9a0ad8ad09961fd6092b0b03435a0bc280661aea42036dadd2035d942a1639f0,1570,441,2011
3ddebdad08f6714cf29c03b645457e25fd50074f402ed74b1025550afc3ca390,1458,211,1669
329f87944b95d9c0991cf702bf5fc9aa1a355e93204964671a75b1e519fa2880,1124,205,1329
1fce20aaeeeb142253ff4b6adaf610669d62c9b025a48e1ec4f4601c5ee3e939,1290,374,1664
7646d1bb139a16a1efd88a41e113cd4abf2503da92393f4a46cce18824839ac2,1609,209,1818
0b4d77223c6fad1c778ae45edc6fb4f1a84f7f7f37b0186ab4e45d727a2c662b,1054,207,1261
51dad33ea5541228c169756fd294e5267d479e2290d080882aae396f86ddfd3b,1242,362,1604
5b378d05c9c796719ba6f6ce083c2432f9b018df1040bbb840795ea915f6e837,1126,205,1331
9dcab1ec2d135d79bec912f8a5403772a52b39ce4e158704db86d405f2519113,2189,794,2983
0f0fd91264444aed9a0f5ec28ad098751638b7f37dff22db813fc984875929bd,1149,329,1478
e67bb971a31b76a5240d6b4c6ca56e18dab7c77239f73df77d7f28fae7478c17,1247,213,1460
b0477990ba4f29520e2dc712093f27754b28da01bafdf65ebb25eeeeba930776,1118,210,1328
86bf2620c79b60bacd1a4e449385db280559e0d9e2b7f1cd20880c5bcc2acf70,1083,218,1301
5dd16a4bc757ae771532d5c9217488ff0bbd072fd3394ebfbc8ac836e8c82ecf,1008,217,1225
39f1971e55f9a30c2a1a7248d7b5ccb956077c722bc78fa4048703a317d7ffd6,1670,546,2216
4b138b68e8484ada15aa56b5848cb5facb2fa9af3dba310a637b22a32c610d2b,901,216,1117
1e3ed2e0f1288e7349c3490e25e014447c7f5699745889827ded0ced42fbde41,1126,204,1330
21347932547c1dac8663474054b6faed57328a603031a1ab9b5508b9a5332e6a,983,212,1195
8df4734600b36c75313834d6b4a498ed84beff25555f05b5ef5214a1804adbb0,990,208,1198
0a61a43b392b275379b1ab70ff4762bdbf452c94c3ad79518c0cc63bd6c94cc7,1180,423,1603
218e97c1552f489b06c2b25e2c21c4f98752beacdc69598dc39a50d5320799e9,1272,308,1580
9cfe92a66b96e8d2e7589cf167f3d24d7d8e424f374ce1307bac6cfb12351f92,988,206,1194
081106aa809c947be331d4abf4dd6cbe77ada62f6c142589bdf33fe0cdce3c43,1136,219,1355
5d0f640cad44a2bdf38ce77db6c52b612013f7a6622e3cfde9637fbeb5582415,925,251,1176
fa4150ce837530257ede081c870f4ada18f2e13d266ca1c9fa89a7c9c6fe9dfa,1561,212,1773
27d568f9289f5c0d25e50780ae045a1bbd75fda5f37d14d8f19a6ffb18e4c5ff,926,139,1065
343c57f0241229612ab12a570afb4e4b05013abdf68982d37b79d3697ded7044,1283,210,1493
c05b6e69c55c26e5c78ab36ad29bae641709fdf848c1793729d07442d60b98fb,901,221,1122
90ac8c9a49e2672446f6228fe27bcc0243beb1fb96812ed89685eb2a0a9adc74,1108,212,1320
0982334f1c21b87ba8cbfa80aedc73e056069292a8f5fb79ba6d68afc62a8e2e,1134,319,1453
f8089ab58ed18961452dabc7cd9836391267545751f904bb51c35182615ddc68,2300,1604,3904
8ce00be1987db3f6e569bd4367d4b03dd20134d885716dc7c8f1a5cd859f0cfb,966,205,1171
23d6da78f83fa835a69de972a00e31812a71fdeb2484ee85a2a9d3f59ec70e7c,986,204,1190
ebc41a7dee7271d2c7a84ca40edcb6c2382c733ae9c338d51c3bebbf01fdbb0b,1157,312,1469
71988663df71ce921c77c815dba945b3ec5f1a84aae5a17875e6a3f46e7b03d8,1126,205,1331
90b52709c06f4e993b40053574fa800d72e5d9be1121588efc8e6a607b79341c,2512,319,2831
a3782fc34db87e9dc0c1848908bce791b65972f5aeb8f8eda8e6808a20b07455,2286,1156,3442
7fdb68d10052da67742d5ec805555f670d33be65785df6ed095e069a31874665,1118,210,1328
71cf2e12d97d8734742ba8277216f268122d4f1f7a8815b9352cf307587a8b4b,1197,678,1875
f9a94f050e04a9f51181563bfe8a03bbc78f94f3af6f1d74474a3758f078bfc6,1126,204,1330
03d65e15cc418a7708ecacc2e33629cb6f8d185dcb7f41733723ac6b82ec282f,1110,205,1315
15f1a40453032b66bed282ba5478934115c9a6d2d8c91c34235888edd209c91b,1259,221,1480
47ac740c0acfcfdce124b75f8cb93f2dfc022a46d9aa779268b2a765dc56d39e,1126,205,1331
47048087abf10a284ba5a65d3448108b4f5b7f1984044031f3ac9138fbd91184,1126,205,1331
cdcb575df8471303699d50dc4346210f01253e8114660ad98b0a76bd6ae111d6,1039,205,1244
79972d862b168d2eaf429a4943da7334fd51eddf1025f0fa20428973c7ce60a8,1141,262,1403
d7cb19e63480ad9efcf793b79d4602971e576a3c151b0b2b23c56210ec15b9ff,1079,212,1291
35510980069557c6bcda21a6b423c01f6a0f8ba1044edc413a7a27d7ef370803,1175,224,1399
644b77c13b288277876ec9d0865df9d4c44e0444dc7c063ed8c5b2fc0a5aefca,985,210,1195
68c033af5e479d28b0f0b9d3a07597a6ca7df46f1348de7feb2d1c46eb50634f,1003,200,1203
eb949a3eaa0c57981bcccbbe79b5ebebfc6bdc2cc2a2dd60de2a2125a158eebc,901,216,1117
bf66179942ef4bd61cf4846887656b9c7f081c49fc3300d668ab3dc6439d27f3,1287,214,1501
deed8fa310cd83ca90af8ca2e44e09bced8412f179279a813d5ae61eef93495c,1126,206,1332
bcc223c772f20157d8727fd07c607d43fdfef6f2eb0ea70370966b2ba057e5a8,1106,204,1310
3690813c8f63f4329710de3b8a1863f8c1a587c30c5b1ae0f7126a3f5846a71f,2302,1138,3440
b9173c35df61e5dac0a7e748192cda4869adbb283fe36a985f0cd43d37316231,1277,224,1501
800685e0983c28299697ca6ad9cd5a20d3b269c53b6f1cdf7d870235de4658a1,1125,207,1332
ffb3251909e5beae724389b1eac16485a5994324505855240955cd0663fc5ada,1225,284,1509
cb45deefab8805dcf275a70f38cbd80d056fb81ac56e5712cc7a4b21f6466033,1126,204,1330
91cb258236a46947bf3b26b0873de79e2f66cc1c61f7427662f20c835ea7fca5,1457,207,1664
5d12e58126e1567deb50222a79d9c61055136a0f01371a16ffd9580b47feaa1a,1596,210,1806
07b2193dfca4584c6fdaa83d5e62c92f482a16508afbff3dc74657e0d33e6765,923,210,1133
555432483b4326595fe7b4779fb055f14616b922aa5ab99050bb163ccd83736f,2270,924,3194
1df5cec1f1716f24a7456357e256160cee70c0d73a73c480ae18ce18eda0a6cb,1501,535,2036
7a87760f9bf8a2fa903f3adf77a69008c61e8045b509f306fa3b16353c6dac4f,1329,366,1695
24761629427d8d0ee54480716396c9e5cf8b780fb07d7f4ea8888fef3bfba3dd,1633,314,1947
61b9b62ba15780ceb0258cad2e8ffaf5e5bc4a92d9baae101362172f429a8709,1126,205,1331
9d38f171f3f34751f3282f420e047bf743f7223ff06f0b27c113fa662f366be5,1117,204,1321
b0e70e58df8cbd4711ad8bd5c7eb7ded846094eb086443b931f53a0ad07b0d3e,1159,331,1490
485b2b8c64735f6b1336684fd1c04b92b91e526234a3df8d0b468be076a5ec17,1163,204,1367
f257022e5724a5228c8b1094c836871ddece964208e1fcd1087aec3087b544dd,1457,205,1662
a04742912a59c8a5f49cf47b9ed5270c66e9c6fee37fafc9be08e379a10a2795,984,294,1278
770f77e7742e3bbfffedf3a54b786cbdb5680e893d0999304b3758f108f13803,1623,727,2350
505aa33842697e52436bbaaa7e0cbedfecfac12f26165f247af42f7c77a78b15,1533,443,1976
5414cb3b5656e6d5499351c3027dc5781328c30c282698c5399d1347376f2d77,1638,317,1955
7094015bf76d9877bdb2106232994a0af02b14452083c82124d4f5957aac9d10,1084,612,1696
bf322e879c5111e32ed85f0a38d76a5182bd50f26f2a0b4c5b9e5d8de05370d5,1126,311,1437
aa8cbcd8897ec605386b60dba022a080e7f5beed262291d6cbf4436d0414eadd,1328,402,1730
8e541faccc87c734e958aef922046efdc70d7176a8ac5a4ec04fd0247acdd6c1,1126,205,1331
6c9be800a4abcc2e2b62e45934a684a7b777bfcaeb2c53ec8811f44ac644a0e7,1248,212,1460
30765c0d04034b2b53631c2e1bb144ce3bc8aa50deb1b536a02990c6b725d7a1,1183,225,1408
01746cd6b298a80be61b2b3867212cbe850756adab559223e8f51bf5d727fce8,1134,301,1435
60d2d980654f27524b9d61542915724412ca86e22a4bd88a379c8011c63a8e5c,1515,914,2429
1898296dd34fa8f18a1f44b5cc184bb9c0c76b8fa8bd73d94e14edc3ae250d6c,1126,205,1331
437a68f2238d9a50fd1248697eb92f3be300d79558231a244d3b9813451a0011,1016,210,1226
9d0f42465ebdbaf2fa78b0dd4cf7ebd87223df19815b479d945ebbe5dab48965,1126,206,1332
3a21ad4877abdfbeded8ff7021f9c72f688a174445cda3fa31380bc04c8e9d63,993,205,1198
d0d95907d5fc93b2d618d84e7afb5c0f2d6bacaa91adbffab6af8f426de6c114,1101,692,1793
7f949e6ed033c0f30cf262e9b0495a814439d3523baa75c228922df058a2c384,1491,1593,3084
bd857467ca0b489adfc553f72bbffe51361e7ac111bd012f285374fb95b3671f,1132,300,1432
e831a5fa7eb2eaa7f22c00684dfc7be9125a0fd00851c6cbf6c6fe466f551a30,1537,212,1749
ff1cc20efe5e6d11c77491041094103df0fff867e33589a93e12ec0f82c329df,1100,301,1401
0800eaac042215c22a51d71e380f549cbbc223f4ccb0b01022adb19e6431940e,897,218,1115
daf745aa3b53688612f9f5392b374466187300c2d0280f17ef271f75556ea02a,1183,329,1512
0441da60756bf57d7f8e2a2ddc3179a94ad4cda44686c58acc3a9a22363d6489,1148,693,1841
bf3055c7f9f16d0fd532c4999f39dfdb6b849fb1f83bdfd4802e50d29a26f8a9,1281,241,1522
578a80c1e5fd25515dd7af785749cab216ae7763add7d05f3f3587849be5f52e,1299,404,1703
cd9a3e1a0ac988e78e5eb20bc8b9d7cac96d167710930ca66b7faed76cefc614,1125,701,1826
308c172ac2333c32c5381ac1fe2c0c423ad03559f0f75d12010ea43fb339bd73,1126,205,1331
946f9f593319a737cc549cf499e92a14f14d538914b92aa293c42a32c75481c1,1277,299,1576
11ed0a80a6c6605c33cc5848bbb43e5e91bf17714b168608f7c2e91c9ed52d5d,1152,210,1362
d118a0a0fe406669a5403b2842ac85e548f1698cc723101461d314498a7e600d,1126,205,1331
e6fe4faad3289b6479bebd4cb542f5bf0ef8c18d370e25b61d59a2f3d02517da,1127,2464,3591
ac1f5ee98c6614dea8cc5290b0aab92adeeafa6864947f2a9c37d03e6cecd8c1,1158,220,1378
ff90bf9410b7e42aa0ba57d610f59f94f1ea026218fe71220d6bcf31cd0b8930,1252,222,1474
a75021b1ba7da145bfdbb09158fd5bb0070d6ca0727bb0dc2e82f51d4cfa10b0,1111,208,1319
53367e85a9539b38c1e8a7b349e091d0b5d7d0b55999f73033ba30e8cb24e31b,999,212,1211
3910f03a43b2b94df851855aef0f9fccbbf1fa1815194c73897d827ecefa0271,1265,480,1745
7e4d4bd502d4cefd235580c054de70d62d2adb6af33c2951be20d81c828f8d59,1126,205,1331
30a6c28d26a565591272ae438a0cd5e4adaf13ffb8a22b27080385b5a29792f8,1850,1658,3508
7e3a30f4cc383ac2e2b103070faed04d19c7dcf11cb380592083723e217191a6,1054,212,1266
63adad6753ece8c4a43ec897a0d78a9629ff1704632c62f98e87f911aa873de8,1365,217,1582
71c15518d394d7c4bcf5c56160ca68c0fff3deae62950b75dc08b2d363788804,1086,215,1301
2a1c890fe4085276c77e23095989458ae62c26818857c75c5451c979b85e86f3,1583,210,1793
e85fce3df8d7f6224e6c1e59866ff85f4968b65166249f660a63085140c7b381,1475,583,2058
48f211172a7251d535688adf7caf8b681674b1c1e3f26ad9c9e15df0dc96f585,1529,208,1737
b229057ce5c2060d0609843054d73463aa4755ba7fcc9726e465c14af0e84090,1667,674,2341
ccafb6a52eafb0670b8227d41a57d2e71120613ba147e80e9dd3f074b13a8162,1124,205,1329
91c055224d3bf420caa105c24ded11ac755339f4e951cd11cd6db48efeb8035d,1550,430,1980
7e30a820f9184c6f1e2b648ef9d2a520e673c323ac1b47f1f651fc053d6cb5eb,1186,329,1515
a3880f9c9831cdcfcc4747d087919163e27c460732a14632229955d7b9dee004,2481,320,2801
1e586f70afa1b9432ae049539767502e86358977573633a4d1fcf33ec5a1fe61,1126,309,1435
392679792e7dff0e3033668646d0d81b31068a5222cb3e4f405b0606d9a0d3fa,1515,208,1723
8943629f0377b7e8e77a101839c0bdb78d33fbea7aa1dece6da5ef895fd0a213,1126,205,1331
f8f4e7dad4afaba27bd37139b72db0a1d9c8bb7353a62eaa60de57c828c32344,1155,204,1359
ddc43cd72b66df52ac867501c9b672e2a0827fa63e9dab2584dfb50fd985868e,987,215,1202
0519cec43c2e588ded22ea1018096a9b71c4ba900c6e6a43af707286e7d78e90,965,217,1182
2128eabce9f0594f475ee57b927327dcc49a1e32fb19026432bbfd61f9062143,1080,212,1292
9922492759d3a169ff1596b28e13d18f2ea5818d918cd12c2907e005b58cec8d,1126,204,1330
43dc64df1d4001793e8e7175cb8f26c6171e00072bf39f8e6260158083318e95,1358,356,1714
bade0b8ebd9b63a6e6ed146b4d06043bcbb7a41a960eb651bd9d07601df7114b,949,212,1161
91ca664edf1d498f517fc7b0db2be9183cbf42e5d43af66a6378ff230d92c72a,1095,253,1348
be2a1c73a08ad901a1f0f84ee0d0b2ca3ce326ab686096fb3e1b85f531d87a6f,1319,205,1524
7172a1a9107b767a222798402fee0e26fb1d1a67118878050357e2b756c8ec54,1463,225,1688
745006fd0503d11077107ac2b2746945192943282a03b3650cc1d62b0a1fadd4,1613,283,1896
791cdea48615c41d9ed0211e3ded80a9ce598426f606fd2d4820331dd3812ee3,1126,205,1331
fb9a8870d198193cd029d22fc27fdc6cfd921add31dcdd878df9a954ea5413cc,1126,205,1331
ad96f3d95775cea82e340f8ba22d91672a9c382a517c4c9c5cb7cf43b296452d,1248,1136,2384
d126362d27b3afe6754348e14ac551409d1543983d607fb6907b77f1a4ed55e7,1618,318,1936
d97ce694d2d29ef25062256e72178b978a47a7afad28b34e380d62ac386632a2,1126,205,1331
c3efc307d7dcaed0be19bd2625556cc9d42af22dd89431321bd53b8f8761d253,1736,318,2054
972b53604e4e55e8765c18d0376ef6bc0517e71a26a982da6a7197f5b07752ee,2114,603,2717
adf9272cfb6dc1def565d577821ee0b96f653713af8a9057f74b3c39a079a9b0,1375,207,1582
3a6f957b27f5e6e9678fa7f739ea537404e4aabf2a636e292249527bab1f061d,1126,205,1331
832f8c7fc93d3a93a9101e9adfb8cc98d8cdf82aa84bc105765e89c56acc959c,1192,422,1614
4116f94043e85e6c8095f025b00e933ff51c75d8779d9a6505d3bd83501cf5e8,1059,454,1513
15087d2718de04c616510b9a54d823bd7f28a66b60779d0cd3779ae326befb62,1025,215,1240
380f853406c67cc7265cb59bbd9d95edc427aca1bacc7c68695f5bd160fbcd56,1126,205,1331
107d1c8fb74b4ad8fd3995102294e5209108bebcf8352022cd75cb5a09a7ebb1,1396,211,1607
0c17667a9650036ad6bb1c5bb4031f8d45df34b652a90be9995b93dabc223d4f,1106,461,1567
a5c988928a2e4383c4f79a971461c35dc5930ec6008b1f3dfc14aad7f6507677,1220,296,1516
b69652f109144c2aa08fc845f5ba3512929a1c100806b0c1f6635cade61ca845,1329,220,1549
64b87174e06108d251d6829cc8950f681b31b4ee117a14865603e1d02e735eee,1062,211,1273
4f35bae50ebfdb9373d75104e7ba482b970a86bb46cbf8f82e96a0c7ff22b794,1642,771,2413
51ac7f3b99ff450e03d85d140327c76b99ede844222579deb0c16dc1f95599c4,1139,219,1358
a1fa10e2de9811130049dcb6c3c5323a16c3d0e4e410a7afc50f076d9e835181,1679,317,1996
5dbb42a6101db9ca74b1ad5ef3e4bc31fbdb755fd3cb9d10099d8b298289cb84,1262,280,1542
9fba5f1a6b00ed29012a749d6882781ad20016a495453d8ef0108f615256a325,936,212,1148
2aa966f3347aa5d818f50a2c56d808dc414fa80f2d57c2f5174464eb513d62f6,1126,204,1330
84a565a6cfff6d1528766d7b789b5e8dea53e8e05350639b42e8e91cc90b6e56,1149,513,1662
858e9ecbbbda076ec1e6f9a2d9b23f0c4932a0c06141bca8e355b5f484c23fb9,1093,379,1472
3416f8cd879278d43af740e3cb53513f54beb5c0e98f771169ff0eb247fa9965,1260,212,1472
d96b14a47fb2925c2ff7bdc857379a4747f1d4eb1667db46edcf01712f7fa70c,1065,602,1667
9564baee048f55f3c1f964a58de8e17f4b5eb1bc9693362fa6c2fbb04befee5a,957,353,1310
ad5aca8d54730ae0cf208c994bfdb5ece32c60a964a3ca8ce128cc8eaee6c01e,1039,296,1335
bb84ac0284ae3efc02c50888168eb434af840eaab626b023c28804340d050174,981,297,1278
05ac4242fdbbb891bd0f57eb7e4441ca99480ea80515a0ba3f9ce9950b065826,1233,215,1448
f062c27d73407c0729b5b9db7266853dc320fa197c232c7b2d06b7b5472c9624,916,210,1126
34768ac24ddfb020b04d034caebdfb0afb4bddc9346bfc6fc5b8ed60575f634c,1574,212,1786
679506dac7a9430960ba4f90f21cb9ca611d293219ff0fe375353f2c1013d517,1094,212,1306
027678b01b979a4b6fa6a904da8e66e011e08260fbe4e441481b14bc5b62549b,931,211,1142
fff22cc4a9329797fe707aeaf47524bb66c6420f073241e33b821afb6321536c,1126,207,1333
17be41b952af27583a622f3b363e67060e075b646079cc68ad686c8ccb19c6c1,1126,205,1331
1f154fa504a35cc3e712e2f3bf7f8dc15d0e724250bba2886c0fc7c34e29af53,1094,291,1385
f84c15dc14ae1d846562da72e95ccada01dcb666d7da681f4d1c5716ca664a2e,1073,783,1856
356eaee126c85f55669b8cc167ff75d9cc857185984aa4d2051ff106f1fb65a5,1235,210,1445
b97b7517f5d43634a76c3d3ae31d58defe22816191a4e58bc2c2dcf6ddc9dd41,1039,204,1243
9fc5ef8d3bfbec0f1ff856281aef0e1a9b56f923f3c359f9b20cf14f0170b883,1197,450,1647
c6a3966f8728507524d66759afda6ec7b52f2a089e350cc249bfd12d5f069bc6,1256,204,1460
cecd8c8a2c3a2d2c4a423128e387003a2da29fbf524fa5a7ae45cf73fc7b86f9,1126,205,1331
151b288fab831900d95cd432c796381ebbf6098a80b1fd14ac9897b6328fd4df,2058,767,2825
fbff224b8e6cc692e7630e5470b6b6bce60d59a3b87f98c64c056eb1f26f7c24,1086,295,1381
a2cfe3fd72cf7316784f34b7d7e1850c9d5cf93b719b2428eb0257246fd16414,935,210,1145
ab4b3a602c596f2e3018385600a0a78bc5074c4f442b6e3f2155c436cddafd1d,1263,224,1487
925d90b88e3421ecac5c32c680f1af6b4235393ff40c47f259eaaf492c006e01,1239,290,1529
e5ecb3b1e1b13b00ea9ae64faf8b3d9561ec0434f75a397463ed6c85f8316039,1217,290,1507
11865bde1ef1b54cab362434f88973aaec322d2714e8d85a901578c1706f3a1d,1528,247,1775
d3142c39d1e0eb0286812ea8994e40a358d2a75d0e6c94b16c240a6b1f556db6,911,285,1196
da8663845dabf74ab6c27d2c0ae92bd7a1cc9a29dea64d22663152f1f97001c6,1126,207,1333
a5861ad2534148eb81c6312f916f02ebb9c09a8823553421df7be7b36035b517,1132,250,1382
3b9feb4293dc5b490f910c6d340b546ddf97f65a1c643f71ea441bf4255bbfe5,1126,205,1331
4b0d6e5310e52b356c0724dd920070cf53e539f267a7cb957b3ea36148aaab56,1126,205,1331
6eaec9fd65e99f5f1ecf9a469c5e7f340aec2b814c88bf4d151e40ad5c00e0ed,1258,226,1484
3489c28124bfa10844b760a3ce672edcae2c2342efeb3ab4b7a628ba4cb6a6ca,1235,210,1445
f03f677eead491d0085357c8eaf85cfc445ca84791254387d2cf482419fbca02,1512,282,1794
43bc54e937ab689d7dcbd8208f429f40b89f1a0b791a52da45cdc795b47def12,2416,384,2800
28a819997de3de21971de3cac78baf18cb79309833c189fe731d38e498bb8b4e,1126,205,1331
4a6f7f7d538a9445415bcd643fca861a0735ba2be0a62537d498a10ded120881,1277,482,1759
a7d7a40836d41f7dddb4290abc8805aa90187069d6e8d89f8a9981f38dca36a7,1583,365,1948
169c9a0a1b75904c57143fa82de895245c5e2b9e4e23aaa0266372cf9bcd617a,1266,217,1483
a4f76211cefc348da73879dbd03ca7f7554ce0835daa84dba4c685da5098d495,1279,239,1518
17ebe0e00c309381a292cb46ff2dcb233c3b5eb3c075b0ded4f737529a205864,1308,204,1512
291389354dc25982cf670651324ee28e259a1d0ea1f555e4e5e7f8621adbd3e9,1100,294,1394
fd394fb4ecfcc48a9546f97d46a464f4a6162a477d73bc126dd4104910cfd743,1366,521,1887
3afbea0b6115386dd8c953daddfbd9344d1c92ccf209f6043b4f2db6d25f3381,1126,205,1331
3621f267e4fc3d5c3b5639c94cc74d57338d949cddd0b882a930304a25cabd27,2000,550,2550
895705781b83a5c926ef2e564cda86df3b1eafb5acdd1455961a5bcd4b5defde,1096,211,1307
bea178a0ac49a9fd957ef9c74320591cfd9dbfbaf2d64e65880606cb25a587ff,1126,205,1331
e4f4624c99450b360ae5647ae137199500b3ea000f3af918c73885b7b3a9f913,1406,208,1614
587b4fbc944aaa202d7bbcf16ce2ce2321286ee67cd7a5e11a7d3d1322b094eb,1126,205,1331
5947640e68fc3185b567793c966128f2287ce79c1e5de6491914c27e2086e959,1465,228,1693
5ac7aacbc759cd57d0ee5595c148c9c7a180ac99d1d0d39705b11c1a1c34c7fa,1126,205,1331
f213fb330be8760d4f323530bb628e0115c1233a107f718883623fb902dbb846,1126,205,1331
f3ecf197377521ce2cfab4f88897608eaaf0b30132c72682a9088fea0d2d8283,1453,212,1665
ecfdf286146a025e354e71b1f2fead6b66a94817fdec38b861efab556a72a945,1037,214,1251
5e833ecac2edc7d133a786a38f7f50dc56baf0eb74c522fd0434cb49c0ad9a99,1531,206,1737
fc203df0259edb7ebbcaa0ff278d661d27d6142cb035065996fa6e26d0423a6b,1276,356,1632
be42d597da8aea30f2f37d0fca59f9c607290f08daf4dc24dc282544eae7632a,1318,397,1715
45c70c9427d5061b146f7af737b30448c48b748c8a984c76453ee6d0d7a624ce,1126,205,1331
ee969269c72aa526eaebd28c54a16a9964016cdef90ecefc54138062c693f38a,1687,745,2432
ecc9ede5c6c34e9ad2c347a7a122133d6669bdabe25eb7843ead7c70e8363011,1520,201,1721
d20648d49fe327be388549ca0061b2d9459eeb6557f87fa4ef39ea753ebbd3c0,1126,205,1331
54c80d207480eab54d244ff12da40218d4b9db8c77adcf34fdd4fbdc2dede0b6,1453,213,1666
dfb2f3edfd3bb6851da07cb674fa7373b73fc5fb06cd94509d7cdae8545c3efe,1126,207,1333
6bda199479f30151ce09e7ebda19a50615eb6bef03fdd8c49668862ba0ec31ae,1283,405,1688
55ba37d120d32b712f5d9b2691c212bfd9dc56d4367db878efc979852b74bb73,1260,210,1470
115eb3c5cdbb41263df2d5158112d647595bf8b55e34a475d4d345c764b42139,1107,917,2024
25f2afbfa4a1ad3abc173d823235130ac034894e99c801d92e38ce0ba5540413,1199,309,1508
cc3c1984ccb10e98588a4647b0a254f5a18f34175d5b1b2844ced2d5668584fe,1039,206,1245
3c0cfbe4949ff5d30ced1a5c92d7a4e70c484b61bea2fa47396da8c02c807c63,1124,205,1329
e57af0779e48ef5a80830aa48259540197e26b4f971d06911839c3824284df6e,1557,592,2149
3d5a0561cf8108b10171d63e5024a7182f3c2630381307727b468296f48384b2,1261,221,1482
33fd9ebecb94fe23e9dc307c1587cce199091f6b2e9893a4c42e9d478ec56fdc,2112,475,2587
c9597259ddae668041d53f896df0c27269dcdf27e7886cbc62834da8b48c6d5f,1446,286,1732
6d52f94814d9196550a3b6e6962dcec2378b4aaf87ac7fd73d038084917019b8,1126,206,1332
298bbf223d21adc871954803caba9efc7961adbca8ff2efca3b8ffc0e9227046,1118,210,1328
856352990477f3ac132b64221d28976ab6db6894c675c015ed8ce56c75a1bff9,1281,405,1686
2be19d02eb36db75058af658af94534765db2d8087717cf34fbb1bfeb9b7d0f7,1621,315,1936
f9c3bbcf008af17e320dec468d8b0fae78d10c8b74dc82eb1f0fd0d69eb5a9e9,2237,346,2583
4634a1ff3e1a6b49ec5f0f932c3ab820beaafcba32274a83c318fc81e62c42e8,1210,358,1568
4d9423716a676e2e50ce22ce1c28642e0a2eabef79f5e10b87703e4b04d3c416,1208,609,1817
e61c6f4e2bff91d22448bd220069953a6c2910ad55e60a1279de38fe28ec1f70,1126,205,1331
f7527e5bce9917e6d41c768f50bfe7911497b1a68be8a4a59d7d68969ec90663,1126,206,1332
ceea4f33716534c9dcbea54300c52b011e8f0a8d4b5ba67785eee9d071c50244,1126,205,1331
9ac7f19a294f78be144a6f1529eb7678d9cc6362bb6dad330d967955ca9fd7dd,1270,272,1542
a87877e08d1cc3e2ebf3c6a77b6cf085e4b8e83818185ce5e58df4942ff5f3d4,1126,205,1331
6bf46db56ce84a18017ca56b41bbda45936a668e49ab39ad90254d88e65cf176,1406,211,1617
d454bf7acf08fe24c56397ff85db4809b34a15b9943b01c1bcf09cca648727bd,1268,376,1644
0ec48594c2953e5348856f3957538c7209278d7f8c979a7eded82381398c382c,1126,207,1333
d54824e937f52106b0660061c8b4a843fcc64d1702753f699b476711b7fabbb5,1155,221,1376
9afde017f635939d7ffd2afb1e57b829d146a886e7cb8165053eb56e9f68f108,1027,206,1233
de1200a7e3d98b012d5c7a4d7f13debaca62588e8774b5da2022e10205a9e62e,1126,207,1333
1801848de9ed216b8ae7385d2c5998258bd2ac933e46d314fd3759852dc923db,899,302,1201
c1071fab522366262738d8dc1181e269a24201f0ccbd61e07af4f4b7389d608a,1266,210,1476
7dc4f8acde289e0452e2b67b6380d64970c1d4a0f0a0d4ac9c2ff4c0fcc487ab,1126,205,1331
4172a250d107fa70907b2de4fa3b96fa95b94f67b467bfaaad17073d94eacdeb,1651,318,1969
1fcdc1851d65f5e6c4e498b7a7e9784d653f7281cd451d1679c36c0fb7557602,1126,205,1331
82f210f274633fe1c6a976e00b538d69fb0b7a5ee5819aeb98bfb0c89628d112,1669,520,2189
26e1e8af763929b239f4aabdb9b5ba4fee641b4c1e7c91f2a3ac2607ccdd9ce9,1127,224,1351
1fb93acac7470b8311f34786c823f39942cdbec95128c7586849ed56d6923799,1068,216,1284
f603bb861df28a2e23ba3adb68dc3e53cf312e856a919fdbdd7c6fd5f5b89711,997,212,1209
99376482ba9cbe85d98a2fcb307a842e4eea5e6b9c106c05b6924fb8eb188e88,1253,213,1466
59d048de02aac631ffca8198c1e9a50d831ed3cbd95f94ddc006bafff3446905,1256,301,1557
8bf67610edb05df582ba97b891409e43d33066a1b1b14734364fa731ad8e27d0,2165,746,2911
88878e1ce7704c6627433c44eea02cc4f13e97841e1e3ca5cd56b8b38a4550cf,1103,301,1404
b8af77420f4e01be1d469bc4c1e000698bd410a4fa3e1c67515fd0f920d7721c,1126,205,1331
c4907676eb211add862ca6f8c250e186319e215e5293cb58f06ab404129106d1,1036,228,1264
850399adf5af36850e3513d0469d0f6535129be596c82303003bb32e9452b624,1091,295,1386
560838a03dc8ef61bcfa94a812d0907680617cfdce1afc7265c811831535ed07,1438,224,1662
ff49862a51cb1246f8e7e155a153abfb82988f888b75a328fd5b4bd4b6a577c6,1007,218,1225
8b68efaa0e7413a140b17a487ab92dbca227de99e5a04e31f71e7d2e1b1966ae,1126,206,1332
4efc8526aa69acb1d5b1e4082224d73755a5577dc6835695747310436ba49922,1047,258,1305
0189451e5806d1225a47634e8d3fc3eed48217d16b3f99592187515839865c4f,1489,576,2065
5336ac4bc20adc5dc750ecb18446787a4b157fa2714307da1d368109881b36db,990,264,1254
d3d21695eac3a31fb86dcf869fc50bb891e4995131e43607e6e5f3feee5790f9,977,205,1182
344fbe5c223e13e99bb8dbfc54e614fcca604a352143a198ff55b5b88ecd3a80,1126,205,1331
fc19a038da97c904cca928332476bda313b88da6595a60b0ecfc4058d829df7e,2158,794,2952
4f26eb3889c5f984b6cf8f2859c70eb31e190d11511e4290baf1faf2e323c62f,1267,481,1748
996b9ab890d98564d6ff0d0d1b7a0d67310e74cf0023730229a284bfc225a00c,1126,205,1331
629b3f80ea2e9842084fce636ee27e4b8cd3cc7d71153927c0040c676aba32f8,1112,210,1322
382a7d57c997689b4273cebec45ac69ef55719ec202fff36ad2c6d9f6a40d216,1412,211,1623
f49043ae54447a7875dd207d0b34c2c2ba89829793a39b58e0da0cbc2d10d962,1126,205,1331
08cd41556c9b7f3ab15a00c7d75c78c25d73ef0716fe8cc7519a9ed8dfbcbdc0,1127,691,1818
ab467d20b939ddd150c37950ec86dd2e162183432e40a3182fc64e3bfb5a46d7,1126,204,1330
9a984d441e61f41b9c400e2d51e45dcfbd3a6674423b430d79ac0e00f37df609,1123,205,1328
f27c791565193b08bf87008897101ed802c7145f383aca423a237b77c5acd45f,1125,205,1330
ce01e5d0d49c0440f09ded8179f4644c8159e57226325b917b7692876f532314,1187,207,1394
67bd0bdffcb73531e087dd06015714ebc3ac9bfa0bd7085e4de71f9ad34c47f4,1467,228,1695
88ff6f6fa39e26f9abd5450b345288e28ea5aec9412243a1376b11daaae457e3,1125,294,1419
c5d15c3492c16e126fa11553898fc7b208a0794e7e001fcfe99095875b4889d7,1098,292,1390
e9a0974bd107bb9709c9e6053a846c0f8d27244d3011f64f63d292eb46e83238,1350,219,1569
5c313b429cd5a8e1f859adf0b97120b9e9a4e15e259bbaa8923e9225eb378d38,969,204,1173
e017cb41b3d1637bc53e4208e39321d9f12fef62d8f38fdcaed1f2b94fe26228,901,199,1100
94df56e3a7ec88d717231db6cee6547c13449e2f4abf1c6d096a2bbfb03bb7ea,1126,205,1331
767e386430473dcfaa1eab20def136ed5df89ba67ae9d6258e3c481ab415d675,938,210,1148
76e97c7061e5c8c00a2bec9eb6dbb1ee43e1c642d73f29ec83c357518dfbccba,1261,320,1581
a16d7864f0b3dcdf28203a7f245c572cf748db5637911903e1457fb9356ffb5d,1126,204,1330
f52ed81e272b4f10cef4bedd2fd1812d3472c5a5bdcfc9b0d8aac5c473462616,1120,297,1417
cba9e27e23b6c046f8d800ffcd31edfc78b9cc986c73ca1e8a0ccc25b3456312,1126,206,1332
9fabfb6cb6946906b6583e836da701244df8a24f072533bf8386078cabec09e9,2118,1161,3279
533f979b5c5b98a553a1a474cd18e216473e3999f0e42c625a99bce3f11ad4a2,1091,215,1306
52ded5ef1e09d40dff45e7d97c367125a1e0bbb9008343c742ab2964710f75aa,1802,317,2119
1829b5015b0b3449e961b6ea844f3bb3dc967e33d5b9fcc1ad52b81df5a74acc,1080,297,1377
d9963d7d956cbe7dce6f5c8ebfaaefaa6bf666db64a35348f6639960a4031c06,1126,205,1331
166269eb2f57c55ea092c10070888cbea7bc79db12eeb55e2d6812c235cfdf64,1211,359,1570
030553debf8e350fb812e8e59e2844f6e076b6729781aead85c035ae6e48f3bf,1069,612,1681
223178ec09750ed0a6e63ce591603f3f2bc05874770473ffc44b5f230a4a8c8f,1112,699,1811
749ee690f8df8a74d0f30bfedd93c9b6b37d070ba103103f2126b4f2029786ea,1199,203,1402
ffc751af5d6d42bebfb389364ecd7d396b88c3d6d929ae6c44249b677ed64c7a,1108,291,1399
eab9e66dbb80f0114826fd05dc479ec1522b2a42c416d79219eee53b45413bb7,1066,208,1274
db2eebe8a1365b42b15b9b61e8e568e26bf4b472e177f41930f9bacdb6eaab8a,1125,205,1330
0736aa954a297365074ad8f05d5475ff77fdb932f07ce7a0f3b77016122c0451,2416,317,2733
f2004bd2029c550c3a7c28206d4c61e4f1bcc1d5d43e13a09f31f1e48c4c9adb,995,204,1199
a0fb44072a55214ffe49159c8fdbbfa09a0b142e0886016c3150a27ff575853c,1039,205,1244
f1e79446c217d3a410746199cad5868417cb7845a26975b908642563115858fd,892,212,1104
59bbce873513e0ccede257906fe00d70e0ae9336f60e2bcac80b70919ec1f9c1,1570,283,1853
82f2ab8897d6689833ce917e313a285e4febf0675f2fe7ae0147466f9268fff5,1943,331,2274
7851932a8883163a7dd3217ff579ac982b5c4c4f2344a0abf0c9ca2f662e3e1e,1281,405,1686
c291089e2c708387b6f4ddddb00dc800a3c26e95b81aba130046889c13270a0e,1115,211,1326
9fe6285e74d50703da0d8016eba1b1c9396f9580f127e64859b61675fb8130e7,1136,301,1437
c5d3912213b8bd7b0e069aa9c0e47495bc40b7c9ac668d69c3c9ad1421f64f6e,1159,692,1851
e3021e439ed61173398b65428bb62771216d5cc744d48b6f0fff6623182535f3,1125,205,1330
4b7113fbb986e7b8eae3df16226ad83663cffb10ebaed13d6912a5fe3ae7b521,1465,220,1685
45f0b4ddc3f007a4048a4e3ab6b7097d18102a11f3283422a135df00644344bd,1061,646,1707
2eb50498b1398c987065729170ae043131c14fc20b317e0264f92396da0f5b53,1126,205,1331
65cd71c66ebd355c77a980068ed93a64873678eec89dd94bf51ed6aa5c964583,1266,320,1586
dd79d7c50a2e39d0bd8d9b1cdfa97c00e2ecd19b7177dbfcc83352081ef8c06d,1650,905,2555
f1e3c4acd3e088ae964ca39f595a96a104aafa5adcc59c0dec2dd0f28b4f8f1d,1126,205,1331
4026fe09e83953e5d9b3f30dd55c1612dfd9c06e10d2c6d9656f329847edccfb,1501,532,2033
2ba54ead7dfdf7a5fe9aa67a08559fd696dc08128acfe67f6456e2aabb0f4936,1141,324,1465
8d68c4f81a6b583c4b7ed1b1ef0f6dc67c3ff128f1c2dbeba3692c65a58207ab,1135,219,1354
8ff17e1d7b3e54e477acc77a464f8e6699c196eb7e0f7acde149f591ee81e5ae,1889,801,2690
e64fe41e33ce4645f5679e720f4efc9b2e83067ba3521a6e0f1aeedb72720c67,1126,205,1331
c90f26dc2bcca78dee6e77d5526e04b1031c62470fcc8e30bb0f5a8276a10bf6,1129,782,1911
74e8dcdf04cc4fa1ca722e3e1cf3d327a53395ce8cac4662ad6d364b12e96f80,1036,212,1248
d0868422f730c2701be2b019d4f1108ef8a7de63289a6363ea2b6396ace64891,1126,205,1331
e417aac1ff7122ecb0ca4e799a71a08f63c5da26cc1e5d7b0bf8eba300d82626,1126,204,1330
17255dea60b8b60669b2a70d7f9266122298fb7790c85473d6638255012327c1,1135,219,1354
0eaa0865b3685c3a12e8c0563ecc4e4a762dd018e30b2355ffdcd0651da035fd,1103,646,1749
af8021629546dd14db128c450e2ae82d68c2a40cf2429473f07f405b61f845fc,2445,357,2802
67fa54c2d3525963bc23be52cdd0fd2a8575ab81ca83cdfa91d18746f405e7e6,1126,205,1331
e0fa880fa1e179f7367a6c2ab4479e70b9c9b7a4cfd37b21a1994e895e3812bf,1126,204,1330
68a65a738beec2c8cced94f2a3cf14853da871500458dbc9620da20632d6ebde,1345,294,1639
7ea4621de46665b8e86d94dd316609af6d3ae6660e39ca9c270b823633c4bf14,1564,204,1768
b3c433bdcb91366ad410327747edc8f26e42aec3044a31b30cfd96911befce94,1282,564,1846
546574bd745c679e9e957f41aa34f1bd8676200c048a0203d46071c330f0c578,1088,616,1704
b81c4ad687ae16585f27d17a0c7f61691ae20239ecd8c8f983f172298d46acd5,1307,285,1592
80f8f26e3e68bf9c9b275bd780c1119b8a19abf5093fd3919e032f220696a0d2,1126,205,1331
c3f2834d9d2fdebf622036ca9695a1e17e067c5ae3757534d1b19600eca4fc50,1148,209,1357
7c66d0cbf000a0d0831dd9fb04d04187fbd75223b308c4b67adbd034fe095b0a,1271,297,1568
801404859df16a74b781043b1753b26ccb54148e1490db75da490a7b1db33680,997,205,1202
449aec026e822528c320a108787c4e55570e059a19c02a0336389f880d3c6edf,1423,211,1634
6ae3028a10725e1ada7938b6271939eb8adf6ff7470f16890c6f816d78c8ee1d,1176,208,1384
65c824007ff195189d370007e200cc5e8d9842192834cffd175b05ae4415e6e4,1068,204,1272
41b7838925c386814dbeacfba8e99933bd9476dca4613fdd3e3a4dd069fe8806,2432,313,2745
d2e0bceb528e7b682b36e5ac955b12557ebbc2da6924c3d4da4ef7b0a51f2043,1086,525,1611
e500e9dd672ed531b7c53a7fc6029c7b3b6b23eed59225007b4bbe13f5dfb928,1104,301,1405
b87d01bff632cfbadcb9073776945347d3bce308d349386f34a6480791c5c216,1126,205,1331
632c382f77f9391f6c6d73e312ca978147e6ae0cb29c9650104915be1104b36b,1287,482,1769
112713e64b91269071435b3b6f8a8235e790d1a4536160e2cc766866dfbe8a34,1124,205,1329
a05104b2cd8ce57187eea53cd5b8e019e5babf4e139518cd449055c052b553a1,1120,218,1338
00069d065ab6fb4d18352d46129f672578ba368fc8317be01676d2cd52c1e98f,1232,214,1446
735b6593dcccd9365515f67b72a202de588ac10fda47d95163a79efe7a4af332,1126,205,1331
1673044bc706c591cffb7cc37f0605ceb6e9b0c1ed03c11f4eb621ee109ac1cd,1126,205,1331
cd719217266fb3c513cbc88c2135cd971ea557381ea24a63f9f7130b6f81694c,1338,460,1798
d08be54d291d7a50524761635c9893c74b0f0b5fb5d3387a7492b4078adfcaf5,1042,214,1256
bae1f8a67ad2c0cabb8077cac73a2ec9cef1d6074e9a14a006aa90d9336489c8,1126,205,1331
ea06b83a6d5ec385614d9e4c8c28fa57c18d6bae9c877cb7235c4af250d9dcd1,1095,217,1312
8b0de3f1dbe96b71096ab46ddee5421a0991daf5d047f19d02d400136f3dd035,944,206,1150
75cad3cd08bcedef100049616fc2cdf7f722b184610456a9e9049c47a3319b41,999,204,1203
c6acd77ae51d9a3b552879661607199730fdad6b4b2781bd6459d52bdf8ab4e2,1330,224,1554
0523bc7420329f388fa2e6b7463ca2189c1bd8c60856578a2a805d159ddfc356,1159,210,1369
b341ed1a28f7691635805bf1f5877034365c82652e7e32c79f67907dec71f71c,1121,302,1423
a42ae0614fa892d34254b121c7c8f595e071550c898313de5cfcc79fb6a0e79e,1115,204,1319
f67220c36c1f50b02352f8fec4bf67a29fe10fd28ecb0227e7999f79d29dd7f7,1201,288,1489
7355ac657c52f2502947a98d8eb126a82887379032c980419bb0dd1482e870c4,1126,205,1331
84ebcb35c053a55350d31ee5fbc934067880dc1f66f3256d78ca8fcd83888e85,1570,210,1780
f976f3e0c59be85f9409e51c1ffd7a613a48317fa6ea40c724501c366ba4448a,1270,213,1483
d9c0ffb0ab18ed39c3416c4759a3c245673562b40a228bea0cbc68a1d532b651,1039,204,1243
d88156a99d6bc125ac4f8282df845d1cfa68807112a340bc42f028a43bd2b0fb,1126,205,1331
bb291e81dc68e58469529acbd989f9b05fb79b0950c5a0a78bdcd865e160951c,1336,208,1544
e0a8333f72fe383bdedcd3f08d0564d1c3f464dd69ddee2bebb00affa5b1b7a5,1126,205,1331
604c651310913f588667ea5e3d20517c482d64be788fbdb09252f771c751e5f5,1211,217,1428
da867bd24c08e944aa9640aa832c594c958585a81465f34b301e2af24c7b0a3f,2184,672,2856
1be2ad5cc4095b80970df1502e9ba4488f1f253e724b970eb4a0252dc0cd73b2,1211,211,1422
f64e017c3c2693e9099c5681b50003767afa855ad9fbe2946ea24d7fe3fd59f2,1087,211,1298
b5b366721e843adbf319258bd55a441134b613d32c7845211cbb92b1ea1790d1,1403,209,1612
9d6dda3b9b077b6c92911699968f930d421086cef786547e7cfc09b44fbea45c,1094,204,1298
62d51470109185842eed0ca4a49b49766c55946871402570a9fa5513f206b872,1250,204,1454
9e7ca541098f7a4bef0e4b3061af9c63a0b88de4207f6436a482e5344c0ff613,1126,205,1331
9e98b345aaca53984a67ad05cd4462271c45d64717ac0ad749fe9e73ae417c6d,1126,206,1332
a835a259882eacd7d2794f6cd28ba4d69daba935dd3098d6aa955ed89f5c3f52,1191,206,1397
96c051e3ea8f887e6282d052ceec16531de9fbb7dee801d21195076d28b72dbf,1126,205,1331
ac80b87c19d27194b4188b579adfba92b33c740a445d9f570a6452cfa8755b20,1136,299,1435
1dce64c26723943e4d3b9803f286d6de4e12c0b11804bc8e54a678b4d7a1678b,996,204,1200
251a7928269918ad91cc26c097a2b767a4a1f54c8354b7aed44c788251bd9ed5,1100,302,1402
6b884539b51eeea22ac304f31122759be560990075bab59a7e128d9aefc9da4e,1239,214,1453
69d15f12c4c77383c1ffe8c1a9f53da23e414f8a0651816587fad8bed6e6984c,1126,205,1331
6c83f47ce6e028da70ec801290aad1c0cc90bf34f80e0b99354d4fcfd145dba2,1125,205,1330
4b25f82ae5b3fd35206f0a4d492a63e06c0da7aabe47364cd7a176d6da879fee,2464,311,2775
01513c0ea0950cc5dddcfbcea7da0ce84c78274e328393ab1c98937266cc01b7,1126,204,1330
fe656e3261bdb5c282f4d7761bacb165cf871c45d47236b7c36a99a050a854c3,1138,218,1356
21a13a61f3cfee8874cd8509b7561e1b70fd89891bbc03f6703c66adc8807adf,1126,293,1419
5e99bc2af7725f7d3a7a1c9ffaed99200f84ef1e4bac0bcd86824ec9acaf3f60,1096,378,1474
4693ed457b38f7d8f9609f8d3d236790cb1ad8bc05a227472058e38108123c92,984,210,1194
20d05b24210aea06fed7a3a0efbd34b239599ceb35ac6abd1bc1f3b6ce70ff93,1378,220,1598
bbf6b3f558f8abee917bbf6351a7012d88288ab6076e1e9ded0442d086fdc805,1377,211,1588
cd653ca501de3e66b5950f46a2c50830f5d332eff1101b235a63acf765de3d78,1470,228,1698
045d9d78f5c82a5df9b1d7100e37419a5dfc3a4eed8c52102b8e7cbfc46c42cd,1126,205,1331
cad4291b8a46c137f986939a9664aefe1d6ee9c90d2665610c4ca91ccf1c1cb7,1126,205,1331
6f16d0ac1fc4c138834045e08deaaef4da380a296f6104ea973ec487091c9961,920,150,1070
4413a0ecb2947098253b6890c4ca31356e6e0e15535b5b9d9ff280680391150a,1147,217,1364
884552e92b7467dfcc958a0af42cd545bc0e67dec50578535e768b2b1a52eabf,1119,224,1343
8fa8d071b6d5757256102e0b9c7ba1d05f44d9e84f079b9b2ebc19d67d3ab167,1126,205,1331
28c3945e28b66f08df6d605fd509317ae9b18fe40c11f5ff029411b73155e8ce,1883,682,2565
8337b251d089bb271f99f866618fffb1b645f4af542e2ede8093f05d760597f9,1126,205,1331
ba1f5a985f920929abab22a3fa4907cf77af05a551d0f73e930ffd8fa36a0336,1119,224,1343
28a13599aeac889363aca7eb4d01806fc9a3ea860ad63387b83c2096b59e08f1,1331,220,1551
0285224d6cecf1656afeca05bacac687af148679ae73950aa799bd5d582f43ff,972,205,1177
aced2778df81684439834b5bf059cb0da30e79f8dc9618f7288aa6112e5a807e,1166,440,1606
632e7678396ffb952f38aac3d68a642e2882799b7bcb31ac4122583da50589ae,964,136,1100
a607ba84737ede55464dce74fd0149e6257962b41dbc9d17c355e985c514c6f1,1099,292,1391
751da9c397f43f0d0e0f1602031189bb1a3759d56ac57a10fa7e228c1829485a,929,214,1143
08869fb76edb6aa303de3437c1dd321939cba04919314ec0eae1e7c271b9d856,1268,238,1506
37d8d259cfc34c7a8ba15d6d7db991c0928a7bde0524821f4c24a5fe1e2ddfce,1126,205,1331
9241a9968f2c6f354165059fe84b5ac473402d2fd30b764e2d13484c066de756,1126,205,1331
d372d78e4e58e8dfdcef3368218c1b459d69a57b91a71b691ba3575b90ed6e3b,1126,205,1331
aa7821821384a9830a0e725ffd076251ab2ebaf3d4cffd683edc0a275fedae2c,1087,381,1468
fdfe8ccea4776d5393493d9b059daf453511d34b6e4173d55d53a2ca57b4c96c,1126,205,1331
26bce6bcfb26e8090b0902505d2a2b6d02f54e8d69a9ccb63a7672a8b78361f5,1147,216,1363
88accf894e2244a909cb8890cb050e7c716d92c08a7918caee1132065e705be5,915,149,1064
e1547445a5de6721fe2c0d3f2b472e2ce5b359e412a17b3e7a7145f36f0e068e,923,205,1128
30c7aee3cd83c394b9aeb03a69fb1420e41f83821ccac36ea908f43a1791b652,1660,852,2512
3e060040973a3e78de99047f072ceaefa46a891e50aa94a8b07de573ceb66c1d,1252,534,1786
256c42712e160cddb84b9a9bcfb9293fca3ce5935a1adb517f672489cc8c181d,1119,221,1340
193c3f20714340b3ff15e9b04ae8ab29b317e7507986811aa176de63059de37a,1099,301,1400
8c8c9fabe3597bce8711e526f807a761fa8600b426c71fc41dd1e72f7b9ba627,988,204,1192
a5a371c9627f68fb166b676aa668ae9bfff9df3063238c4ac30acefa9b1957ef,1399,208,1607
dd0709c20d2b713127c6f34c3cfa2b7ac861455d989504b280500d4221a297b6,919,293,1212
4e2ae381cc56bccf970c89b21d3983bc12b27f1e41b2d2cb4ba3e43c1ef9fbb8,991,209,1200
6fdd96a0ad11ed02f7820d03aea66ba4f23176918ed2b2042bd3136407748ae0,980,284,1264
ab4ac0019bcffbd1e4901168818f716888c8d499dcda839ba2b514ea6c767971,1126,205,1331
0900436e213d0a6f0e72d6c828c01390da5a0e1216d40e2ad8687b9187f3b221,1000,204,1204
b036d1e1571e588aad940d43886379a3255ca36444026e31b628d4c6c54c90a0,1598,681,2279
6120198186141d31265c26f564ace3d2fcd8d4b3971ddeca91f4932d8a78debe,977,204,1181
99a2a9ed4be83c8217caab8e74957057dd51ddf460087cfd69cd5dc363ecfd6c,1323,392,1715
6e0785c45af19b6796e342d12e227c366d0293310a1ba1ad7197c8cc0150dc49,1403,209,1612
88947071e2c6a9cf6e33175a5a8560aacbef5da35d0b813451bb4180cab6092f,1152,211,1363
2c9789be42d6ee90aab62995ec2f6bc454bd33388d5d73ce5252fd536d61e498,1126,205,1331
0f91b7e846bd65c604e88c1abda559f8c04ce153577cfa05af423eea042f6eb6,1124,205,1329
f14820677ea0cd8340fb0d5f71cf4294f1cd54474fd7f6c1545c37d14733dd51,971,208,1179
bff335fb5ebb6907167651a452f4c5045bb0a0fcae401b81e54eb254f44d339a,1015,293,1308
a6468adfdcd0d45e60a29145ea2fd486dded7faf041ea0e2b542bc4fe570ad2b,1126,205,1331
6116dd197fddaa88b73c02c40be503e0cf85a5d9fdba30f833b499651f69b29e,910,224,1134
ca485c94465884835aa13494b27014920286a4d652e31fe5da5d0d95f2d20275,1168,300,1468
4d4803a435d1124ebd3c5a94973e0f08d14130cb326606bb6b9d5ecc23ac1a5c,1620,423,2043
6c57a4f849356286efe4f883d917f2a008bec63fd62796e70c1727425aff5623,1126,205,1331
c3f569a4099f12516e09eb1b8b3ffc9705190e27aec0c765ac0e4a928537357e,1117,210,1327
dbe5c30682084e591274af05e64a511acee35496bb044a62c81354ca265159c8,1074,294,1368
90ded30ce25f705e8d52b9c6eee86d812c56a7d1fc7a6eb3b939f89b394bbf75,1126,205,1331
c65b46fb29a602f30c39f0264d3f0303358ade2d38b48f118b6e779c6babc899,1153,295,1448
b50a1bb2e184ef74f31e028dd39d116faf387780b6037eba1ef7cd385a1e6937,1031,292,1323
5eb57a3361de79487f37c00887f48372c4ef825a628d10cd666985cbb9d1d91b,1136,324,1460
131b928688884b1100a30413cc1c9b3dfaec708db9a081e9e1c8e10a9e06d80e,1656,323,1979
3da45a365ee2b3c721a82c977b93361a179c07cd6bd158f667660e15d64ad9b4,1039,205,1244
609eef22ccbee6da2b07095586a3e0ebb9c3f21935d91f8e3b799f558de88e40,1126,205,1331
36022bcf0992e75040df11fd292a9d9dafb8a4543852f9ceff20ba5d2caccdd8,1002,210,1212
762dee725fda4a62accfb8d13022df6cad47e38db4bb92808b9cb69c224d6e94,1256,779,2035
4f82ec23011c3b7afb4aaa47c6a9dc24f7e7f1f2a03b637a40a6e7da3a8bb46e,1126,205,1331
c994e4310c7b4b21bf77c38d8b7e426421a5905cf0870ca4c7daa62b42e354e8,1611,340,1951
a96bf48ec338c37e80931c9f608ef47304e551497f102fd1ce625bf7ca6a7bc1,1302,435,1737
be1748f169f97691fcf1d949ffdfa398d676a806f7a7e7b49f482199defafcfc,1056,293,1349
bb5d139aa9a13a6449cbe6401e28db8934015437e8553b9187a1f0b351c06a39,1219,716,1935
a38c1bb0a096f135accb46b8c5cb9dba6d06d95a9fd3c2aa8d2bdd17d1a344b6,1508,208,1716
adc668249a1dcf3f9e1c7984d55bc7719dea96ef0be77f0f79b0865f6b6d9e77,1118,211,1329
502597957e4320a85185161aa9ef6a9a2aebe2659185608669ec4ca09d0cdc94,1169,280,1449
d908e7f9e467690541e12abc76a9512cd94636855c7905c8a8da32b09446a24b,1254,542,1796
ccda0cc09931e40c16a6732b8613a2e04c5b26eaf135af4b337511c6571161e0,1126,205,1331
9f37ac1f1be68147a918b3ad7bd573ff1ad93b02c77804db02dae1348fbd08a4,1256,228,1484
fa825c60c3fc7063f5e65ff39dc31c69d6071390cf84925e48d37b4fea21c9da,1745,446,2191
bc0690c362c6a3e7b3b1bd18e0d96d48c67a79216457fdd02eb0c1b3b3db83a7,1755,828,2583
4e77a6c564840fe8773ffbb63eefd47825326fff301e6b9f4fdebebb49dfea9c,1565,744,2309
def3bbfe1fa80e038b5acd697e80c1aa30503e618d12f211348bf9667202e2d0,2112,1602,3714
031a2c61354f05471df96b3a484c4206003d3d1e7c4d5e9edc57ce4d746763b9,1103,379,1482
69ecdbaf03b4bbeb5fc47f98425955a2a636dcf219e69b0e71cc0f99d393d29f,1541,208,1749
e9b8c8c097250384e4259bb8450b549287440b608fb8d301ea6b58a53cdc0983,945,212,1157
4de0a24611155900be71dd6ea11008512b7c4a3d47a9ef2d1b29b31310a8ae80,1282,213,1495
6ee3c3a3d2f889696fcd145bccda060326b9304d6714c0d64627fc4a6c775e14,964,215,1179
00e290d6ef224121b0587e832f4fc2e184f672d23ce77c11ad0ce8158231b45b,1126,205,1331
46ddc4bb3fae5799566c1b01a96456c6fe3703080900bf21f5fd97b34831c9c4,1070,218,1288
2e9b5e23f49ae71a1ab58d7f422e1846926f4a56c5741d81af608c1130a1019d,1704,317,2021
49bcc23822e091ec408ae2426aa99c56f747090ea73b373089be4ddaa8645f34,1407,211,1618
d85c2846e527e342324ea8cc6065badcf6be859668513966440ca64228f41edd,1597,212,1809
c345ed44d360d3881f3a5cd9d4e2eb1dab05aa85b45c1e9bb752ecf609ddd592,1109,713,1822
fe041b86a90144bfdaec1ac0a5760e3cec987076777fef12738ce449a7a29418,1619,342,1961
fb7b52769e736b032c4469b0cd661d475f33e07c2d5f5540cf9ffd3be359625f,1200,217,1417
54c0779373e35dc11f9656cee6ab139fe363a6935198c7654a1f97e0f23df38a,1075,204,1279
bd4e974399c68f6439a279cb590008a1fe54d415aef1372ee1a50b84362c73d7,1209,216,1425
983e22d7caac7e510a1ce8ea99954703d56550b3249062f3f54e2cd113c3da04,1358,209,1567
105a5b1cd1e4c0a113fd741eb95e7f1db614fd54201819172fee73f644266d56,911,217,1128
c819e7262284526db5b6efcce7f5589870a3da1b3f0216def3c285e55f43a671,1339,212,1551
07f7640c9f3722361d1f14aba67dd0f70eb4a21890cc25dda18ca9388c203c35,1126,205,1331
3ffba2e7cdabf6d4759e7a65d9a3890af332e021f9073f8a0e18f655971c02f9,981,220,1201
c82b8064ffdf5dcc47a503643fe1f2cbb5584809a469373e1717ea68c0a62497,1165,222,1387
89a8f4ca594ba7b7221bfd6be2faa7cbfd469995283215db08bddc3d7075c219,1150,217,1367
40226840ceb30616feb04517e1f8d1b9a73a674f1e42ca2714539ef66b8fe7b2,1596,207,1803
807c689efa9e0164f9520474bc45ded78989f50faf7f859a831089ced5cb689a,1061,217,1278
35328e940ced7a0c0fb60e35603bdbe2a05bb32fe32cad460660d874fdcda307,1311,223,1534
2e08274a241285a9483a47512c358b21711cf645fef5780962838fe870a52345,1224,217,1441
b9aa0b0ceabbb8e20bc5f6164b08f0c0ea7fdf857de212ef8794024bc2ee5614,968,208,1176
8817b01c8fe0d90c16a880047cde898f2652d1dee29280329d11de8dcacaad3e,1154,220,1374
8f8329320e892a55f5dfcc096859c49f4173a1ba1932270a38ff9ef8e64c8675,1609,206,1815
3d6a21df0eaead3d77c2f954c9214e9dc96c42a487c7ed7ddce13c351b355c9d,2143,2987,5130
b3a7ee26eb62a043378f6418e67d03f44c3f0cb841ea3a50da9c31175607659e,1122,221,1343
eb666c542f2474ca6631b97291c8fdf8081f4e71413314aefd385666bb37e32e,1034,505,1539
94f7f2c711bbf120c6a6952a8f135dfbd6737f40304535e56c334f5eedfe8420,1118,380,1498
f6c1c4513d444bea8f449eded87cb6a9222b4e007a886aabb35b74bfcf0f83e6,1724,1463,3187
b100ae8493ffcd46a8e74a53d59d94f754b62bac2be3ab851ca5d25ff79c19fa,1291,393,1684
87a39093367cb9b8c945096b23f2bdbb367b72909c4bc4f2a4622852f80d71b1,998,383,1381
7e725f10f7ac77d9e4dcc902c8b20920d37d30534f37fcc8ba978642bd973b5b,1126,205,1331
c15a124fd928dbd430b844c3ecc20a2130d5885eb0c68a2cb498548c9e09bf5a,1243,215,1458
00492fe6a4c6df3e2cfe8ad3658745a451f2e3453788d8f52a848961ebeff124,1126,207,1333
abb200e5dbb942ebbc2ec31358d8967225728ccbb60d9c56a0f6efecb085e062,1131,448,1579
3e9046b5501ebe0d8514a00abbb1b2a71623faaec8e5f5f424cf1f2ab72f8df4,1302,216,1518
4b4c5fc9aa6390c81e1181bd2beafbcca65492bf5e51f7d9b991f9729d203d4d,1126,206,1332
adbc08d5cadf12f216c577f630a39b14db6c60c9b30b6550c64326d49db91fc1,1122,220,1342
c3fbd3437178cdd85253bef55d60a00259f6951708ffc80df9f8dfde07cfbe55,1654,422,2076
45efa598d0d306f5779a078b80f9056d2b9f2609bba12a595c321e550561df65,1037,297,1334
67a06041dc9fd1c78925fce21bf24caaf6208d9c5950d1a1b69c847929c423e8,1319,223,1542
6bc819d4da6cabe75adfaaf98e79ba23c75c243f87437926eda4065ac052e8de,1145,222,1367
d637dc593e62b2469157996bac8f2f46b066401e74bee7ad602333348979e17c,937,210,1147
decb93eebe4186a524ddbde18f5294ec8148543b3a6f37a3b3236fd4dd599ae4,1126,204,1330
5fe2e4b3885e6da9ab4a7344d241571e9bbe23c26b57c92a2dcbc360130e56ef,1101,232,1333
362caa96b49c948e35f849f30baad14a94b6b4b7c6d59e1d33db03ca0cf2d662,1906,1123,3029
79e9a7189c5ace3a7f96a6236c007a81cb88995b8a3aa89a0ba3987b683c88dc,1703,807,2510
5bafc19113d0a3c7747eadbc668be454785289f4a26a6541d62ffbe38d46326c,1236,214,1450
8e4ae4d8f459df6664b2f8ec2f2f33c144a20e49776a1eaf5bd387e612ca71ee,1088,204,1292
4315009f001cb7a43b711364c75839ffb9377c0aa224cd0cf69095e4379b6734,1126,205,1331
acba925cc6db7cfa845b3c53ccb64d437f4048a78b1d121b68448bb90cab0c53,1027,236,1263
aed57cb03f38cbaf78a3a35c9451ffe71c57ff4cd44398a29248233b7fbecfc1,1131,236,1367
b271345b165b7fe388e31894c7303f24a35c6fbc717df1b14040293076584820,1132,235,1367
fa0194081f523f265c954e6d924ddbee265e3d5e01629a769c920ecc5509ddc6,1126,205,1331
30e7e8d811cbc6873bbdcf05118d024b0311981d4fa59fe8fe8b8404df20de73,1125,204,1329
e75e0c224a068fb5143765684f181260c2d7f8c5b3ac6a5edbb66b5f21e9de4d,1246,328,1574
c26fa9c64c632434b336ca39094d78959d10b51a3f226f3d1a3f0a7ab2bb7cd7,1126,205,1331
23d1b0b37ded7696905e2d251af8593af5fdc3bb77e2c64cb7884af9fc9bd0cb,1126,205,1331
76270c5e276aa2c5906c3d6a7bbc65d0813995101a48bf3cb3b3a6648efb0265,1117,210,1327
c2a871437db0d55b1c4a1215802fefd57357ab43c0753641636672f17f8f5584,2125,312,2437
e3a35709087b6d676d75404efd8450f8865818e26c3bd065a2c148ae62de83c3,996,205,1201
ea08d14169c76a66cf7a7bd824936d7016a525398bdfb5087714d377d9c93d70,1646,820,2466
74b8a28fda5fa625741541da2163f83a1fb3225290b4c1abc5e7077dbd935352,999,204,1203
0998319ed65904609eb43997f8a681518e66675d44c070a49ff0ea8fafef1fd2,1232,217,1449
d76e6f6e0dd420ae9e3c11f7c71e83a73c125d1376ef0f318f4d3a30d666b983,1010,203,1213
75989e47bcd1c52f36b9b89b62bd38fa827b2cc94bc5f45a8e98137c2c3e61f3,1482,284,1766
f9f5ca26b68acfda9671e6b61649831b9d9276379367c9bf10f19973f4aa4cc6,1431,203,1634
ffa497dcacd5157a271021252f37e86d5566b2861c570265f4a3e0c78c6866a2,1358,210,1568
8f66bdf83c6375629518630a80eb35609f0d1a72268528f688ef32173ca9729b,1185,222,1407
de2edc58b30904b5333b881fb1aa287ef3c20520c982f7c28296313c7cdc4fb9,1125,205,1330
72805a91f4cdf68609bdacb5af4888c8badd7e7c4e039ec65798b04e321375e3,1077,215,1292
4ca61a37f1ef11a2bbbd739104d3943c6244e2109191a3d8bf2fad883c974269,1803,324,2127
b8bf7740baf7e5f0c569f735dc9380eda459c8fe6f66a28f31a50af28a0aff66,1438,224,1662
fe88e0630c720535b017026685d95e8e2f690c6359acb0f4153a5d622373b54b,1132,235,1367
68965d0620f5a2199e59f961c9ff1e31d443a78a15ace45ec21459816dde0db4,2451,325,2776
f2b77494f11d11f49817ebd2b8c2f66e158959195e5703107c7f7ba515b64bc5,1407,211,1618
240decb7c73e98d69b6ac85face28a11f8602a80e94fd98732c2c1a226b2bf81,1503,251,1754
4f0f0dbaefeb3d9b624eef0bde6789248339d4d47977b7f852b57ed57b3e21f6,1126,205,1331
5950eed31ca1fc6bff3e0347512e04915a33be5f5622cdb728f7a7f280a1df00,1332,372,1704
be01107741f628ada5895d60b6ad44d66dd5a53acc692f033801da7a49dddad3,1119,211,1330
c9a8f8f26c093863343f70d0ee8a53b91ab8a6be0711c25f6ec8af643c0a0eb5,932,216,1148
adf44d8d973d4a7eb604f0675ab090e59390bf8032496af54b72e7a8dfa76778,1126,206,1332
bfa0003388f2e15f32bd7de24ea7e783e8bf24c038fbbcd44870959cd68f8c69,1266,214,1480
9533fea99c369c55ba34b8b0a13655f4e4131a123c8eefbe9b0db592b54b9286,949,217,1166
68f34ab1ed0a6c7141ed645a14f6fc9c5cf1855ed86ea92449b0080c25cbe716,1862,312,2174
5e7649a5c8297c7ee85d0ff1a7584d53dfc1248a94159a0fabfc1c527e767873,1483,206,1689
e290abb9900c664656cb35330a0785cab0848dac3dbe0ff1a1066772e2203589,1283,212,1495
92afe757bf9262528b1c95ecea64b4220c9786006012f3b548ecbcc508b94114,1035,208,1243
05fe1fa27d74df55b9e8be0648afaf7a0f18165d8300ae143bf1fb6b2fe62254,1124,207,1331
3c42a69d058900e3c9865d551732dc41295f415965cfbe21430ad800e5ee91b9,1154,217,1371
2a3b82b6bbe2428669f411aac66415431bf298ded0e0175b3667943531a98d29,1154,237,1391
c48f380ab145de8fa90fc979cf702b7e4b6e19f9b3fd09d39e7712aac95ec010,1107,212,1319
9a1abf87b7e3fec5f953974dc0da9e1835ab8c5b8685d0cd6119a05965707aec,1126,205,1331
21bbc935a8b4c2212a3a8c30fa670cd6415f199e455699f1447d2ed97db223ce,1126,205,1331
455edb98293c2dd2e23de63fe019e5ba34a7b7403cdf29ab89650474cd9de23a,1467,228,1695
80f447630be624f0dc48f60a3174d542288d45c6870af0baab963b1469ec0fec,1576,625,2201
eb2d0a7d45ec05362d81fd5b7075a558a473cadc95e0d97acabf0cbf1b12be15,1048,378,1426
0e1b991ae2990f76759dcf1c6aee9cf8dd3f6de7be3a61b99b3c710594cafa3c,1069,383,1452
cd84d97323604d4bc4640b8bcacc2995f15326c5eaadc2955e564d2461746ed8,1126,205,1331
1f05bed21bbfffbfe879fff542f347e4a1d3d6dd681fafd948f681037fea038a,1874,917,2791
6bdd8fe74b3b77b2389b7185d276b783a29c51e38222c2d33f29d38c6fc8e0ba,1154,238,1392
1e66fbc30415ec5760f648a83d8750b4490fc42d4d2c40dd1d1c004b97dfddbc,1134,209,1343
dbc691c73ba3509a5bd6f41d52580760996bd924266e9d4885047290597d97bb,1117,210,1327
5b9f46cae485d11bf22b9f252d8849b8218dab9903f35ef620b09f80bbbad4c0,1114,386,1500
b76e2b59461188697a8dd7feb726fc90f655e03a298d8ca19082223f9ee5a6f8,2310,1026,3336
a2574a5e86d98dc339808de120de340c5dc1bbdf427e61947503f227d10ec2ae,1036,539,1575
4f8873ef658788fb4a744e07b796a22812c284859d625dcf3816088bf9f8d64e,1390,209,1599
90a1041ed978fc41c9f6359919aa3fbd387bedda56cc42898a31a180f9109293,1356,217,1573
3395b9dafa6ba2b985b339ea0e771d4363448dce2c0e1d31d50a4bedac4affe2,1211,358,1569
5ae709399e5c84062484f0cacc3f0f8a018b9c507efe0b6418efff17317ffcd5,1123,205,1328
c6a90692eff44c74e07ec43ca125ec79793406a9351e39f8555c2d270676aa98,1126,205,1331
797176f0f7ffc11fca40a8c1559ff7408876100f6c596af2d6e038ec1489d677,1082,383,1465
0fb346d9e18a4c6b0278302852606dcabb8c7db1422fa68bb247278d26ea915c,1365,616,1981
724d0198b017b2886782425f4ca2565a6f058405023e87eccd226f3fcac38028,1154,217,1371
ee194bb5792b65262cb69d53f1b8c6d23d56657aa227ee5687b8992cc0f61cee,1098,292,1390
f7b53eff96aeb94d98f37227d94852b579ae7f4bca47796df754426a52ffb5df,1174,219,1393
33e83660ff5690495a2e94f3993a67a9287ea03a64d6dc71d52ebb03678e15b4,1339,213,1552
af1dc780d1be2a820e1ee0f178814e8aff2330c7217d00b7e30ee1d5e7dd91f9,1151,382,1533
02df8ddbad6ec6bfe14fb5e8b6d86edbc492de6c0502c8e052f88f0a1a1022bd,2076,308,2384
9ea24cf5e4ce45426dc33657cb3f409b23ff65c7ff6db8032bfbf1ee4c8cfdd9,1126,205,1331
352cb8caca7de937837489d210ac5bdac70d57959ff61c4deac3e135e806be6b,2022,448,2470
e578748aa80268fa33fdcabd89fddf874c935e8c196bb94b7d0fc612fd80861c,2414,318,2732
752e046674daa7cbe8e48d2239920448e49ddb44ec912c4cafeb5ffc37e85367,1440,633,2073
0e01ca595bedadc0518c0de3966073402ddf6642d2cd184388785b4ea4c10097,1167,696,1863
e80705b7c08bf0003f6b040f772f39ab389da5105d4d855440929cc2d1967032,1125,399,1524
6ccce9c166e212302e668aca0b5c11d59f33bf5adec3e375b609bed583eceb5a,1214,245,1459
621269c2abae6e5747a2e931b891b23e6e4db0bf0c5c2b7c718b559fc15184fd,2168,997,3165
71c89ba13aea2d56207a7a033ef6210c83133e155bee9d5682d52a87ba96cf19,2348,867,3215
2733df7ed65bea2343a9110f5cef66091e9dda2d59ddf03b1f83b5d6aa256202,1147,222,1369
97ed42f941911970f50f250f46c6ce140ecc95b60364a69ad0334ce05379aef5,1126,205,1331
1425bfbaef9900da0c05c52a173ebd753c087d7a39820e24e1df384d2d644458,1277,320,1597
bf2957f7e7db0fb73efff621cf4fdfc105ecc7dea49a40acfbae2d4d8152a00b,1227,215,1442
e05a1261296330b98850fae1d644982857498746aa3dfb9ce1698858bf93696d,1036,206,1242
8e4f933bf856c50db43841a55f18d8b7fc8121d87360c47212c24eeccdebd849,1069,221,1290
a4b277fb4b167ba95ceb8de3d4b055e236495c4ec782c8dc68aa31afb846ab02,1119,295,1414
373d87af021bddc4b90a14ae4886deb613ca2ed91df6bf9096e80f4d11924df9,1126,205,1331
dfff30b04f8cb1482ccccfc1fe92860192a320d6ade8bcd9d3fd89104fc95ec8,1992,790,2782
f0bdb59b8d65d9bfc9c84d5636658a37a013fa1b891a54424ad3b0b8eda582d9,1649,321,1970
707de3ff093eda130d68424d3a8411c83892b9aaa1489eb5aed36dfdc9349767,2268,1013,3281
07b40caaa49053e2ef153b7dcfa89dbfce5580972f049224a6f02e2ab07b8f1a,1099,214,1313
4607afc51b05b2f2a2381021ebc1fda73c7e8206e798640a1dda11eb777d557f,1066,539,1605
234f5001be8efce3df3071d2d411d40947ce27cee6137f65e1dc3ac02a7e6fd5,1083,547,1630
ef39236d30ba0267c9093499a85e14b51ddd61a0a7b37b7de4d84bdc84ddc994,1582,213,1795
a5f9d250a6f6154d2136ccbce7f2aaaf256486269079d62eb8d6786963503f90,1201,318,1519
ede21d18daa9507d54688e5dc82f9bf88d59816d2caf0435b043d6f037cbec12,2332,1301,3633
dd19c4703de4127b7199e426e05b4feed9b46c47e0578c6a2ac3751aa9b1769c,974,216,1190
7e9ef42fa0e2254600148d4001635e19cb1e0bf2f0ec4d6b212260cb7c9c8825,1197,261,1458
cba2e8df32500f6317911ba38736a6d15917a5fb4940bed7841e270fe7c69a2d,1453,219,1672
7aba0861fb0967fcbb786bde5b990c5b95627e71305ae104db53e8945868c1f7,1129,208,1337
8ad4b26fe5297d29d90f58f75f53e2ac0ca17cbbec6e4532d28b7da53bbf9255,1238,217,1455
fbf34d73e0f51bde837cee1a963f0222ec6260555eb7ffb087bafcfb89766fe1,1633,1011,2644
207916cd742f2b18702e606b1c071d48519c7584f108e099de2810b3f024b6b2,1237,305,1542
3ad4f98a937ca5c2fbf2d540658a5b7ee7d842b8a96e114ba86782c7a922587a,1075,542,1617
c4224f402ef63dc094b46a4175dab07cb9539bb492bf1bc56636151d62ed9c44,1126,205,1331
15137c75ee4efc1db0b4588d08741357225d7b06b0f26e8565c4044737d255c9,1004,218,1222
fd04f64c5c1ce1ce3723393d8811c262ee0978aa0f300d3c0bb492c33cb68a80,1030,208,1238
85ad1e777ee8bb7c300ded5ecf1e9c69730bb4db0bc073f44163903edf0d1422,1126,205,1331
e5feafc456c1d50492d0287b167c97378c6aa933314872171046d7121613fa39,1206,224,1430
91d27ba397b8a709846b4f8b31d4562f3d8d8a4b3fd4d95f50ad00c758ef6044,1101,225,1326
b13716f4d330a5e0c30134afa29606b20cf19b38eff8366e70847ac3af5827ea,1379,211,1590
efd81829035f51bbdabc1e6ef8c441537fe150de614c5a1d9730e783b850f2ee,1073,209,1282
9d36ef152f3fb07b20f84a7256a8205c55ec483f055cd2ae8b01ce0258b15bce,1004,203,1207
75f582d6f6b425abd26b0805e703b03f9034a2082ae09d1916779a6b5bf442a2,1154,327,1481
adbf9e9773b4e390e729d0ba9bf47a5a1d014f9424cf0a1288cdef95b30177da,1396,210,1606
d372a48002276c713b874e386abe7906df61a1fb970fb78c036c4b2d4c8eddc4,1096,224,1320
a5b3e56e015e880a08fa5a613308ecc13d0a085a0584204db5e716bbe591fbeb,1736,659,2395
19c76530f2d4fe56f1444f6fbecc953bf8ed25ffac8c360ca2520cf0518d3a49,1199,561,1760
ceb12c68b16270283d0c44013636dd480a28ef2307de2e493b5c7ae2e32fdc80,1126,207,1333
9edfdc31d4a02744b6f6a840c54cd5a31cf05146d6e1795d0d6486be13e2b3c4,1409,580,1989
aa47f96ac659b5215e5a3e7696c268b8b45b4d9e00d4f3c69363d385073ecfd7,1175,212,1387
5fd1164f55a3842b591deb05b0534ca260001892efe4b48c522765ca97574317,2274,1258,3532
535e78e103e708c8d6d23210071ff14ddf983674d6dd5b54f6961c97fe8bd58d,2312,969,3281
711d6741c7800b11a8a4377efacf7d5e9aa5941db1e1c7d98c628de50cd19e43,1136,215,1351
51d712dd4d080b5a2c7a1264e455ba54f3f9f7dbd0e8644a524a1c451739a377,972,204,1176
35ed14d685eaa69a68dd41be81d3927d311125a8d1ae99410dfc8752c6594d73,1153,217,1370
e81f0528d6ac5adf2662a494657c5032dbb59ffce2caf563ebe33911fd6f70ed,1126,205,1331
86e2d5dc5fb6a75e0b6583d1b8779ab0acc26202a02a9280c6d7230aa5d4901b,1511,206,1717
1c3f5a8f70fdca8c4d9e9aa0c9d9a71ccec743e67abed586f8c15ffdc197b521,1640,319,1959
113b01b7a6d0dd07235eedd4f68776d0ffe3b07055a02435011ef201b68f3146,2296,738,3034
7ebbbf510823291f123ddbe4ba3b9b672d66605184989e38fb5075e958b8147c,978,212,1190
ce5f230ea974f054e9e3bbbae3bab22123cf4038688e816245d1b79fe96bcbde,1344,293,1637
a425fb79293b503cf92346e5d95880259002affc86d29b6da9fb3e90fd3841fb,1116,206,1322
8cc2135c39a313c5bbb4a055fa68fd0b7146cb352b5eec60391ce5ddd31541d1,1282,210,1492
d127e410b8a95c2d5049a29f19515da4f90f8f3cd5ce14d6f6f7ec7b7ec8267d,970,214,1184
f04c55ea88223e7f63ef135f90513e8c8c7e4d8ae307df355c467ec5f5215278,2306,313,2619
51c7f42f9f7f9cf44feb8c4ec012799f232898689ad254f797d3b0f42a49c989,1132,207,1339
e609243a3d168f9aa96c80e6e8f850f46836cfdc2998e2b05a27aed27f53363b,2368,900,3268
8a4f6cc27581a4de4ed9e201c86997732eccefb8bcea221b374ca16bab67b40a,2334,685,3019
661df6010a92ebf44e5a8c1d50973345a0630b9e464fec2eaa7ffa2a46526e5c,1435,208,1643
a2a0f21ed168e4ad87cc6e22a1b270b8be8f5191f152600cd1980d9e01969d22,1024,216,1240
3198b27905cdbda550c06d5aa0688535f6fba5105a0a4ebc77e1ec1fbbb55fbf,1141,700,1841
d11c9d804497ef2c5e1e5c2a9433323f855de0949cd92d963de9703065604a7b,1255,540,1795
1b44823bec0a43e819ae64b853e0c8700424c36f13e82190d468602503a4a885,1507,1172,2679
6cc4eea74b8310bb73f2b2688adcf56c00666f0fb3d564983df2e812c8473efc,1559,889,2448
d97e7856c6bc498e84c085f3c5503c232c42f965295b68dbec37a066e2a57398,1511,531,2042
a5aa1f9f8c15d852c29a5ecb139c6cc4c6528fa42bdea810f47d84e4a8492e53,1913,701,2614
bdae28e55abb3c41484bb97bcedc87b0804aa15b2c2eb1386d86028d731cc25c,1195,440,1635
04e1c1b20f3ed2012b963f208743056340ae9ab6b581aff4f39c17e59820ae02,1414,775,2189
92082851c33d59d8cbe973f748b3aea4dc393badf66dafa3422274014fd7de44,2322,1004,3326
7f388608c29b5012774df89bf65511639e3a402072dd287db396c52190b8aa3b,2267,1344,3611
9694905f032c493a8a0b00b72375503b5295a1f87cc8e75b52c8a1328329721a,2317,2629,4946
