id,prompt_tokens,completion_tokens,total_tokens
1e38d0357f9068f61f8872cbdea5074f09e6bd1e8ba6e1a44e3b8ae3e462eb4c,988,212,1200
fc11fa63d02262180864f1a0d784b95f2c8bf6adc026e52d022e38b4309acaf4,917,215,1132
34e42164484767ac887ddeace4e8ba76def2c4737bbc3e3bdf4c3ab9606dd25c,921,208,1129
8f1cbda3290dcd52d223f2b1b2055f146e123a4dd8e5ea06def217f73a5f54d6,1124,205,1329
37bbdd430ee4023a5a9105b57a59a0052799e25b28142f9fc20a262a9dc69e59,1059,212,1271
813de0d6cf5b911f21550373b9a3b369a10db0bf80e6e51203be757f03e7b2a1,1095,251,1346
7ccde548d0b27d2ce569b52f6d821e6836fa80daf198e2b7b878e80fc55efa19,1311,206,1517
9522a199c46e38ead194ea219fb1b3f5dfbaff351664f712e767bdc10b66e4cf,1396,276,1672
10c7d3190c9d7b57e732a43f176bd5a07b51e72a1b0a128e1820e15f1f646247,1032,211,1243
28883ae6ece88a886dd5bd6a3fae920aa5a995dec9a1a75ff1fa234233237494,1086,285,1371
453a2eb988cc9bbbe47d73614c2470b63bfc209a49f4636528778630fb356a9e,966,211,1177
feb4d71107bc3284d9281fbfe2ae3dddd1c1ce2513541bc5ba3aac1466a428aa,1288,292,1580
92c771950733ce0750e2ec3bbe309edf3d485ba2825a0ac9b500bc46aa5b53a9,1032,307,1339
b5e116a0f6ee65dd4e8a3d70a0aa091c418b3b6973372f4abb1386e41dca45da,890,277,1167
c9a7db2a6b9e6959857d71fdc8a1b5c683074e0f3baf7e97d03039a1fb7b6249,883,206,1089
a90f009e04ad0c5da4b3213862920b00c4b397796b9199b356611d4fb29bf82f,1060,219,1279
59a5c765a876ca4d88e4db3bcafa66158f5f78901adaad7e5f28a5dbfbfe2474,1630,430,2060
264bcec7cb123c1499c40316710bddc9a18ebf93780712c30dde7b7d30be6d04,1299,324,1623
1c3d08b5c3148bb15384eb58febd0a6b10f9a3698ac076937087a280148c910b,1472,341,1813
a42941f902767b4925a318bdce8ee061ae1c5e7ccc6c87c2f590c6afbff53f47,929,212,1141
dcaeefb4d9bc36b8dd1811d59bc0f30bac9b1e9b63abd4fcbc224a5dd0764206,1038,212,1250
058eb15b2fbd62b225d47a5c626190f907f781da2dcc5750b300ce7b53e0ecaa,922,208,1130
d86bbaed4c25f29d0f09734ebae409b1e947fd12d0e3381a4d624031192da911,880,210,1090
71f4f8fb041525f976a558766aa84b8ffc419493e90e21cf65fd618d5125cccb,886,287,1173
d52e6abdf55dc8c121813a7abbf99106a6724988b6a1577ca5129548716052b4,1097,362,1459
246a091a69420177b10910672221098af213ba65cac9d88d333b2abd6d2f468c,1407,662,2069
8e160e53bd2d359d5033f6d6dc7f007ad1b926fcbb762d6ac0c3b9c6512bed93,1041,286,1327
0566e28a1f28b108eccde052e669ba9176ffcd4daabcb53a9ec8b80f724961db,1009,284,1293
7944dfc265a8b554d9d3550364717f5eb2d11ae0e2539ae7377ed610a9922a75,1211,207,1418
232b0a7abf2c8afc48ca45f88c79e7637ec06703be7e5c99d73bd5ec8212881d,1005,419,1424
3d039e11eb5aca165aeadfcd92443eb63f4bb3b9e01d0736e8bb742832558633,1628,332,1960
2b4f64766f32e1ae96fe2df57d907c3777edc3be3e288e5117f54912dce0d605,1210,873,2083
d46de9a941e526306b92b9a81bf5b37e9301b90261bb06c33d31a131347da63b,1013,210,1223
ae38f9786fa38a94330ed7519b2201bad547bb816631669d15475e78e26771d8,893,225,1118
946bdf0bca48d5100d8c5dca2e03e38b16fdbd2ba84fec58d39960be0e51e7ca,1040,281,1321
49613ef74fbca34f8d88f69c22f8404a86172160c3794dceb23a334272948642,1075,374,1449
3232fcaacde0c91d28c0fbb638f3a7a52c83876f82c37e04c6444bccd1fc3021,2066,1876,3942
d2cbffbc26c4d6e5d31082ab7fae98f54b4b24b86af967e97f3d4210b775dd47,2231,1285,3516
f761483b878dc351b83e07b74ff1565cd08d21b51be3b03e7f36428a7825b8f7,1599,207,1806
3735527a1daee56281ef500ff8c20f15bcded766caaed8f0170edaaea83ca91a,1403,364,1767
355c905311b674ee1a367c497940e0dbc0e0f4f8605570f0a83b54efc1dda509,1124,218,1342
e7724c62ed9e947a0dca60a5b6ab1e349429dde318f9dfacd30414a19d08cb8a,1073,290,1363
aff2933d9ded91b46f44e45e8a8b90d08930389377152fbf093e1c041f4550b4,1048,209,1257
9667d98dbb5af34752036bb4087729c0a2c5c552ecacedc747d7fdf7d2034dfb,1275,209,1484
2fe829b41148412b1e11507683df6883e8360d41a0313717c9988edd3129fe49,1075,213,1288
c209a4370713ba7c3af29479005e8e89cd4e2a527099e8061a0b0caea3bf1a34,1092,209,1301
3f95a316998fdf3b6b6bb8a5db3b94a7e0905b3d0a700c28e6ea0ae65eea6673,1337,376,1713
d22c861446fb82a257b97c510818b5727b474c1f935408e82235e6d7d23faac7,1288,212,1500
d720d3701551725700cf6deb3683c9f98d03925107857c3c211729e2882a2d3c,2017,457,2474
cb29d92c0f2bafa3c1683156a9802dcad8e014f1e0fba61ce79b0264ef692fd4,949,212,1161
21255aa67486cc1b706d560e7a5a744fe54f106958fc7db8b0306a25de78e5ef,958,305,1263
343cdce0e93d19de7f0a92a88f4709b5d3f275346e69aa94aec413245863ad2b,1124,204,1328
0156264ac19672196f39aef2107f13908b1d4ff46b212ca7701294f53198f14a,1471,202,1673
6fc344731f48feaaaeb2c8a9605a496cc9358c1d026e5259b2ae22a9560cc16a,1154,293,1447
d085594a91fd21181b51439bbc190c78e154aebd13e6a6136f405772251f27ad,1250,380,1630
3b15f0c6239c635e0454d84a90cf1bcc9f9d11e2e3820b47018a8e35e3540c14,1095,440,1535
dcb3ba563be936d3fa3526849944c6b2f0f3302cb4d47556421943972344e1f9,1448,369,1817
bfb3b934c551226bdacc0b7b962262978fe15f7cc28a08c2e59aed6d05cbc34a,1472,250,1722
e0057faf324a027329a0dd7d55eb8a4bfb5d2e4145a96e66165a838af6def33b,1214,208,1422
be0f935d66f4e2ef4fc579e294863673a13aa25678555a6c6ab7f813ec9315e2,1157,427,1584
807f315441994dc69ddd208bb6f670d0734c8b74e0e79a15e056d927e18d4b45,1200,208,1408
b80912b977a4d506a56b5293b4e010e15727b948c67194c9e2d10545cfbf257f,1002,292,1294
b4302cacf0b7575b16cea38a912b7060b1b142a5f707483307d7568ff832ffbd,1044,374,1418
29f3a37f9a070544d30edb9e3062e49047e435672442c51fd7ae17647a552424,922,247,1169
52954561698faf3de6ca409a959d14abba53cc9725968067a3b98cfe40e865ef,1295,411,1706
ae27b6be9b40e4cef452c02ee76cce678f05fd778dab6cee518fdd59e37d98a7,967,216,1183
e6e87cd97e993de3c313d14c5752e4ddb08032531a068d661577d2626977a8ec,973,211,1184
a946ce89154ba1c664ca85820b395dd08908b468c51b929927aca5317f2973bb,2298,515,2813
8a60c8768ecbbde171d6dda5e8325e9be5445c3cc8a7eb510d8e7ff691e63a23,2271,878,3149
59d7ba9142642fdf876c4ef7b5622b09b9348f09ef78ef86dbc66490df79d1e1,903,216,1119
b6f288f59bafce20845c4184a81368b134bb8b9f85c2ff3f1c82cbc2a93d859e,1008,213,1221
aa597d90a922a3e19ec9b2338bc85bc3703149984199af06c34e114fe8661513,942,288,1230
d930f88998dceb7f09300f1dec79b1beeac07299848e9d43dd52c91a2848523e,1581,344,1925
6464b7e828f377a9cc3ea7ebc98aaf82668313089c68d6099638190a497cbd9e,1017,289,1306
ae90eee31efba33a0cb199e0b0935d1b99bd3ba956a8b7fad35cbd6d08785b52,1172,207,1379
f4c24ad409e8c1cb771939db3e3dbf00b83a82550160769f604a871bd0b46501,1556,207,1763
dd4f9a8234c490264643c3f52aa84199686aea1f9593bbede81292f57c8da20e,1756,210,1966
994a130c6bfe866818acfdd8d6b3bf059f6e344d5a429c52b78d1b239d6f9851,1134,400,1534
745c7bfdc4758aef0e611862f60e4374119bc4b976986b7a54e6ef33d5f92b72,1057,296,1353
ee0584ec52f8a15b1d5731008d9d57b5668a5ca2ba04c5af6b3017dd096c13f8,1090,205,1295
11b992e7fc9b8ab80ea5a7cd3b8a11bf8deb0ab4093767080dadfc9df5ed3ca8,1113,290,1403
c7b740d179e98d18a3cd2d07f03143aaa141dc62a7c9c2207f8db0bc5121dbe9,1332,283,1615
2f913c57dcf08479c9ca440367cd4fe2b254fdf610da7c070ccbc69ef39c367d,1314,212,1526
b52e271f564b20df25e27d5c99b2e00d5e68f36579f728ccfce8257744b70d55,996,384,1380
c3ba04e478dc2db48c367fa908641b40d9aae4f3474aa047e3cfe3a81f646127,1450,295,1745
16d6f3333139cc0760bfa175da478dc04e15235dddec3c5ca4e3351ebfe36b27,999,133,1132
3154e408e4952767ffae59434a5d4eba943c05067a4bab8fdb2ed0800593eaa6,1051,215,1266
29f80d6b61af728068150f570e5f8172a27d03c293076497b3648a09ebe634d4,1164,285,1449
9933029465578ca3e35453c907616ba7e4759945121f84b9f7f9462e07f0509f,1058,209,1267
b5a1ff052db5505944fafbf50e05f703c73f009e683b787dfd9908a21168cc16,1386,217,1603
2c5124cd485a284b2c3bcc58a5b36b3a1f8a74acb3ef53bc8402b921f86e1c34,1172,431,1603
d478eb486704008df1a87f8d817e0587d551752347279d6c266aa9b20e2946c4,1139,201,1340
4ee2f4ca9227e8344c4ad9f332262b4ef5ea5cffd11e45e084e7ed37306ce3e7,1163,197,1360
6a189d46abb315b7d2a2e00a2f64454e49e219649b2fe98835c40e697acbff5b,1124,205,1329
2367e93837b6a19a6ed27ff1e2775a187b94b36d0caa0ec9c4d88337730274fc,1299,213,1512
50e4c6a0e33771b860500733c2e27aa26a01342f47774e23e1fce449ef078a63,1135,212,1347
f1283f8bd282e645033a5b82b239a200f300e75ce69eaecbd83d9a1d818af4e1,1166,249,1415
aabc7cd412975f811c84283777edd9f74922007ba1cf37eb69a0b7d31170f1c9,1219,549,1768
c5163edd31199398c0d5e06c4ab0e63759c90e9db3fbf1c12709cae186969caf,977,382,1359
54e8e9de6a242c8885f45b816b27255dba4c7ac6f42dab0aa797feacb8337536,1363,365,1728
3846d87167f6b1901704b3dfe4a9992dbb54e5bc1d82c893e15b59e01c578917,2242,658,2900
c15b451bb9d092f80bcdce0eca99de5e63d8df7c7a7dcdf26afa44d2fb417bca,975,223,1198
1eff752018d7ef92c840dcceeef99e6238dfd6506eb8e2f349c8394a23a7e687,1071,210,1281
2f647eed8846b7f7f40c5141b076d2c97195cf8a2a556af777e4fb67b9c6615d,994,210,1204
db4ec7c21d132855d25f9dcb3bd557f3f46c3ef05c9bfd4d94dfbe703d42cc0d,1078,214,1292
298ac2efb00e9ec9853b08b2558530d099cf5511dbab0f53502c87255bfa3b43,1174,751,1925
05d72ddc2d3be8291e441c9d52c8eebd7b100945d3b4d9efa4717c7260907922,1238,204,1442
97154a1e8a7dc36f8281ff02338e6559ee7debc88e01914d781786aeb7863d42,1275,260,1535
f23980e728627f07f7864199176571468d4f5b375feb8627e377068a6c4b2397,2235,790,3025
18cf25da812c2dd0540383fbe0dd02fd0ba3d50795646ed8533dc4c3f3c4b7f8,1995,996,2991
7348ec43a41bea4dae9b087dd4eedc31ba456c2feaead24625e4a620d5f65c41,1369,288,1657
db3563ac98796f00d1eb5b056c0bf25f3a94c6a50d965ab4a9fab8b144b0a2b7,995,383,1378
81a73052b5169cbc60032175d9b1d7111d9c9889326f23c07fedfa162ab9e3c7,2288,1455,3743
093f47b911e02fcd503008a9ff01c3d3c68f22e11108bea8b5d2854cb94f2af4,963,214,1177
84438d96c980d360119e82f4b090d0b06c96805737ff95e3d6151fdbb84be315,995,219,1214
7940977563d182b52a130818054b461d3a9cc6a8ed00dbe4588b5b5aac23a3fe,1372,615,1987
ffec1c4f969c7452657cc875fba1db50866bf2e109c2644375fcdd91397182c5,992,209,1201
34cbe8731b55911d34e3d957c9a8a4e9c29c88ea039c55041091a81cb2ba3800,1073,213,1286
47c40df0c21a3ad3bdcfc5fd5b01a487e722f6f6304535388090d33aedc90bdc,1124,205,1329
54015d89d5c8bcefcdb28b55508a129c09abc3b66a4e321f3d8612276d2aceac,1064,208,1272
26be0dd37c1171a5baa6aaeaa5cfbcccafd33c409dbcfc73e68af10f2445112b,1042,204,1246
f8c866ad24a09be848dd501d38e1eb5e32b73598108a8c9dfa57145aa7eb9165,1116,210,1326
1e16457d267f48dc092239e06c533276e75b37fee4f46461dd68a4644f638311,1064,216,1280
b0fa9cfaa482769752cd90c87da7414411b564e84dc6695573e34c427de85d35,2273,635,2908
fe0455b4b7277985f74592cb1df084c68edad47e8fdc6e07321bd7437b68aeb1,1140,222,1362
6ba172c0ae5a83056cad1688201c9405781cdcc6a8d48b914e631b35faa3e5b9,1202,218,1420
5fd720db8ffc2cf08b7e105d39a87e491b8860e3eced1d00cdd73f751a1b0617,1141,539,1680
917a37196d5c511d311616917a34182cbd8ad4a13cc98657a2741238e0617bec,1128,210,1338
a22c6cc731a63459cdfc78e04ac4d9ba6e81976dc8be534ba24e86050ace6b86,1030,202,1232
4fc1d9f8291c6dc32f0619877e8133541c47452bc0b3920ea3ff2a90e724f69e,1080,292,1372
49fc715fe4f830d8eb4c5e053c427f3a6641c5834fd6344525b719c5eed5e8f5,1542,860,2402
6709ad2b4912fce94c070ab04d8976d4fc3b36e6715c560616732d8763446efe,1305,299,1604
8b7d57659d34e24b10077ddf10943ff2f21a58f8a7b8d49782199bfdf29e4e64,908,127,1035
accda88d23469332da8015525fdfac765380ef30e4aa2bd4dd06f48f1c92a200,1201,358,1559
c62da15775066567c17bc70af6db4f46cd7ead714b397d55e885b6e03e2c2900,1242,203,1445
7661fe04b03b0d57e9ca3c61e6654ec2156d86d8e7f44d519ceba34496f77d0e,1761,315,2076
5650f9dcaf71325ac014ced9d80676c1d75a54d255468ee0dedfcbb439dec409,1166,254,1420
250500028029d45344dc390d2148e932db6624c78b23868a98987b84ab678937,2132,892,3024
028ecd4d1eef342f091273dc8ecbdef9a19fa968aa8681a3d8db63942e6863b6,1346,365,1711
9464f4193506e0e1f4d26098a3f94d00a6c166ae52900dc39cbb6ee8fdc1023a,1205,255,1460
2190feaf70ca79fc572ee9d6863a62792381f04c0746b541ec292f833e82b8b7,1007,284,1291
dcecab08ad5c1e01e1cbe1e846a7af117a12a08e9b3bde0de920ca062d41542b,1546,274,1820
146eaa3ba572e0ed13b9df26f54c888109d2227b76e445b5faa0b5e2ec5eb3aa,2021,1055,3076
a440eb5f074e65156f0080ed5bf6bb3cb6225b6d9a81403eb2d0a02cf87b061c,1430,217,1647
ae4f6a328719a3cd51fd4b3795bc852ef4f88db0e7cda4803a4f4ad14f10a5c0,1080,296,1376
b175a23464cf295babf18f7e79e7e1cc821143a5a644cf8291de82970cf2e554,1029,314,1343
8cb9ceae96078982a72170398c3fca8c929b6ccac55248052c4c5e78315125a4,912,213,1125
bfcf2e7ee5eade7ba58c22356f82d21ebbcd9615967b6cdf221cef8e45157306,1045,213,1258
c9827ead8c940a5f03359f41df73c3f0b3f1542930d07764f1315a005db1f638,998,204,1202
25597df3deb734ff77126208dd6c02664b10cf7c55be0f84cf7853f7718c3775,1187,210,1397
6a133b8ccb6be50eea551d742439ff38c89e6416a8fa6875f4d7828df2c9c1f4,960,534,1494
4dc208f474ea782311160921df9af347e6c2878a39f3944a764b4859a3b1937c,1741,1253,2994
97a333bf2a8e93226732089516dd84c3dc8ee862a4d7c4a8c2cdf5ca37e842d5,1021,215,1236
2146599f4abeafdb1b64a3c2cf27269c2224c8355793392baef9da8666b5bddb,1124,205,1329
63579570905d6fdd007212ac39e699f12906bc9ff9c39316ed5b86549a8d0cea,1164,213,1377
15434fca1124250a2a8c01d29479e0b72c32ace3761ef4da7930d91de1ff138d,1096,288,1384
4f9c969e7acaeb788a1d3d74421eb3dabb9fc5273edf31aac0b7e0815414e978,2096,685,2781
d67f34b4d33ca5973e65db0c572e49b380fcfff8fc953b267fbeb108cc209557,1030,383,1413
0ed5dcf644e5c261f84ad6ec50f3771cbd183ce246c3bbb17a39b86211891044,1323,209,1532
795079b3ccaaabb8c38a1a4b9925dde44e1df112d161c7bdbdf7f94bb466aa68,1080,217,1297
c4946cfb15c9bdcbe634593b6f5235d108296546ad47a450312f6bf0cc4760a6,931,291,1222
801624b7706fb46040f9020019be4cd0ed87be037810020736ec1f49fb1499c4,966,217,1183
5b892a60ab2195139af062ffda04845d87aadb5f013e210fbf9dd66ea7ec152f,1119,211,1330
8d87cfed1eed67f3a3b53419e4c28534222ee485506845e21cec94b4742d6283,1593,358,1951
e7663de382a02b37de040192de69951315967e53204b660d9be5ec1801d46944,1024,218,1242
88d38b38612fa23aa88a33f6c1135f32ddf1d5baca3fa4f94154f968f05b44db,1290,215,1505
93af26bf9744453a4704c51c19d4846396036d3ead126ab87fdb7ddd608a039a,976,210,1186
471b0d13c0bde211b545ce9f2705fe43363f261c626b4cdebd8c576ac1fdc1d5,1300,383,1683
4ac0cb02d621813fbd5e234b50bdace2a77d766a824e5fd6032edd2ffefc9cb9,1270,213,1483
57bd16da1ff7232f2eb528ec4cdeb7c0e5386a02823ee4c5ead8b714bfe72b54,1012,301,1313
49cdc847604fa928ec5c6f8ceec0ef03164ff8b93af80d5e087aba76cb349267,993,371,1364
de255f2207c8ba827c8e69db9c8fda1b3c7257d34b1029c41a160958a2f3f51e,1261,445,1706
660cf49dc8e097cfb30c7d782d9b315fb51efcd5886692633d7d6d51c647ea30,964,200,1164
4e9831c1c0436662860c95696b6e0fe43abfc4372094a450e66295f9ad676b43,1468,290,1758
b64013b5f7c3f4c75bb77e3fc9154789c1ed54b6aa1e7ab0c741a1c959f6c4fb,1140,369,1509
e80481e0b7e419c30a4fae343c6e0d73ead31b4b31aee0cf852226818ad1ae84,1718,321,2039
9b49fb010c5ab35a3774d8c31add3acacee92ba18ac2c24b1daf26cef481957b,2307,2546,4853
279a0a4523a5e7cb7cded0f9762c4246985b1b1e9ff079f9ea7fc675e449ca52,1488,291,1779
e1ef55c786059efb5c9338ef422dbb7f8b93f59ab89e0d25891848c2ddec0b64,1399,207,1606
7c9d0751b3726ed2d88a0bf1ddd02cb562659f3340d8c0b799eef0dff49da237,2148,1263,3411
0de0ad7335bd0c7a369bdfb29e924a9b69a07987e52a4576396317604c15d03c,959,220,1179
81f7762ab31f114df6de09542dd0ab398f1ec917fd1e792e57523a9011ee6a3c,2381,808,3189
9137cf3b5f5cfe6e94b455d9f56957aeb8e60f225df63eca5631e7b05c03c0a5,1187,364,1551
636de6ad99a7dcb78c976f94a16a574ae02cfeb5465adbfadcca3d5d0119b19c,949,217,1166
82900d584ea83d7a0faff86f85af003f66e802e85a0aaeaffe36b56c67cf653d,1039,212,1251
6e2be18294b26495db89220eb95e098fefc4fa4799a51902463d71f747f3acc5,1391,448,1839
351cb95bbe7e1135c2938771dbfac5b7d2b4029d997d3a848a8f984344475d15,1124,205,1329
4d4a26a43c922059c4aa5a4264e7976bb5a8095514da48d179743c64cfd95b28,1175,211,1386
822750643628c625fd5a0793ad6057afad631350cd1d5c21bd620518d105b11f,1219,258,1477
0dff3e28e020678e286e21d38738e422d4d84c84dd3afadd6ac3f1cad71accbc,1445,448,1893
bd9b0a8c3a096918583acd07ddd262a2e93f81522006908704944fab4b2bb9c3,1182,570,1752
9c63d45f4ce415fd1ca24bf6ff4f8ec72bc88e2600934321c27f57fc67d99762,1272,212,1484
a2988847a1210757c50e9d082800842820dcb744b585d368327627063e6cc591,1424,529,1953
c02564cd0925e53496205d77ef949fbea3fc88016ac40554ef9aa31cb8a0d2c1,1096,206,1302
6f93934098b2b084ae3b21ec2b07d58a9ec883139981e75b644325cf27db1588,1354,421,1775
5309bde49eccdf7d1cf2ac584f7f8439a188f9faca5204eb7c1f395e8e4da614,1836,314,2150
f1bd9b81d871f592853d68dbcea1a6132b3577b36c9aed8e60f3dbf760cb290f,1286,300,1586
12bbd3eae75f00de8c66d2633293ace906fb95cfc95d3dd0876cb55960be1eb9,1097,222,1319
4e18e8759012bb19fe6bde187f0cf3c9885d5512373b85d89063e3c2eca9e4bc,1138,284,1422
50d1642addea669e918b7426c7920aca3d7d0ca1833ad4ad119ef6a2b19b9a13,1284,257,1541
79718988e437380e0b29f28fd6610e6688ccc3f463685566483fd90bf7a138f2,963,217,1180
d95a0ee928021d0a811d3807c801fd3ff47a7ded5b69117d99d85d2cf7831ec8,1161,215,1376
01727403b33b52c1ae3fcd1018ba0d5d570ee2f6276555f649779f3214742661,1206,374,1580
c02ad2b36251e62cd33982a6db8e772b5c332064970f0b32f8b648d00c491583,1124,204,1328
986edf299c1ace32fa0a40519af91e7abfeedd58a9dd6d7cdaa529dff7737b87,1039,483,1522
e28cd7885ef487409b3ec289af9062389ee23510292c7c9653c5310e06e766d2,1395,260,1655
19b44465a00d3851f39284bf15017a2aee0686f3be44e9973a0f411370e1fef6,978,209,1187
a62b706d1e15b746867e7deae8573913aa2883f88662607b7a4f1bb4d5761849,1470,506,1976
bfecc36b95ec4ee561e462481456824220f756cee68f35713833192b2cf96eaa,1542,345,1887
46f750511107de6cf1352039c0dfef3fbb19e38b1f57dd417ac0b76753cb923a,1288,215,1503
75cd7a04261a887925d6e012ac910ac9a018c8f7afb8cac357a4f617a561709c,1566,289,1855
8737c443f720e96e2c5a1f38fc3f9b676fa517dea4210e1be566b9c8175f2537,1056,209,1265
524c76294da70031768da96b84abe7a3a409a80be980c59a4c824dee03cdabe3,1565,214,1779
f647f32b3c2390e806c9f3b8104d0d83e5217a200924427c6f5e296a93f5fba5,1206,204,1410
741623c122e95691c814369e37f619131f12a56715e45f0650dc8fce323df3f0,1009,205,1214
b2452dcfcfd8ef32b94db10380e9faf01862fb5fe48df944f8e8cb31d34bf8e6,1403,200,1603
220256ae41ab85b8517b57b6ef851b37ee2cdc1a2e5460f9b2157948b77d2475,1594,583,2177
2fc98aaaf7afaf64fa4b8459f2e8f36cb5572ece61789eb713d367243ab8f9ec,1256,297,1553
de56feef969f8198a74f53e795bceb5eb1a27f6786c8248c42810564de67c183,1274,211,1485
fb8267246ba7338b1068271b16e6820c88e835ca636f20d4bb9bf473c633b8c2,1346,370,1716
dcb183333e6acea9aaaf1120d5e93bdd4c4d0f760dad98f8a557450892fb1d4e,2356,551,2907
1be18f6e92562f6c941fe3bd725f828e752af909c3dbf67e4e883f64b88665e9,1479,207,1686
7f62688f0b7ba09c4d93463b4b6349846ce09d89c968e2092cd641c2499956b3,1197,391,1588
857f7e33a221625416cdc993ef3162f989c0ff6589d0442b66f4eda5ac06d66d,1606,370,1976
329e6d6566edcb763240639606696a0059b0afabe83c7b1d8759ca0214bb25bf,1004,299,1303
63282fa68d3906b42595ee35a44fb71d0c41e8e849a3f05c20518fc0e5b438f1,1522,509,2031
91c44c36a62e718b63a056defcfbf8c52d9c09566474a2397e59707e66f24b85,1146,667,1813
45f584dfb37b8a74f37af307ac79c5c1225538064b7ad93f3c477ef1874dddd0,929,132,1061
b5a8a634f33d5a9145691b9eb863d4166cf634f4218075d8e93f0d56ef6917b6,2196,337,2533
ce6cc80f463275773870b86447445c91a5b23fd2a0d8e65b35ae4f4400f17cf1,1409,301,1710
e102c9d28654680e11003828444130cc2c9699dd67884c2d3f4e2baa4f77873d,1279,420,1699
7d39573cd68efe094465ae4f2892926160294230303f723d45b13e7465046375,2137,330,2467
3971c8ee368d3136a062ca1f9c2c1ff37d3dda98d23bb2fb82315145c786923c,1042,134,1176
e423837f6bfe4235b8f830e884ac13b70b7c750ffd39d908f3e22827bc88d4d7,1184,207,1391
fff3d5dcd6d72a1fdb27c73032988a515a680d898d2eeda7d56578c4071cec7d,2292,1344,3636
739801a41953035d50d838932253254686f9577dd6b4bdbe40adb2c317e30eee,1134,303,1437
6bc74134f13e0c685e6f08413257b2c8e54e09dd46e1d528097b6d954f059d2f,1100,286,1386
3b3f847c03ce3d1bce23801079aebcd7e69ab76692c6b9db47c4d0ab1f6faf10,1177,388,1565
a856591dcb363c69a97b5b76f3d4a80f208c40d31274a9a5f47f1fdd7d57c5ef,1069,199,1268
3db4bf0ed407ee13b1623800e48ef9726366a681038de7d64d058f8ea57a943c,1124,205,1329
dc6c048d6985cffde2113b963c9b78d956aa89458f52b38ae9c8bd06d5055f47,1194,211,1405
fa89568eac82ae618bd98fc42eb3ddc487506fadbbda362c6474b8fe7b95de2d,2268,806,3074
efa4fcbc890135a57701ea1ef0a8622aa378b2822995fe2c8f5a757da5ab0c48,1073,250,1323
f5a22d3a1ac51383abf51440c359ee396dcefa475396441fba49341afcf8ef19,1505,396,1901
1b390ae098686d4707971edd6248357f7d26513fc221bdcfe9dafad18d49981e,1140,610,1750
0fa0790eac285743a0a592f606f711940aa2dbb816e9e0ee7cf796d05170cd63,1232,282,1514
10517590b539771f3db551776a6e016ed6c32bf2de5cd1d70d5fbddd5a54bb54,1265,208,1473
3bc8e7a5b20017ee8db944c6387fcf404c9d57fd9c2a451db666b6faf84cf211,1159,292,1451
af2b1cc433f9531b997aaa79bdea15fd627c94ac6d03be59b310b7bd60e736f7,1084,210,1294
b96e333a9e61394e7ad34653eefe10ef081cf96cae37aaf19eaa5cba6a580e75,1164,317,1481
8997c6dce74505f9cdc677fd0b3d56db20bbe1ce87b109b18f80261d154b7e94,1034,230,1264
8fa1ffe7721ec6b627ba807958e61f205b21717e8e231df7a5c26751af12351b,1086,214,1300
4838031ca6dffc578598f45facea198f1fc8d62c60562ea197c2196f2e2428b7,1621,896,2517
35530584fdb04dcfe883739f39bc55d34f524e405af18ebee94c00ce50acf221,1531,277,1808
3f33be6591f171fc41af9aad2ff62330c7f87d4e9b0273b2d0d88538a072ecf7,1898,659,2557
2657a72f325b0e2bfa3b1f19bb9b68759bf5d0f7a16c517266882b5de2c38abf,1570,279,1849
2df26470f7481bd5fc186f860fbe27ab05a0ada8ca5f45ac6d19b3182ba9277a,1372,277,1649
95c8e3b74fc079e827f9cd1a6d093dcd4c72a45203593de2c407bbe248767a77,1207,209,1416
ca33abb207f3e43621f4991ef628146e7d49b5618f02a4a1e9ce70c0ac447438,1614,647,2261
09db60c37aa8ec552b0cdb6f58c8cd59212d22cc4c7176692d2d1d00af4e2bdb,907,210,1117
37cef18d3705d7289101cb4affaea8a5633ed51607b8794bc7331efdc988b47a,1014,209,1223
c739958020dc7686b8475f32cb133347df5d5a5e54676ca00b5729444647d830,1247,282,1529
ab57f78f16f43754a79f080df1d194486302a60cb076617b23b615ecd2a3750c,1124,205,1329
89cc5547fed5bff639515cd90708eb6a32f82451482ed8c397c914563a50c7a7,1568,207,1775
9d4fe0e127c704325406554d99ae20e7c9e50e3b6b082793310557540858de55,2019,1178,3197
7f2d75c08fc08cd70a4f07906c619fabf7ac37c5fc2d061339f71808ef644fd8,1208,547,1755
0769ed6f32fe6bc00775fb79e9f01de56ffa5766a4e9de87cd475119bb054091,1278,203,1481
0b3b1a0d3b7506d7358d70a4964afaa6d9d32415ee14331b719137d0a28604e4,1118,210,1328
e15052ee76cdd7b819658112da00f755e6d7c708a521709aab866b975c0de7e2,1000,277,1277
e71ab591c9b1c1f57af044f5740a68a48554bebd696d4e4cbc26faf6a5de3dd2,1524,245,1769
8c21c844374c5741347dff01eee83965fc8b380dddc4bbf78b62893761dc8253,1536,357,1893
2cd2df1cc08f7a76ffbaaf84fe8af94793952f98f6d0a7f7720e1cb02a6f1635,1124,205,1329
f0c43bcb720e108241a06b82cff6ddf91922ef5646f33fdb96e25ba241e4b17d,1155,267,1422
280379fd03abe50a9f5341840b8785483b045ace7ea487464a545e30428d363f,1206,210,1416
00096e29e8a92f792a02279b4c6e572497f8a127eed3d8345ec6e45b6ee9f4ff,1539,226,1765
df46ae97475a38841df7ac0d22fbbfbd90a31d10ec16942da7c083a9faeeb42e,927,204,1131
da271d7df5d00b064cf3ef8b141e53e1e8d2dd74e58e16334f718c2255a56386,1248,214,1462
d169b03a9e3cede70e5df88f174453e2a502b1eabc3616f9a43dd2a8e4ef88db,1494,836,2330
422e2f9e99c47f9a83aab70e10f554990b6a35bae17a7e9379e4d406531a123e,1193,294,1487
5932f09062ad4afc8e639e4646ea67b578713101529be72871c07d8c3830d90c,1541,354,1895
71237f0070b5877bd2c32b5942105e8eb7b74667bebb517de10c1ad9c9877542,1409,450,1859
27f7b82898c7be317936f8bf4dee6bdd31faba8fa59869d8a45d3a10345d7de7,1521,242,1763
8fc18a17d22f65e5585c393ac6345b774e9215c2db9f208606a267dc0fc882c3,1094,359,1453
84c4d32ebc97e24813f7aaea05720e693fbf1c2ed13d3913a213e238296a3dfa,2122,778,2900
b1a3fa08a57448da0645e124f92e2b360600a49a124e2fd1c9ac14d51a2d2e92,1137,293,1430
31b900e0347799310e168dccaa3860cac8eb1c24e9ca76d0ce300bc0115874ad,1118,293,1411
66ad155148e32521dc15791fe480966081aef83975b757f150306874c89890ff,1251,279,1530
db55ec927ccab22d9303fe6dc7374d9a20eb1798158a43202d9b4c45bb00c89c,1098,352,1450
85c007bcedd704ad5600b99813ff5f9072960ddc717875087ccb8443888f46ea,1647,763,2410
4b5296a2783c1411df3140cd41bd51cfbdd7753704719fcf3308af55591b1b6b,1001,292,1293
790acb53da019bbeb1f12b2cf1b68f4fdd4e889b62ff9d5527cfa99276c8128b,1303,534,1837
66dcd41d1a5e5c103dc646b628b879c86b2a79a27585a8acfbf1f21cb7e3594f,945,501,1446
804d5735584947650168e879c02f42bc7affa345aca40c0fcddaa4f639c8c4bc,1347,293,1640
a91bab8a468bd1ff2d2454eabbb9692f3e0529fe715f39400d6beef1f172d885,1074,249,1323
0838e9f2e88fa3b98bce162e3f9bf8522ab2f74c5a9f09c4c51de574363d6a89,1058,282,1340
638271996e736ab4e219ffbdc712641e6a13d2b88225502539c92a8d638af435,1124,206,1330
838fce162f151c2c42d0f78b40fef65f355d4d25b5e7af13b05fb333e1ded48e,1096,368,1464
ef4c65a27e24c794fe843f6bfec244035f0bb350ceea3a68a69da6070e0346f6,1432,211,1643
dba86398f898bff2f3ab5d0740db9bff35ea3be54f34af0dcb063b9c58979f3a,1271,210,1481
be3e3b4e3b338d6a510d0ed2f906b53d878e50350afba91f1e9277ff9f7533b1,913,211,1124
b0904fba4a829de394d1298fb4be507d74061b7fecf093db2a01c1193d5a9858,1367,214,1581
5cc5a1905462b1fbef63c17eeff44491d8bd0241fecc60ce9aba18c43e693a90,2147,871,3018
c9c67b51466cc93a6bcbf68169fb8a890eb33d7a148abd6aa338b7822c1d95d0,1303,282,1585
95fc7e89a22e28fa80fb4115e086b7a1b6320205b52dc501b2254a2bdada370a,1083,211,1294
1e40832a0bb57d8871cd78d650301802e8e5aac065120dd20d3fc61891998e26,1422,219,1641
f93216b98930b3845405f8a80c94e44736d4749b4101064eafb56ccdb1ffd6fd,1297,671,1968
e2bca9fe92551d8ba314259c8b03a9ca79daf2f26b3537d5433e3ef6d08dbcf5,1287,206,1493
bd7c6c5873730bbd25840e315c637e8afd9275459e7dbc873067ffa82a154382,1103,248,1351
b8815fa15f4258386e6e75021128a3e0335c388c1e924de193998c48e589fca5,1277,219,1496
52b915d5c46798573e9f60b90213b0314779ae7836fa1697c89f6d4836de7037,1280,201,1481
007dbf2af3f89e1d4bac98ce4da0ea23da912b9e8f009f0a834338788d8c9c5d,1023,288,1311
0842d3f9234b6d6b487fbd462d6001b9a259709556eeb242b5e33c901f8ba549,995,214,1209
5ffc22012798ffb39adf6f6a9857db4464788de04ce21b9f99021fe35bf49ff4,1109,257,1366
6b0baddcb469edbe906cc18780483c1e9839f765a8b189842c307fa44be192d9,1304,442,1746
0a386fb9dcbedac7fd26b5cbf0e4098602871b5e4004bd1aabfebd213ecf5f12,940,214,1154
e8e3154e57dc09c1bec7c5c9904f805db8583151f1bc2bb40e823a5fd58d09d0,1132,215,1347
8bd0b13f0f0d9f3884ff82475de9ba5a66f9dfe6d020a99596b89e3198c2ed08,916,213,1129
59271a78011ff873eae842e79d0ccaa58304e0eac0b595bcae80ab98f3ff8cfe,931,215,1146
819fcb53a98d8aba2cc685f0b9b95dcddd46aee5b1bf699f880610fa0c93dac0,995,214,1209
ff4ecfbf8341cff7aed35063718062c5bb61914cb5f6e1a8a64c957835a673ca,1339,450,1789
e87783cbf9d773b14161f9392aaa26d1264779de1884b551f70e90e12b3a30d6,1055,210,1265
c12e28bcdda9763865c5933df2c104505f23b3c2dff9cfc46df33a0368868b95,924,214,1138
2832e4f4567bc7affc30508919a60c2710fd9653656fb1af9fb71e8e701e3c90,1940,555,2495
60e52e4a0692afd242fbe38554c3d782bb0268764a6b19a7cea4a98d2e36ddb8,1155,252,1407
5cdeacb7bfdcc0731588f3903babc1bea2a2b554fde4011bece4106eec188abc,1576,277,1853
152439ea71f39aea1b45e6eb21a77392d586a40d4e28861a617fa0f3a7e1840e,2271,556,2827
81c7ec5f069d9ee07e3d920de1e6d1e3976f19ffe8deb71c28b40a31484484a3,974,214,1188
a364d02099133c023cf078545d47e421b42f5d9d4c79998c4454e674cbdb558b,945,301,1246
af0e5e17ceaa6d58efae71300c48e1587f10dd326a4891da6dbbe3f26703b90b,1025,210,1235
5ce3e56131dbe9926a4fd3a63bcd717e695a3353d494c26183e9932548db9d1b,1180,424,1604
880e780b7d775c6d0afe9372a97fd5e81a5098dbf68cd2000b1b712935a0e23f,1124,205,1329
3c88e7997e8bb78d026c5222a47e02aef17d381a9010dbc3de956e0c686c21cd,1033,428,1461
857a5e7cf27124955eddbe3414dd6811d0f963277c8e7a614b458c92edb26fd0,1280,309,1589
f3091c06ba5b73f1a0dcaa35f1e45797714f5de49e946bc1449c75bac20a51c6,1257,364,1621
5626c0c35ad4f86744f6ac213891d07e225cdf0b9c4fd9fe79b341fcdd0babec,1101,209,1310
a5f9b770401574c6e53149ed33637194f328f478fde26cca3cb9906a3f9ef606,954,496,1450
5d7d43ca6a20c406a4170dce56dce54adab02188905360ce49f179320478cbdc,1213,420,1633
875f160f9c1e41c80f84a7d79d593c480df60a438d2ad28cc7f9f75496590b5d,1514,278,1792
c6d7923590281ae745221d456dd82e9c578544d658573228567edc6f20485009,1111,369,1480
f8a2e157f60ce06f3d8e21e0c6464e2e7ae14e9c37542b27e58fd8319be5d13d,940,273,1213
f9b5a9673d3670675d06fd7472595bc3abcb0f4ca3f2a965fea11aa1f4c94c9e,1218,220,1438
aec749778859bea9dd735a8520230b5038615018dad8c4ef613c7889fd88e2b6,1518,274,1792
78dda274e141be56458d2a1fcadfb4bda88e0505ceaee11b268cc758b0556a47,1087,636,1723
c56caab1aa2901c3203d0d33dc1c7210d5cacb8611cab494ee728dc95f9b68f3,915,209,1124
1fe664851f255184412eb22418413872b6a2a2d10fc42ff75558b04ed67e7663,1140,212,1352
d349bc400b1af3cc4df50ed1c5c44686dfc0510d0fd80bf15b2fc2b3aaa3bbce,1397,419,1816
4364dfa18d626c7d0706710fa58f6a0313bacfbecbf1ff89b06630f61f4d496e,1523,246,1769
6724f8dd2a68e4eb704794945b2e42e07da891b7963e3ae977a4300e6e2aa27a,2191,1226,3417
2ba5b3441ec81760a78fbca9ad732b813952741f301704b24b8052cb5fdc58a9,2198,432,2630
ef28947a9ec6be36bb8cce5b23286d275d7a7b0df0dbe24f8b323634f45e88a9,1351,601,1952
3857f56b2289aa99e96e70b1313335554f730948fbdec11983304b7ecfbe9141,1046,211,1257
8427d347cb2322017fa0ca2529dfdc07b74aa70145768fd4a4b47491062b58f4,1291,204,1495
f54de148fbd0c25f308296bb4f9a282000e5b5843fe94710fffd23d2757d0687,1567,364,1931
5d075351eb0e29ca059ed73565806316eced67363490df70fb332a2c2cc4e8a1,1529,282,1811
66644c2a0c0e51e172341ec79f7406d8e5183587f4ad44ecd6927418ea643092,2353,843,3196
723b8b653c7d69ee2347934f5002001614083f034abc1308712cb21bcc768bb2,1497,285,1782
b76f55e693d7f502dedca94456cd834db61f8c55affd4979488964d3e10cc74e,1113,204,1317
14081f01880bfc6fa267169a5abaf096aa261a771a402c48635c5d16ff37cee8,1299,290,1589
1d87ff57a1e50d12602f278e91132727d7a37af899e565497df41c5cd8068d21,2196,436,2632
edb4dc01e8a84d9fb40f38d4267773baf641b3e2bebfbfef879cd2527505fb65,1232,313,1545
3e936ae050156f436ac50e609e455ea35e43a438bbfbc35b68437ab9c0313bc9,1557,437,1994
38c562604e392cce5680ce2bb1d9744f5010d3397c087e26bed6ddcd0d935f0c,1528,524,2052
74a4cb9cfc9dc9260762e212c78a3175cdde27615dc5a292be2bd8fdc8095ad5,1114,286,1400
f4b5632b18bfc9fc0cdd7520066f4105d59e93b4d4c6a90fbca6ca01bbcc76fd,2165,858,3023
97293c2ac683e28e2cf16f3df7051ecb6a79120889570e16c40a9ad78d3f7c01,953,207,1160
22d9d5d710c694995349e6df768a0bbaac72c01a625ac7466a742593400fbeaf,1098,135,1233
9a22f7bb8cfecb344e591c95c4ca28eed50e0477e32ea6ec745b549949b0e73f,1160,422,1582
bb6d6cf60339a1e02b2d597c5a0ae7b902a5b169ad6a2f4b39d55684be86ba0f,1124,205,1329
92237b1298801d4ce3ecfcf4d042029c698b8a05e755aefff26a3bfff601a4d8,991,209,1200
a188acad04e5ad63fe63ee318ebd2641e968572a94cc7ab322140e67d2065ec1,1278,294,1572
add1cea141b5ebe06ecdaa886702132ae91e71b6364e47796e01ace1ea90132e,1138,243,1381
d4229befa7838c10464a54bbc1b0244786a7ac75aebd13bf7359f0f91a8cfaf7,1010,205,1215
9d7f31475140108d0688b588da6cc6ba02a1b4a650eac55ffc59ccfae6c5150d,1727,338,2065
edaf2545a387101bd452637a59a8610a6c5d05d7dd7c68ab044d901ced0489e8,1096,364,1460
091a29edc704b941af27e2a587447c9ce4d1ecf9b3b60954918cf3d1c81e3030,1555,277,1832
6c753225314b0d3f65f331d1b3df33bdc3792498538695669c7ca9eda5419c43,1591,277,1868
b1651e3b5464cf1a6d47aab05408c04c0cd5b850729e9e2df9dd8dfc7b5691ea,1090,215,1305
5e8a0f0f54a17f45eb32c4ceee9de8d4422790876f121b2277d2858fd6d6d8f2,961,300,1261
8b788e0aee60c8e5b290b2f200f800156b9377a760dfec554a69b90395e4fbaf,1134,432,1566
324da4f094736d49b5ed89ff85bb94ad679d09840bdec7384970a00ea1ebe940,1042,200,1242
e8b076aa2fab1d4b91ed6a410ab011e6db4b448cbbd5bbf0535b0d06af842c9a,2174,471,2645
66bcf43658b85e3a90bae21878109d45c2f356649099d978e2fbc66212317c40,1030,216,1246
9a2bc5a8a3709eee5cdec08438d17648b610c64daf3a8d97b0b30914e2a19caf,1023,307,1330
2312511a02a0c382f6040c3606cb118b122e03b9fc86daaf42b75932be7d5a2d,2074,544,2618
4327ef9ba65e70b861aa9fe30d8a45f1799ab1b81b10efaa06b27e418a5fd555,2203,777,2980
86652ecb41825006db82efe29586986933d985ef0ed38bc5dd06ca073536d5a1,2224,551,2775
bae037052e9bb63e47bea4e01e9c8285dead9586a9ed30f9032157cf0f36c831,1177,300,1477
e168cd82d43ee6e7dc370621b38938dc8859345b10bf899abdbcd2f760f5b554,1113,367,1480
842f67594161436660daebaf7282b478029d9b8410f3587ae14265310ca4a2d3,1077,522,1599
6d6a60d660a8125a1c7b171ff1649ee18343eb15235f59ec46d5a0fda1243d4d,1042,620,1662
30e119018e89b8a86effad9e63a9c2340a13c3d89dc525571cc8ee49eed14152,1009,221,1230
a92d05f73bca21cdd113e20e56777602e82aaa396e5caa9ba7e331f9d1a4ac11,997,200,1197
a7b30467a05bb781596eebdb16e2e015ed9c0af237c35b5f9cb9006abec1f7a8,1118,211,1329
71988d5cc8904fe9cc481f3dff16e90a755fcdfb2036b4a7a5562e5dadba1d39,1309,538,1847
8e37b65cf3a5e7f4a7b845ffd58cbff9ec58a0b09c3f711146c1481b6727314e,1063,204,1267
fcf387bce4ae75c093110965a88545b5b3d3ead1ad5f2e0d636a1a67c28696af,1269,459,1728
e647f0e924cfe006f81229ebd85ca9c8bcd0cc5a8c19a94430749821fcf7bf35,1124,205,1329
5ecb2771577946a690e8d8c3ec2ee052891fd731e01088662f9822c5a4d82aff,1411,357,1768
6149c5e46e32d18d8837f7afdf11d90d26868cd0faef1306fbb85eee84bb71ea,1224,216,1440
d569f3137e72243a6a6b752a8b3618e870c672ee646d584a4dfb8f885025ca98,1006,204,1210
aa0e1a07a2f8f6e651bdec4cc0077765515bdee1b40f6efb3870c520550fabb5,895,532,1427
382460c263dfb2fb935f715a0b10133186f9d3a44ae543018e59697e877c264b,2190,908,3098
b0d4825f6e86324b74272ec2060a5ce5b0be04d50e924f7d6c2ca6b47004c0b3,1057,208,1265
c38fb1106655e4700be412d82588db18b1fdaff5753a80f97bdd79a9d3b3e5c1,955,290,1245
9797c353e920c3197b63634430243a4e15c3330765211a1e8398c0fef691c71a,1349,421,1770
7167d35076956b65dcbfa13085fea1b1d3a2bd2b1279e2ada7f9f448a03bca7f,2194,654,2848
3e8aae5804fb219a71707a987b12493bf8e55a1a1aff11903ffb3ef436f91ea8,1631,541,2172
be5ce5f9555a76348e9c642ff6430c19ea1b6191978b6145561671717ebd6321,1670,503,2173
e9a6a279fdf4649e87776efc6bb0416ff42f73ca2045badd0853c1d58ea6fe20,927,203,1130
b557e4346bee3e6e705bcb75d6630f27e7ef0da6ffaaef36ce2297ba29720606,1086,447,1533
47dcc8aaf3873bdccbf6a7868de615ce3d07438c8c534059293cd8b9c0424b88,1058,215,1273
9b6459134d11e1d14bed0cee2dba20d3e68326fbec9468458fcec9cc6f01094f,1468,206,1674
0bc416bc1870bda036cdeb8a16b098e2fb45e210b942b78876d05c573f15997d,1514,361,1875
8a1994bfa9b30a41bd3ef739d7c2b357f9920d59b954c31011c53700d4e57324,1002,219,1221
14dbafb690eae033476d865121879de6f8913c78f371528067a55025d3f2c524,1119,296,1415
9b0460248dbbbd779fa350f05399e995d2d9c0eee5af6d400dfffc57ce3d573d,1146,292,1438
093849d39d15c857d83b3b85a26b96287882accae787e74f8709af913429728f,921,204,1125
b1334ddc0129a2b927e20b4b1ce8eb7f32e913326d803c7d7ba72e9ffed51d5e,2189,436,2625
03829bb72bbb939de2ad327a1ecd97ca76a6ba799e4217a1626883c3ca15267c,1124,205,1329
c6c7e9ed8bc6aabace65a354ce246a6e9faa5bf920ebbe2d0fc8d14edbbf75fa,2235,445,2680
5568f3875b470b103346478493edb04a2177faa246a743abb5eb2cd7d09dd245,1095,258,1353
19483e9cdd3f4ea094d42c25f6b38aeaa887b1c094c56305a4f10d76c51f2f0f,1213,201,1414
97910720b97984872313e80a2cf0f766074828447c19e39c9ca99c0b4a2f61e3,1205,209,1414
4fc30fb6ecd3e7f6b4e90270845db061339b25d3a9b0d098203360139026a875,976,230,1206
9bce3b7723c89f4e2e951817e2f7196ba00f126cbfaed55ca979218a7b181791,966,211,1177
ae1702392f2199821a42e6d0e43e36eab76d561ae6a9e306f5fd3bd0123c6635,1249,515,1764
1884a6d19f7a9f0891b39e3e614f763c06fa7c2ae4fe7f2245b0a5bce52c7e7b,1583,207,1790
c7b131d29c429f23972c1691b86357524fe758b5a13e6a5a89a1960c81d643fa,1568,211,1779
c2dda113124ad5ddd522e351ec20cd4205af5dcc6604bb23e81e10386fcfeb47,1042,524,1566
979f500ba666cd1d3fe070b587b9374403839589f330396f3494ff91c0b5cf05,1403,202,1605
d647e03d42ead87763542e67cc96ffe3d2bc1f093d00c96238a58407533259fe,1053,218,1271
191ea0552f07100928d2f45d6d4cf6eb8978ca43cdb0e1511cb5f6a2b6a89673,1013,209,1222
0d3ed1de305fecf189eb635e5264eec1e3a251235da7bd075fbed11334caed6e,973,209,1182
37ada9143f266f10ba9eb2efbf8461f6af2b8bc5335b2ce5e63c93447b917ff2,1334,223,1557
a9d8040d43717eef35a70269bec8b7504eeea90d185befb079a3c7440c16c1df,2380,1133,3513
31a77d27bffbb107d3263129960932b98ec59a8a3acebde4d5d95c581611db3e,1537,402,1939
30512939c90579cfbc67211391c279f34c91bddbb79ef97c73399e420bcde6f4,2261,430,2691
7b3a1d3e9ce1050c958d02b4a77bce4fab9ed7986f1651632aafd52eec21f7b3,1036,204,1240
1a4b727824ea93025b4624db4c16474eb3b0e752abc1a9f5fcb84392677fb3a6,967,210,1177
087587078ed5cace0735cf39b2077003f97f00050cf1867f4754d2042c5bc37b,1587,202,1789
17b30eb2408efc2d6c06954325f86375be3ca285c007c7b3cab3b47099b4aedf,1293,219,1512
0628a7112be9ec75a56c50329a9408872be921fd51404b3fd8c56c696cc40953,1309,204,1513
5859641a11a8d0a7f4af02c74821d31d7b27737cb3ecb953d1d9b26a1a017ef8,1351,387,1738
d8c6ba628793ac32af2ad77dea4688bea3e847a4bfbec28b6539e001ded47916,1394,508,1902
bc9706403b21fbec4e42bd5bc0107a67d10387dfd5d6e89350e199d17bb7d3e6,1124,205,1329
17235d3395c5c3b2bb8d48d28c1f9a1e248e47ac3f276d2b4023bffe9c1f0f6b,1053,477,1530
9234ecd9e9d7d1445a9be3b42a4fe4ba0d97b624ca99acf416e251ffda017871,1284,296,1580
64f3b9e2d8a6316333d3d4f5cf6eb02ab6f7ccdac5966e2446261b98e434a322,1034,212,1246
b5fcfa403586bdd443918c1740adc4c22b903ec1ddb7580251600783d12c7abc,1263,203,1466
80d5078aa1d17f2d4e7c4cf5704d67412ab41324543b566a76103a0d6758ce97,1292,211,1503
538de5e63d5afc342ddf67c2881f67baaefc76b1afe0f3ca664fee6a64804b25,1556,322,1878
03e94f64c4ba8fef23d435099c5375132dd92f4921573d23c76b3e2b3bbb95f6,1111,212,1323
819334fd0c5de08c03c4b7d2acf52f45df67f1cde2bca4e1d719e79e489f4fc9,1146,213,1359
c32ab3c393c9b4da90f8917205925a33e4397557000fe9226d74cf4f8172f28a,1316,212,1528
8c5be48f57693d740e92ef8cdba925114bdca329c6e868a86a1994f46852a67b,1530,202,1732
13d71be8c48dd5e943973d0d0ce0128ab11db4c256315ace48d92894982073ff,1125,291,1416
d59b74a91349b97d2cb6f251f9f5ce292776f80bcd1eb9f0428150a4a767add7,2101,779,2880
ddd5cae2bdeddfac3c75011142a8d9ec49bf33ffe1cd74112bb5f4331d6d6413,1381,201,1582
bdcf02933a738c4ede2169565b752ccc75fb3f2d235025b13a65524562fc8d5b,1350,444,1794
d8090eee73a430a4f7ff3c70027536135bf3f2558ac0cfdcecfc38d2d1273a74,1392,606,1998
f45929f5b458d11e1cd1db4efd32dfb1c97bbfda1b9d8533574eb4da9073a6ec,1568,457,2025
5dd551bff4c5671d21a7f191a5b2cf8dd73d2e13cf0b0ef3c11b565655310183,1124,205,1329
694d2406e55f4b11712128cfc905542d76873280ae9573d1adb167a72036b9aa,995,209,1204
70ae3b620a02fec207a9a82c7d033043056ab15c951b31c2301d094ddc467fa5,1440,366,1806
fdb6df2d8cd49df1575c81061d3cb79df524021ca930a626a7550958fa66ad02,1204,209,1413
2408b0b6c7645b48043a056d7df2318a0e72faa819577471350d3a0afc304d35,1013,458,1471
bfe63307ce47283b3a53dec942633d8569cbfae76349e2b00206f34f67fd92ba,1258,449,1707
09d37a012917b35e74fd3e3a6c5257ad2c6139db82907da41c6ab205eec58f50,1022,207,1229
80f748d19b776b2e82b9a40b8330927aacd1b26e2ddca9041877b0a1b89d2055,1298,202,1500
6877c13107c91e30fa56a044869af77b116bbe9df8ece422335c8f1ea059beeb,1788,344,2132
36036425b2787127ca96447404c491658c035cdde6b2bf4205a590607a2d79b5,1041,215,1256
f16428ebf5e60ad7e8976ae5d2922883d4b0538df7552f6db4af11d040698060,1156,325,1481
e7eed39ec17e37e28d72a6c0f0a34496b19b455399a087deb857c727de0a5add,1589,726,2315
9fa8be65715c2ca185526418e701a7d4e4492f71ff5160c7b5c0985f42c2a55d,1313,251,1564
2fa49f63cce35950a969ebe7a77b25217652c4e7043611a9347dacf9f7be9a84,922,209,1131
8116d3039bb0942adbb474d68eb20e8b3a1b04864aaae053c842d0ac01d302c0,1002,284,1286
ae6c9e61e1a6ef86ce4e1fa046e90a2d0c8f66e3ace38f952f6cb14226a6bb53,1390,284,1674
c1967f06e91f4604dfc69f7006861e590ac9f986eed019222d289724707ce5a1,1124,205,1329
4dc5913bffc6c307c2785d76f211c69891fdaea9b32d5e63e62ae662477cdd63,1264,256,1520
3c78b8ccfa4a51a457e8cacda83d539f61d70d02c511129b8e41001e65f0678f,952,305,1257
d2690a895258f72aa6d65489dd06dcb0eb3a0f27d8bb44e16cf0615173e48af1,1162,381,1543
917547b50a3dc2821da8ff16731bee4f0c8808a1edf718777373f49abfcf57c3,994,208,1202
2df9be90e4c13b278a81ccdbbff3793f3d7f78dd8191625667a5a832ac3008ae,1070,559,1629
7813b941e4b109a9490ab2a039f569349a8fd93fbc20e3771c5d911f14bd7bb6,1026,445,1471
1ad0885f67c6eddb229845374bdfb298812452dfeaf8a83e3d88fbf0d92437f5,1350,208,1558
3c987817f593e174d5f1422b7127adb05625e243628dab114d5286082be2aa2b,1511,317,1828
20f4715861beb1b4e3a492b0f76033325a53b602e0e02b66072e32989604f17b,2320,898,3218
14ee2ea2c5f10874a874a3d85b9d5f9be2d0506d3dc7d97e74bccb8c92fcd49c,1747,454,2201
b90eb7bd36351d0f45c367b2b416d932497254c4bde33185f33982127a7eb880,1579,278,1857
25929f352f6f940843bce8d196db0a3d39ab14851f14df539b3b74e960544400,949,212,1161
4e55b8e4bcddf39b1e70bff8e3551e97f09359211476acdd9c96903231ec1160,1216,212,1428
82c765f5cb5dc2521d247d7846c7c6e2d98fcecbea98a84e383e46109f9e9e79,1264,210,1474
9dcd5e60d183234d062a8b199bfc33f676a6a2d51a141b08e0095d0ba213588f,1076,216,1292
34708a5203b647bd38dfdd44bbe2b78575e0fcd93b3fe3b0007873e1a2eb1ab2,1134,217,1351
80a9f3aa26697ddb39c7afc1ed861e7db2c7c0f6de0c15cf00a84969fb4476c8,2267,559,2826
ebe1ce7baaaa6eb2f7051d1610f1f9405a297c81d7c4bb4064b0c948e82c0743,1228,212,1440
d2f7483592365b30239cc26fc69f8120bd65d4ff6626cde6bf774656d7cd8c9f,1105,203,1308
f756c34bbb061463ad02128ff3238eecc67d62b0116f0cc5db1927c6b8e57364,1116,210,1326
c160b7e3aa2d176f4d4e2dcc908b5a254ff87736d1125453d62f1135636b2aab,1319,229,1548
8c6aa8763c9c254c809040f3cd3128cc685948627831e3781ceebf6e6754b9f1,931,291,1222
86790cc8d4d106174863a3a21b2b5b2d2b0e987fa24e6ff9712aef53797a266f,1123,205,1328
31ae96ff7b03093c6bb12a1ff35e75cf70c4478bbcb91170717f949baa0e30b6,2244,1779,4023
e172c0bae6e4c0825e74fabe424cc08e97f4b70dbeec88dd48e4ec95850a42be,1482,216,1698
aed994881d32690b52de0339da376574d5cc6220c235152b6e4e3cd027ca50c9,1620,667,2287
9aae3a8b25626e831f68da937335b71a0a91b68aa93cff6a89e271160e841fe5,1207,312,1519
40a4f3590276c8784f182f81ae189b85b67222f4d0ee2f94f909fb1bc29967c9,1311,207,1518
164638e5c3ea522349bf97f64d1f7035ced8994dfb3442b9fd8c22298304cfd8,1309,389,1698
312a33f4cf82ab6c21cd863a72f6d241c312e23661da049ef7cfdad564449b8a,981,213,1194
53ee8098515b857be2b152cf25831c03b720f9ef7476120bbdef647d1ce6edd2,1234,220,1454
7726c634061dbeecc17a7e87ccb3d1e0450cf373a982e498fc2af9f829e069ec,2354,436,2790
485a507970c428b1d1d910e0c9b959ac4e7a591488193d27a314d17b2763a7cf,1244,333,1577
3cd5cf7d0dd727c3befcd2132d06e696ee6963f6a6bce4fdb81d52b92d586ebd,1274,213,1487
51c5d195fb5a20e66e49bb58a5bd87e9811f29c8879d948ad2f9370d38ddb258,1491,254,1745
1ecbb24fcabe7c4491cc6aae0785b332792e52ae3ecd93f6408d2b387da57bef,2393,790,3183
81343f533b9c86ed361d59732976fcad9c8f3b6937f6d88027bbb03ed86ed88a,1049,203,1252
fa7815b7381232faad087f0557a586b4990ac7d1e8475f8201420a3a09477960,1050,210,1260
48b0848a080453c4f94649490d30e799066a0b5f9122cefd894f4fe6e9cd5111,2315,939,3254
e67aa5ba0e76ad7dccfea65c8f295d9e44be4e8536acedd52ffd668d7613cba4,1345,367,1712
c1fb2d33ea054fa8b160b1cbb6528090e490a0c34e8f6f512dfcdd38eeaccadd,1216,209,1425
b15bab0d3541b5dc4d034f08b30caea2632fb9000b1c3e9b553b96aea5ed8a6c,1346,291,1637
86b549649525a88373f32cf430440c073f0f4fa50a78c0f24eb660712df03095,1035,292,1327
e57ac1c5156887241e2d927a90c9d6f07a31903ba0d8adbf7c0708de5d863abb,2165,787,2952
8aa3b0a82952dd32b1c71e039d4e3958bd4fa9f5173bcb1c355f0a30620e5297,1105,289,1394
f30691411848940c947b141c5f0f07c3a37ee63accaac2d7f57a109b31240952,1165,208,1373
f8846b1a91ad2c70061a90ab0e3feb4b1b92230430b29134c49989cf76db50a6,1132,367,1499
ea990eff1d360d6f8ca49bd8b9b0db3937fba84498943b8fe684201e9a239ca0,942,296,1238
ff6fe4d6c78f1c00f8e3ddeaabe588de7c830678e9b313e6a57a63ed03e96da9,1124,205,1329
6edc34e01a0c0cc673925ec5dfcfb4b994daf9cf07e5202849dafb9f550a0cf7,2081,1247,3328
fd21f31604c17247d3ea3c622b65440b201a8abc9a2f3d71e2526431951cd0a2,2313,428,2741
c2cbcdfc94db7ad77e1593fabcc2850b7cf9ce4b2eec8a831cf4638780ec7621,1465,514,1979
af0341e225e0c616123258e7d2a7761c58e93aa3b81d84c73a9829a3e3b8f876,2238,1564,3802
955fed6793f55898939d15bbab43a5895a49597d2db2a1807fdb00e34ef6b4a0,1301,210,1511
7d006a56c20051e0170a5748a7c8662cce014b4625bbe40469748eccb6a73f74,1285,303,1588
a5e866f3f27c45401088c6ad2b0ab687562542cf8a2377a274878b2dd48f75c6,1639,531,2170
260b0d6b5325f9b1c7010b700d9fb3472c228dcf3eaad5febf12e53e7304485a,1415,210,1625
ac62265bef72679770fc8505a5d3b3e804f04c0e7c6245332618475611f55f70,1413,301,1714
88d027d5e4f178aa7d27313192e56dc18d4721134a8e885f94a9b210805d13dc,1205,451,1656
4c604e3c3ad91aa65c7e57c21a00ad50fd105646268cfc360390ff7d9754658f,1003,212,1215
7b797ac233b7ede7e8cc5fbe0eea7d6bbb5c0d18d1554b7d2937c02af04dddda,2068,961,3029
db0b95acf5b9b23b7973685724545b09801e17b768bbd4c8562440df99a75c75,2222,340,2562
a9496ca85d82c1f28506b7373e2c5c1341260ade0ec65b04461bd254caed5133,958,213,1171
e2a80d45066a3b9c638c5b7f33239e1896d758ece70b72dbba1044b194bfb893,1375,212,1587
47deefca3a3bdbd98ed71f06d9c55522d74f2bafad5d095b436e45c4e80c1271,931,224,1155
266b3fd64b1e5838395e014040999214f87f073370c6779b1a4402a462f9fe29,1301,215,1516
62d191fd58fabc5d06743a7b03027b15c5c253b674375341189d8e668920707f,1609,371,1980
e2dc9899718cf130ec1606cae72ac9b8df6de2ba3ccfe479ee4fedb8e11f9d6a,1024,208,1232
fd9b76a05aff997f29a51545d90c7fd954fde8ab41a4fcdfe8b6b01ccb86818e,1177,255,1432
c2502531dc0c76cddbb679d28ed8451149d600f30a871ff6d4a5e57bb56b1bc2,1071,207,1278
cc238ddc2673a83fa97daf584cdefc2f5d95ba595f40e6ead9ab0a6435954193,1312,599,1911
d77cc829450e08b5d99f2c14c0bbe0a3370fd75a73550c3ec2ecdddbb2160f12,1004,312,1316
0c66e89fa0fd0f2eeafdb46c82fd7b87fd326a969814f20b61806849bbccfe82,1110,538,1648
3bd47462a67b0dc9e2a5ec7bd4ba14ded3ab1cc04603b5482303f733e0e214da,972,296,1268
57cf363af86cad5ad9f2a4b712154036f761b7960685d30a11c0b3b86dfa1d55,1257,342,1599
9117ef0bbbb4c7f346062e795d0b4ab26a39be2418ce037435f6f0e96acf878c,2011,521,2532
986548bffd65597ef602f438684b2f242dd41276702a5e61f929930b318840ac,1517,295,1812
60de6b8d73b400b80884b5dd643e34b9141b3fdc266c235230ef5b32cd9f7b05,1239,286,1525
7b674ac0593431c8eb4672685f5c453e7796f72c8e5e6fa72a432f8863e1cbfa,997,212,1209
1116f45c917d462c073c6ef1876f23783ca737a814254d213e2788b002e8842f,1797,322,2119
34b69e5bdbcac72b96fec1bd49db5d74dcdb427206abcf25de5480fa3ff6d63d,1076,420,1496
898c001b42a9433507e3b9b9bff4f77afa43975d14c955a7b18ccd8b2c268538,1383,300,1683
1c91a85e463de0b486845197c3ca5825dea1da76afcad4d04772ad13589f3179,1032,208,1240
feb32ffe839474c62a08671790de9c4e9a6b67a5b04e740838871ed5341c5fb9,1178,335,1513
e4349236337faccf860fe609bb1d93c7b4b7df69ddd2248409ae820316b0c28f,1235,384,1619
5842b58ddabda2a9de050daa8bf434ecdbd33a169bcac5bf75e37accc485b068,1222,369,1591
c8796fd391f99fadaf3d5ac4c99ec44d1ca0a1ccc691aa3773d3c19cf16b03ac,945,212,1157
1aba0245ee7c3d79253929a839c15958630d0ad0a06fee079eeceb9b9dee9ca7,1124,767,1891
b2595b13c770c77280bdd9852d49d7395a90915605e4f24653e75f7b0daf3c66,1285,519,1804
67ac116db9e743554654175443a8388555b1119ef752d677ed6dabed21ae3687,946,214,1160
0e46196aff76086028583197ae65437a07017d6b366e8f7b98f5a1c0e8a23c19,1329,446,1775
2a5dd7f5d3dc9a4d8a2bd07fc0e36a2c787d3a69d9bbf911499493dbcf0d100c,1124,311,1435
2ff3eddfaa82b3708c6e26a28f19e5908672c667c6d7d7333da9414c55c9229b,1118,218,1336
3a358c94ca979b3ea0f28c7ac0659399d45a7edea7183c7eba1198a50b013ad8,1058,711,1769
c05b1bcb9061e82b58f7ccdaac0cfcf3b6be3d37c0806e13d3465af31625eac2,1109,436,1545
5f6ab21e948b07d59bb6eef116d18befd132d7d8759806afcc294406bfaaff4c,1274,137,1411
527ddcf985740213250a8197d3626c60063bb70075b9ea4b3aeb8eaa3eaedf9b,1245,449,1694
39c5ccacc3e9896c20a6d949c72f5a8ef77da146a64ccf1a34da0c77bed08709,1105,290,1395
3a8ebe2eef03909fbb6433d73039c22ef0af5ce96c36b4ac10eb252d0700cdf4,2329,829,3158
e0d7af50d5e869216631c76a0175ae8e9ffcd83878ae0413860f2612a6f0da14,1130,217,1347
7f9f5b9e615ef2bcd3b39d90cf5434704891e2ab1ebfa1de8a46b1eae2198293,1228,217,1445
ed5d6f40955decf3bd54442d7efb244c4cd8865c5908af45b27d63f50bafe932,972,211,1183
ad1de3b61851e17d90effca98b4d4afa3d4002e695e4ee0abbe08b6e2673e872,1599,297,1896
e1e7496b9a4aca61781dcbe274217a3d04f4265499526379ea3272b08b4f406d,1523,350,1873
d23d096fa6b8c91a0b62839e34d0a5ee43fde92159b8397641b649482f7d2051,2038,580,2618
11eafe4adfc2244dafe94ab9686aea6cc7b0a76ce355a6afd5e461e6dda21994,1066,531,1597
007337baf2e23f7bffcafc7c4bf695d8f04bc0ceba65b2a8d0e7d294fd757052,876,210,1086
5249e89d11363af7241a56be6808c4e57ade3761511f24d5e3b2497dc4b38ccc,1245,370,1615
565be715eb83ee81cc8ecb2ef2b5fc8887a699f4b45be118507eb87080910768,2234,355,2589
d74f799bd49aea1603a17856b0c0f73c4473dfb11f027a4e97bfd576b7725a40,2304,459,2763
0cd7530d316606dd714adec7d99ee2cbce3b8cda29784d335c2a616741d4776d,1391,300,1691
0a2075cffa9d719da3ad8fe831cd60646884206515231fde77da62fcb03b3734,1227,429,1656
17ea2324ebbbe0e54ab36d0939e5c462ab193580531b43dd859b672f32d3a3c4,1119,296,1415
fafa7c1f9f55f93cb03f80f8e8c1273a7867071ef1c72774b3656766a03a01ae,1455,375,1830
a1412cdcfb5427d22ac0cb045633e3fd116f9968afdcf75924858a6697d36562,1224,408,1632
e70892aaac6d0cce4374d13d1955e4f8d0fb5840548436b912029e5c40b6f4e7,1045,210,1255
1cc56216e4c692244e9dee4e63e374db7b2c74c4f3a98a45d96e70e56ecbb088,1085,284,1369
ea07faaed460636866981262326a30f7767369e199bd4704f8eb275235f5a2d2,2050,1042,3092
91115b339bb66cfff19667f4c2d0a2f7ba64e2699b439f20eaa17248fbb064fc,1118,222,1340
790097f2364a9dd72cc54b689dfc8af3be171197a57c9b89c8d4863bce50dba7,1551,210,1761
6522543b71e111f2b83ca8428abb501ec66b4e1c306009d240a060f80f5e02cb,2257,1561,3818
31ad21a5b15b7e74ea0822948d75ab94ec1e9417e94537e81f08c3617845a043,1059,207,1266
9e6ebaa5196421e960cde300211917f752fca73b184d9e1df4fc24794f91221c,2019,589,2608
af8ce03dcca8075ebfd2c215e64df8c9e00ec74aac964c6318894d3ab2355121,1026,208,1234
2abc7fd52a35d3670764f24396c134e65fc9f25bca5e851ae5d3d770c3c65810,1107,694,1801
48af1f92b288581871fea85ffdf4ee08e2dd53e16d0b71fec497f7429b0d07ee,1124,205,1329
2f0fa5f1f62509c9efcafdf372f18c394055660cba653843860bbdf688cbd2a4,1248,222,1470
8844985e62991fc3bb61e730e33e80bf47d8ae7b411dad44ecd7b0313cf75f5f,943,213,1156
08743d31fe84f48fadd3444a5db00201334b69c1f624d6d3c7133d8aaf389c90,1559,766,2325
78c9a3c94fb76fb642fcb33715e25dbf020cdb4372fad0cc45ce8eb1a007355f,1621,329,1950
6cd6a658c1c04057bd545029698f7bf7183e4135e99b3ca6596bd95bb6a1f6d6,2333,783,3116
0a0ef49ad8a2836c84cc05555ddca35abe01b30301a60496997ca3e841f869c7,1116,297,1413
7a5406d40cc97b555736844fcb924bd111a6161acb7f892c623b91de0747a606,1005,211,1216
e8ac6e290a62f1884f2d8742bcc07765c020ff95b18539e6471c4e519e1a184c,1229,312,1541
48f37333b30fcb50b9a6663baf15899aee12ef90dd93aa04841e814b0729ec6e,2283,1060,3343
d335bf9108a6ba4548af397c9197d36df8212be930795b8d8209ead29e4c2a17,1401,208,1609
04d81bc6088bc0c25c9a0425106859358280bc51cf86eeafb845c1001fbc28f3,2252,1089,3341
7f4a779041ec4556126e99fedbbad21d14fde4b50e5185be1a2e8e44e2408dc8,949,213,1162
41f3b5673386f73f1882b4306ea60a9b769dad1d6dd4efd16e0b0888070f679c,931,209,1140
72d07e5119539293a346c8c082018d8f0c70b132bf7ba1172a12c52191bbfc85,1295,206,1501
2266c7a5e0b5ea5e17155e0c28063cb20e0a69be7497c50b8aa2bdc1e5c51213,1073,204,1277
ecffdf532a1eb05a5d3eeb379d8d55ea6e325674499a7e5df084ed65946c85eb,1102,210,1312
d99a87d776f16fc844bd5b3c554ffba54f59395f0ef9ba14e3803bea083e2390,1581,1206,2787
e7de91e1467629520feaa6a4251d4544238bf88cd3d2e68ec75ddd5ed3c14d3b,1537,446,1983
9cb6fe38f1604eb4d1f43c1ed9a2b79d4f27ac10908c3e50a1ae3b3585e0c6ef,1001,250,1251
50e331db93f2456539542fc34ff2ec9d5a6002496ebd57620b9bebc1b1c45bbd,1431,251,1682
c8fe3e9caa0155dbdec360297d4472232ff693768e50faeed47c94ffbe58faba,1051,291,1342
0cef998ca9678c7044ed16d2d33f8c587fc52b979e1538b147963b1a9b744a21,935,283,1218
d0932a8af197e6adedffc961deeb46780fa173fc78554a6de212a11345cc6174,2243,1328,3571
63a75dc5a485217049ccc80c81dc29bb43d857ea852afaa2df9313d987de9c52,1104,1108,2212
56776b8acb01dacbed415b466a2c1f69b7418c7ce6cce27e06c76a890e1f0d14,1322,220,1542
b3b415f3da8dab604e172c0d94174fb7633723bdfa9280e5823a6fd4c0f1b791,1012,210,1222
0b7cb886dd91edce9637160f9e5732a440d9baf544e17c8748ec0e7b2dd5b2f7,1124,207,1331
53fa3ea68cde1e10163a3a548f4b8609e9f0eeecb4b3b08a8cb7651c9d512b32,1039,386,1425
f38a17418c8d68969e34d57a3a74b060277e5cd2553edfc510d7dcff1654b8cc,1062,206,1268
f53610350217cd0c19bf9900cfaf1fe3a10f0f2c7d3a4ed056ebc75773fad34d,2252,723,2975
0882241b24d082709cadd3fc69b2b136db9f88bbd780d95cc0ee76176b572dae,2237,438,2675
50397979626c50a9aad28e750c0ac7dfdd54300e7b765cba18574390e2531771,1110,213,1323
90c13288edae6c82b8b6f4db9d1cc06310fe40bd0e57cbdece93a0aa16aef375,964,290,1254
c052ac9b0870a38bd96553b7a9cf69effeca014199655a546f957277aa2994e1,1303,288,1591
f9b89f281e57dc37f330e4382fcda776464c89bebede3e6ab2b9ebf28f357360,1011,378,1389
4813cfce67a31f71a1ddf9c773041f1490176d090c743dd415659f90eb6404a5,1029,215,1244
46d6d38aeb6aad3468ffd68dfe7ae7ffd6bd6b519bf40ed1dfd2a60e1a5b45c9,1407,216,1623
128a7525695d43b4e4946bfc744295da196d52ef893f3d078a69f4db8c5b9d9e,2047,555,2602
29478b5add1e5a7cfb7e48cf5b73c6c812d6add9f3f4247534871066d2c441fb,903,209,1112
1f00d46dd3fc955f378c7d50800fa358daf8e6cb5fa9be11cf219445f3115db4,1075,213,1288
5251d49c777b30ef15752ff73ea2f10370437fb08213f3c6e320ba6aba2f9fef,1414,604,2018
d94ee2461f578aaf18d4025b1c22d65ad3ab01ec5ebd9f3382cf6ad4bbb1a84c,1336,288,1624
fac8dfb8d019a8792f1d90bbec7838bd4893193193660a5d859e13757d97fdba,998,207,1205
528208d33df203cffe1211525e91c1877b098d564f1d49671df8117b0d6538b4,1118,210,1328
1ac9f04290b78800061d19f87c68f48a9d8bca967b9f33826399a54590aaa71f,1314,211,1525
72c9367d4e7bf66d270382259df3f76fe5438441e2fa3dcefa4da0975d475928,1124,205,1329
4292b02a806ad334e7e6cab631b51999bfc5e2eff0121a6e6e5b79625c1d8b42,1062,284,1346
6ae003bf713010315d882d185ae268cbbda37dea670e8cf1c89fa78a24050e92,2119,215,2334
d0243bb2e90a6acf7e64b0ec6c3c608a7772cebd495ba7c2555d971ef53bda16,1044,211,1255
65eea1133b87ed7d1426773b84f7b7cb5ad2170a44a161575f3e6f5a5bd601df,1074,306,1380
77a91efbb5b5d8b039f72161a08dc5a27977f7d85e2c400891a4630cb997b10f,1082,215,1297
640de6f0a9657f7f573d133e6bf6af14ec661de89aabac343be9795e57c3032c,998,199,1197
247a5cbcee18269e167abe6b4447db7f71f3c656ad18319a27817bde9bcde898,1223,363,1586
088ec95d93738ee38c1a4fd93c4362ed0d55a2df3878ea5badd5739545b64127,1159,204,1363
0920f1a6abdab8c4e024c15c1ffdad509d67f4e89ec20308bc2ed583214e6f6f,1108,209,1317
caf12ffbc7d9b34f1d52980496d36a1330aefda4d0be40831fd5bfd253d1fe31,1100,211,1311
598e00059c14f760a2e001066b4aea1056cf35dc7c07eda90af608748f8777f8,2321,574,2895
81ee5898a12b83f78cd4f5485bb180551f5f289fd45e4aee4b178c897daac6cc,1030,220,1250
4ca0602bb09a04c2c9c760673e5d9009305d184183416f48ac1cf5c641279952,1327,218,1545
e18797ea14057bf5771bc4395af1af414773ab4a66ae2aad625a128affddeba5,1342,292,1634
0ae1dbe02a0f6f7084b806738b3d18c00db2f9a916c400ac4efa108d1e9829d0,989,295,1284
994de23fe61d85dba290ce3392822601427f51571a7b52cc574fe1bca26013fa,1200,209,1409
9ed8173b3a2db3414001f9377d929e14fa1638ac68900f0efa6e318c9771d338,1196,453,1649
a7c7723f4e3011c36a2feeeda16bb4a902737411882c0de28ba1db2e9b204072,2037,318,2355
b426c34baf8edd34927608c605ac5977367cff74fbb160362d1c88bd6a2cc1ab,1110,210,1320
8cbd895cdedde62aeddb92506cf852d6df74615ae36329808a7c32a63429e5a3,1135,216,1351
d2388ae7620bdfd22852b4d0e3f59262dab5f17cea8a6896d1eb54d91cb04a41,2190,1174,3364
8c408a983ad65f0727ec196a5de7c5020f193ff1e8b4d93faf5c36d058136592,1375,521,1896
322bc7d707a7acaa735d9d253304171296dc0576562c36d30bd121f91e9853c7,1401,376,1777
a7b2feb6bfa558cd0f50a89d3ab489e57fe915066b8826ed1f4836bc3b799062,945,302,1247
654b21610e2419a6c62fd44ca1e9f6e92dc3c6054d402028217a7e6acc414193,1089,300,1389
212f2e70f9bd1d990455386d19a9cb0759e9ce2256e73cfa4cd96ca484196aac,1430,310,1740
e59aca14abbb1a45993dc000af600684d02296738f208fbc477db33ae8ce9b9a,1124,205,1329
f76426cdba3b9a5f31f77b62c3f8e4d1d6420cae65b4b287a9d856c165f7d71d,1628,141,1769
4ed10f75855c8575fd370a8404709ee809d97eb9182cd013b14c287da5b8420b,1557,287,1844
1d12f16acd7eb429c297ca78fc5cdc413bddc13b8fcc95d045d567240c34f5ad,1317,452,1769
c003278a9209a28e76fe94355b1a815fa79e666b6f14fe81f55e62bce16112e9,950,211,1161
05d9183f36baf089ba36922be5cf3ea3e6ddc33faf659c9baa9e312b7bea1ec9,1398,468,1866
58a75b6228d4dff9981a9db13fbe283ae1bf109f5cd7a99c9906b0b47dd0a462,1027,587,1614
59135b32ab12f7d5aabd4b341103704cc71b717566cd7df2900dd0c9790a0e89,2147,571,2718
c4618b6b0f98081b303a4240818a638033c57fd884f0fd5b13b027067887b246,950,289,1239
7da867172300f8d5cea1338046feb54204fd702cb1065512ec91d3755ec4a8bb,1117,209,1326
69d4bdebb793855ac7218dc57783775f079ac4798952a8747431740892ab1d00,1121,219,1340
a011f3cd10aaba002d9010525a31c630a6cbb58203df8cb3637d36512ee490de,1298,287,1585
6d76ae51961634347ae4cc5bd577f49d261171253bff124b5d658a397a9f5c32,1089,207,1296
597b2193ee491e6745749afd9556edf901cd97810d5e9ef188bb11648bd7fd42,1525,202,1727
c13eea2b50c24eda8daed46b888e068e311283ebbae4e822e08e9b4994431d5f,1399,214,1613
0873807cc7899b2b70ffca93bcfcd23afc4308f3ad004bc4a612570f18726b2b,1411,219,1630
f838648a9fea08def244b55725d588d7f0d49c4455e81c628f168f13c170b0ba,1851,318,2169
bf11f8ff7fe7251d2d1d82b7e496053f902acf3131cf05ee501cc43097d958da,1472,208,1680
237b2ff0909a2c19b1a1f8c6e9a87ebc7ad146df46c5d3bc95ae8b51dc579e6a,2272,1019,3291
60e47234b3d75fabd5c80c3fd001e4f975a348ed5be4efe6e19913c180f233af,1213,216,1429
d74e4556173c9861e4c9c7bf1b8bfbfcd4a33d3c25b2f2316601a664dd3465e9,905,209,1114
3d98ab2b45f60cc1f992ef6d7c511799be60114c0952fad7d0aae3fec99feffb,1236,210,1446
c2128a75262d8b2e75f7e99383645d3646debe47888da60cf5d0d294aa5634c0,1332,210,1542
a8e3e91fb164d75a8ac3362ce5d27bf1e15f627b87c7cfb6f39b7f1515375d4c,1909,325,2234
64d93ac3962afbf41ba87b28a4e5036a3ef1ed8a879b671394d528f4e9d7e812,1007,298,1305
2f34a6d88ba0d33b65809f49a24297ecb8816269a35188140c040425201b3d0c,1300,285,1585
0c0e39efe7da32cf94988dd11bb583f705f77a936d0840597fd4d448dc3455a3,893,207,1100
573829442914ad060198f4adb660cd72cee2235ad5f07aeee508de1826e48111,1300,211,1511
ec697ae5117c126da84b33b8d9a6f08b8d08527073831e4e3aac2ef51db334cf,1372,211,1583
9aa9d3a6cf127d37fcaeadc0b9a5e6a4ac745c17f9ffd4e3da41212dea5a0897,1237,300,1537
867d3a9493a564f30c99b17e999896f3a1275705bc3c917e0d4e3d6f5003175d,1116,212,1328
f72a3c032a2fa677386231a61c76307a2d5bcd2859489238c0b95fc07810df7b,1079,284,1363
747edfb471eaba683247de173e8dcd3ee08a4da9c4c93253126a9c36e1627e80,1506,301,1807
32d822c8a017e4065a689ac97aef5875171bc87d24bd838314a4e13d6c2db70d,1124,204,1328
b846a47f8335fa63ec6f9401f9d9e43b752d78bb3f7e7fb86119e0930bd116ad,1104,212,1316
e47eb3abea4bb79cfd9d80f36aed7ec6e4516d32b2ffcaac9ca6ba68d3d9c86a,1249,321,1570
8488db49ef73c484ecd24ca1f7e716b217da5a8f866628fa929de0d6e25fd66d,1673,670,2343
51ff8ff3eb430909d05bd8622483dc3a9a90a4dc7e7321a6d90447f009960c75,2279,450,2729
01dcdcfbb1339fd0f5265d63206ca96bc3b7c02e796fe9683615e304a5bab6fe,2152,912,3064
779078638c4cfa62f8196846c1aea3444bbd8d04189ef08690c77ae055dc2aba,2218,772,2990
61606553f08df4d5f96368e5ce083f3bd8ca607e7f6b3969f44b50186b0a19c4,1068,359,1427
149d277fa80e93c2343744a414f589028b1c481d49d1eb7b605f3028b1b41e45,1418,374,1792
6037b5b2d4be40161173374e24fe8d715ae614013818e334851c511ddf822ab7,1282,504,1786
4c3bded3683259173b4573b51c252a17faeb134830448db77def8cdefb78a47b,1462,207,1669
5840f6ea301fcb11ffee949fc005528ae79f6516b9200bd28d60d100b8b5a084,1300,444,1744
62bf12d81bcbbbeeb8b0fa03a0589aef1b7139081d819e7e969ab525b5351d8a,1542,723,2265
27f47513e8e7535f7ecddac43226643ffa59d06ec4493da7b4634d93e012e4c3,1038,212,1250
3d76c805412054d57e8bbcd3bf478c00243562b5557c99f0c2ea460dea5c3889,1174,373,1547
9f3a98eaa43596df7bdd7fedfdd3ee33a8d8531251679ca11f8291096541f888,1108,372,1480
f2564b9c0250ae05ddd658cd78595719b2217b1309eaf31cf7f8221b392aee37,1283,507,1790
6fe4256f9d2f08ae162a3c33306a61e04ce0269e3275b7fa7e0586151fe5c205,1468,456,1924
5e5390c10854b5d89eccf0e8f02a2e0384da080dddba800dcc4ba7a123aa01d6,1320,386,1706
bc9b10b41735f0e05c472fedb19efcba1e38a950ef1e05788105c7b6c0aa51a8,1427,433,1860
25bb035fcd9d57873d2e09fb012cb3d7ef33a5bd7eb62f6632a884e9a2687be7,1124,205,1329
9791760d1803978847d64b4bdae1b0e4c2f3b1fb79037a436c12f31b94563d4c,918,137,1055
96487c6039def4cffc708e501f754381f150e85e5b5d920e7fe65cdd2d7d8ddc,1538,207,1745
47522bdc9f4f7e6efee4cc7bee485393981d643c9f55bffea8c6862c571bf2d4,1556,209,1765
82ad71579f9cc2caf6b89a457b35d5dc542241b188aaecbaf0bff7addf08cde4,1475,618,2093
226969f8c5ea2bfd02a7dcd11c3952ec6fc6172e51466d3ff0f1ded968625967,1097,211,1308
cf9dc5fbcbd68ff8f36f008c9336f0cf7e993313e423ed96b47a97ae539d6bf1,1034,208,1242
e46452bce33fc7dbce52631a8586a5cb12e932d9f7b197b98db1fe0f652d553e,913,289,1202
8475f05316d6ac849a904a08e7723f2550edda5c65fe461e84bf0bf64d0a8797,1432,402,1834
54d065361e92877570f3cc502b828323db41f22c111adc44cc581e7c917e1dac,1454,684,2138
82e0a31c6d8e9968a44a32b2cb0df240a366b6749378ce14f304502251b25c93,1093,741,1834
abce93f0a8f537ca06831be62a314023c93a3c0656c3a43b746bba352062c7c1,965,382,1347
30e63228659eecb322562e3e8e363291566bbfb15f5421d4c0c4b47c50532507,1277,300,1577
0d9a273343b1c24d7ceb90ca20c266da044bcf2ba863263f481189874544a0d6,1491,355,1846
3533d316a825c82c219e4d41ce65773af7826ae94cb0a1843c1341ec598ed910,1000,212,1212
0ff04f95470a60578cd56bed5a27b96379753c8a81417c256f8988ed18bd7003,1421,287,1708
51d38d37410eec537ea77918c6a28cd2a8a05c4e00bc7f35a7e238b0e83a8f33,1328,532,1860
47ffcdd69ea96d5db1408e49d85b3f5a887f41f71accd18f154b025e16f6c7f9,1683,539,2222
5298ac0afa1b9ca836af9d9a55b6563196ab9315d15a2456eaa632c139d815d5,1189,427,1616
c94fb1c08c7df447b5ba9fe3c04aaae695c8259258e99fcf361e3bfed00a2422,1086,291,1377
b7018909ae7d5d3e2ba6869608c96b9a1f802e0994f3697d993ee6bf8cc843b0,1114,609,1723
a5ac943c6c300452ec1c8301ee7fe632884c796dedf07e8f3951828f547bb5d7,1598,864,2462
2dccfb8ca472df0ec72001038fe0c3e22f8eaad92f16ebafd8807104f37ca24a,2235,1077,3312
6e791dde5924c569550840582373d0aaffd889031a6d68fabfa4f89e61a2f2cc,1101,214,1315
e683bf1445ad450c097f2f9d34f7161978d1827221c77bb807937df241a86036,1008,209,1217
f67b59ba6e5eb45ce4487faa32a2d2198af690bebac2bce3e8a07d00980b510a,1130,294,1424
94fba37645de3fb548213e70cdbf1bfcdefaf28a5f381794ad63061c81719827,1091,202,1293
09b6171f5da339edad098461527d5571b42662e04930a35182e0fdb3b77765c6,2257,318,2575
98a589fea66427f877f1dc237940c78f34dc612963868c4369536ed5ac0db3d2,1334,619,1953
dfa65081ad660918c7120ae34b098541b34d731df07ef0e4091a60d5cae36700,1600,207,1807
5de0e3ef0c733bfc09e89917bbbad6606225039f79ccfc3485c57203f2e10221,927,213,1140
f8066ae06dabdf54dd7cddce7a19d69d7b61d08494d748e4267d5a6a248421f3,2125,1259,3384
7b4a4a124d7b486f76e8ee71f6507312efa9469143f033b50791d81ef867ce4a,1124,205,1329
32e824cc775197912ba5a984af7cfe29b8362cebc338d4ad96671163bc203807,1358,634,1992
a9e66defa983000790fd310c7b19b548de9ef094c02cf20f50e57484f22ea84d,2213,1585,3798
ddcbd44ce824cac6ad8489a764ccf07a8f272c9d1fe0f48d2a6aaa7336b9d060,1225,379,1604
5b8c669fe267e5600ca024996587408343863f9d3766634686af8356e10c9388,2266,1279,3545
676df0e266a10658198b827129cf7bc18aa3187dc371fda40f32a9a561d74039,1060,294,1354
6905dcc5104b4f99db228b8045f8e4b1e2b623703cfd790ef6fb10dc5eda9856,1052,208,1260
5c4dc4c5a43d5c2f675844df0f2f2004be900a1675daf6b94cb375de1eb0960d,1416,302,1718
800774c1dc28a3a603e1b5f4ea8975fbea5d8362235f425d024af9dab3006893,910,364,1274
327df1b4bed9625433dadacef5baab0d3d9237b6d39d5ba7afd33a59f2aab3be,1119,210,1329
d2a9709488239101456080214805ad62bd6003b08d799cf64d319f1f7aeda35d,1291,453,1744
2375dd191fe6a445d9f26ed65c4cb4dd27fe36fe45cb19d439720bb4c146ede7,2241,797,3038
f94928a75a4e2967e42b136d7215c8fce7a11a3966f30f62029716e0dcd9da5b,2276,436,2712
b2d41d0962ac98f076256cfcd4db9e3773eff039c7b12f30f015c36d0cc3914e,1095,218,1313
61004d651b3c0c60248a91c13af7edc02327cd41a1b8a2afed1dc3fd55eb16cf,1516,276,1792
f381de427547435926da5e269780c24c96b8db8d25e6e6157f1fc199e7031422,2299,2089,4388
436162812ae760b614da15f1dfd7885355323c2b5230f6c51cd0301e7fb59e36,1297,372,1669
f469c9edcfbcad1df31cdab8b0f9d058c54bd83f98ec7f50137a2c5c670525f7,2306,1015,3321
9041c9a424045de0c6a076c4a61443e05d1686c97bc622d73a75e3a3a38d8292,1165,557,1722
77e5f7ec600e7b89d9142ec2463135d010cf53e7d9f9419bcb78cd6c93ee7dd3,1123,205,1328
859d56898fbd5b264b3b6b1cb14425cab9caa548a2b8aaeef51d03d2b63307d4,1387,219,1606
911b9fe1db1db5f97f0f6b6e70448c3163fdf69cd6dd40b1b47069ad9481bb81,1027,209,1236
a6fbe29e5088c36507973e665b364a99547122cb1a9423b07393b35b48f9ceca,1933,439,2372
19c2809ea5203d37926968cef852dc24baf8b278dca8ae727c7fb615b10ed54d,1047,203,1250
cbc9be5634992eec7573e37df39b789345830be41b958a82d7ea442bb4fbe744,1070,214,1284
1ca4e8781b85a3a217cf2970e6dee0903bbfbc8c190fa4363ba7f2dba5f652af,912,211,1123
1205930513dd635ddbb035e4881a86bf545331db4c36a31d198622178b3ea76c,1380,211,1591
a472386e71c24b842c8e8dcb466e494c74ea7babd28615c7ad272303b73adbda,1124,205,1329
6da8645aff7860093cab0d6d973a64cc4e750b6b9a755faa96c6405d11131a00,993,306,1299
aeab90337f508bab37f5b04b098795c2d3dcf4c84ff3cf07d6ff738a9d5af10e,1022,214,1236
323142d987d1a9659299af41a6bff7e309fbadeb41d0d12d58f98aaebdaad572,1171,374,1545
082594a8c5a0ebbb6d72c8d2242b73b29d65cf952539a1968d11ca0012311962,1054,219,1273
3f56c4fea5102ea946a32d055bb4d1e93009ccf4e0ac068eee5dca1c8d4faca3,1089,796,1885
417b2a993b0476dbab923c043e4b94a3e0d66aee7f67e0f220c57ec1349557fa,1951,779,2730
3109eeb4f9fb9023336921790ac0e89113b271bb2e70db064573ad7d380b4219,1332,212,1544
e5c7c69c184186f0d5279691b1d7ec1d0ffcc4db2b5fd93d5ac3c0b1cba60b7d,1293,292,1585
b14f1244d5c7c0bf600142c63e8a02d770d5d8d5d2fbd52a38bde1810adb59ea,1084,604,1688
815978c7e7e2761c9cbe5f9b7e4abba1bd54d24d418c1205a7777696e63535c2,1131,534,1665
d16bb55d331d77cb6ce252a4a080014f257cea904bf1c3b60215d1ae98c2cf28,1641,547,2188
5c1560dc3d1c56145b59f415d99bfee28709c842e6e22f769590c864c6cf57b2,1301,435,1736
897555c1beb8333c2c2b0c6b038fd9d9e1c78532a982fa2ae90ef47cf9c8b3bf,1342,208,1550
661a1d5cdbc094bc5fdc10de9e4047c654b9fa38d7356c8c29af6688e4b3c9df,1509,503,2012
06da7a048e4dd81be213e3ebb80efee071e5050f631d5ec29795a8d174f29651,1455,210,1665
fb3e28c973230780acf028bcfb1a082f6a57810cc07e421d121c2d373a9be306,1124,204,1328
92fc042f6ef195efb4d959a3755179e19817f5ab3712169459d2b6d122195686,1120,619,1739
69c8a8bbc2f928dc9cf12af52852f101edefeb853f74dc6a60553072f4e3a1a1,1311,589,1900
b44b42ea212455f9aca245e93933344a3860459fc490c995a64d40d23b68245b,1288,288,1576
97866a66e8722465471d720644e77abc0e72447d8346224aca0765e480a575cb,1133,218,1351
8722ddda1b745d76cbfca2145e82bb07bbe68f4b18aa6ab426c41b7a98de6b70,1408,326,1734
376a3cb60e03bd3394db698cbdbfb1b9c18de3638a09d57604470439a1dc0df1,2249,921,3170
e42303a06bab7e55eecad7e5d81f5f6242f386961ea52500e734012b2ec6c72c,1659,640,2299
446a3a08d378093415554525f7a59b7b8e6aa0c9999d934b66dd8d37c864a350,1137,217,1354
b3914183294bea1d9d8666818fd82ca2a02a64e1a1c3dc79c86f5eab0047f69f,1281,214,1495
153c2d057ef9862e3b27bc3c7ac6519c3a5663e4ec318b147bec9f58b61eee83,1142,201,1343
d2154f99719f2f72ca0e831d1cb3a1448de94c74700236e54fe064cf81181464,1046,201,1247
5ed7938e364a8eae84511a8cbca7d8979553793455b9cd6fe65f0551c7ce8423,1885,1309,3194
6b08bc8e10c530949b6e76c5b55bc9b9490204355b660afb0a01251cd13d5859,1257,210,1467
644663ff64c64f352249a58d6d042c7fbf5290a626378782c2804cfc67df301c,997,286,1283
ce4310f007ae4d8b49cc3fd7b8901687dc3975503e343ef34750784e737154de,2423,358,2781
5e357769a1ce25bd1a7b7aec215996dc1b8704923f28ea52a697230f39a66ae3,1132,256,1388
312121e3be923c0b2539868cc36db266052842e26118b806d66e8e52ff897309,1276,554,1830
2d3079969e56b0f88d7dd1f184cd97e7b84ba0d6e34edc646ce0cfbe531d0277,1095,224,1319
4201e8c588722614ffc88beadf5e211bb8c02c28b6189ccadb06d9ab9e0b6543,1246,217,1463
1ef66698d700752392fc61a9a2cdbd16b6efa04b709322bdd23b432b95eca6c2,1347,202,1549
1de56f6273b3b8e0be5034b0d12d0fee4a3460fd8da5c79e9b3dbb514d02f474,1473,300,1773
ad9b698a3035cae77e065f04eaa2c8578b941223771401e8b09b89c865bf16e3,1243,430,1673
46baec6f155e7a07b376acab1baec8f61784f8ffda3851ec80a4b7b6cc0098ce,1114,217,1331
1438ca64ee5ca95fcc934ea53773c4a0427681574f84c75a1370dd9fdbbd4b58,1458,210,1668
a79968df5e81731db20739a34b7b1e6289ed84c801e446f3106cdb35eac1fcd2,1386,605,1991
f1d8314d6deb8aa0c26cbb03884ccd7c638abdb7048727bda4b41d2a4d4ebb5c,1415,242,1657
c24b00cc92cad175cb21e95c298768925c28dcfdfcf52a620eddca446a528533,987,375,1362
2e6af8287f90f7beaebe58ad3e583fce17523e1ee9ada90112d3e83b75cfd0f0,1248,219,1467
60e1bd64f66e534dd7bf72192470582c40160ac95f79b02ebd40455ac0e2089e,2405,552,2957
fa2c4775bb93377870884e116952c33f980e2d7bcb94ea5ae5062af713060340,1478,292,1770
7c7a9969a9f21895cf1ec90eb35898d4350440632120ca084eb3d7564e9cac6a,1124,204,1328
c324dbb99f643fff5f7c77df1776be18f45a41145a5d1e58ca4091b1df245ae8,1082,210,1292
2e15ddfd8a1957c9a43c71565a577173d16469bfcb1cc04f1963b673293b22d2,1270,282,1552
2f2be793d30b3e4a4996093a4ffb4b1e3e5555df8bea0ff80488217e82ba2ac0,1085,282,1367
2ed03ffc36038905cee122a995c06b3c61c1bc82fd58a5e6f4c20c25c3eae488,2356,1490,3846
3451b119f7e6e1c8a571a36fae445992fe333055998e89d705a1ca4bcc9a92c8,1034,208,1242
860507583275c0a6beca02c2bb8f6b0990506a0910c81966727a650d39b6636d,1303,208,1511
68040b97b7abc505c7f13745b338177a0bf62ddcc739186f5553cbde0d8c2db8,1325,540,1865
cc5514929f9c93246e508685a54ad5d2eb87f0ab0cc581090343b1b272aba731,1085,201,1286
5106e42cd2877a0e07c2a15ef324cfe91465fe7e260fa6ea87cd8bf66c2d24e1,1097,218,1315
38d4616db330d57989f83f822ea732fb4725f302ee73018b13021d4ee4b50cd5,1975,660,2635
2a6c60e16c41f082ee54d46d3fe7fb358343e92607f05f82e52eeb0dcbe03092,1620,900,2520
dd211a66cfe72ec060335de105fad2766a9d7c2ce46992ca0c39f4ba11579fc2,1171,209,1380
e08330ce3a6c55225c72017e46c18f77f03a53506014bd3f38542cf92b36f504,1141,363,1504
2d09768f857f1751f829b338563d7d2be7b89827228f215f094501f342df3f9f,2037,1267,3304
e51b41f3aa11794fd6f78e0a6bf6daa128635adb1b7028dc12d6dbfcac6a2f9d,933,209,1142
730f0b572e67bf8716615e51594aa71bc12d97097551c6e19370d9e0867c8788,2144,1150,3294
979b30df6ceaebbcccb091ae82e7281c7c151f3c12f2109a0e67d1f18473e858,1004,294,1298
290be9a963cc61e5ef22af5bdf00a1db41adff147628f760a326859a05cafb30,1227,209,1436
966b6766618e733ca6f83a3f0f43a97f6a01914ae25a2bac1e4cb7551016aae0,1065,210,1275
41327ed72d3af15ee416e0c26fa5ba1a8edaf4ef6ac71babbe2b7fcdd6e729d2,1422,507,1929
0f27a9b76d43ade04da04eac39a739ebafeb98e9d669477eca6314c117aa91f3,1593,251,1844
bf08e6820f25d0820b6a315eb58191daa7e81e7293d45a4877eb7379fee61530,951,214,1165
0c452161beb7efc9adee029d8cd43f99de6a324ba038bde4909418dbb5596dde,2321,1356,3677
e458dff795cc4d5241885de9c09c322d0db6283fe858c4e9202e5bbabb131c86,2246,1017,3263
ff7816f852f1f26fd9b63a22b6f3451c98fedb7e86e5e780c3fc1c627a0fa6fe,2229,1349,3578
cc4c3f10a13df3b578bd5eee516010134f1a6503158a036507fe5c98eff2f1ce,1191,282,1473
534426709b74469060faa8195f07f8cc9e438ab5b6d8b683379b3ddd71350009,1277,693,1970
0fa6a2754b9df624b45c62c1ca488aa8ccccad9164693d88ae2d6a9ae09d4475,2148,444,2592
78d513e51702d9c7a35d40edb821880c8a86f195e966fca51f64a0dbb33a550e,1139,291,1430
4423fab3e7dbf47961e463b156217b5429f7bc3904d631d366d9cb4a9ad2b539,1060,224,1284
ef5b7ef1060a565d31dab4486b57212ff22f5fb0d5cc979d84cbce6bf379a526,1828,544,2372
20335342cb429596996473b7296bb1094dcc5b9beb887efb9a7c91ddc430234c,1284,388,1672
dd5ae62bfe99ef1f7ea09ff155845460a269aa21f4dae6f9965f07d89558cdd5,1089,209,1298
6a7f12eb7bfe593dab349d00be3f3203139d066d3e32554527d3e08f9a163baf,1235,215,1450
deb752b6d766dadfc655fa69ca4693fa219d115f2dc5758d1c654bb1334d008a,2114,1413,3527
fa1cf9fbf81d0f8eb9c55d1cc4408c972a9e5889dffa4fc6657fe615245ad0c9,1124,205,1329
2b3686a4683a3f79f4947e216455f52b22e917e54fc8afa107421f04ad99c87b,1706,546,2252
5a6339632296fff065901aa27bba1751314826bf3f018ffab642e2f74a5b243b,1667,316,1983
cfa7a536cf46990901371370134e66ef50b9eed6a26064687389dc2ef6816d66,1625,315,1940
f370887854ab575684cc0aeceec49b4d2d438036db70a06f31753b911ae1eae3,1655,316,1971
51282e3f4076b324e5aefbf3d63f71da50a6c9a6a62ace087019e06e3977ba0f,1335,209,1544
94bed264fb65646d3d6da213ae37857716ede554731d7b72e57529c6f0a653ff,1151,363,1514
3b2f6e364b5ba572e9250bad58082145f42c46b49afe9302da517be4a3bd7936,1430,237,1667
9f56d2c4f5583272a5129c27a4c8bc0c537e1174c9c32b7f45bd1d8b50abee7c,1129,253,1382
42a17add689e3592eab637333778ec94441e6552361155ae635f105c9f28c7e3,2195,1025,3220
38ecf11ed9a7e47c06d382dc099410600461cbd7015878536fbd49f2abd106cd,1123,205,1328
348ae90e58918a8d9e79de58f1db4c8fdc9e892c557163787d408506f8ee7528,1307,289,1596
954e88053154481e4a8e01a53bd97ad4ad11c1a7b924c0dd955eaf10fc5b47e6,1114,211,1325
68e8da0474d284be63aff5d55a50d21e338f6b89fff1e9c6c59dc1c9bd60427b,1487,447,1934
eb81bd3ac4868179c548f1bd9601483fe027567614e9f4c5d05525250bc76d3d,1105,629,1734
313939b367da45de08d1459137ba6779b639c6f9d57340128325e095554e5fba,1454,776,2230
72d268c6792ef7eee99102fb313b04fa20daef13625816d943a80b5f7809e46d,1117,760,1877
825a8a60c1348477f90ba35eeadda60480eff3016e18b89d9a744b367d61baff,2169,1002,3171
6239bcb3f93c56da9339a1834f1565040ebe27d1c1273557ce974a6357df1b41,1212,212,1424
0be14e91249f81c25e89dece3756dbeab893d095760c80b27d7c2b2bd2a491df,1060,207,1267
b4fae3ff15a29f3dff6aa8cf655f0452750e568b7c7d70d7714249af890b0324,1432,206,1638
3c108ba8a68b7514f7d776a4e1a05a5fe9ffa78cf1cedb754e4046b84af32aa3,981,208,1189
9b64e22244ce376a15802cb0a18fb14a1c4030617d84b6a605501ac268619a82,1010,215,1225
502e6dd55c770b16dbd4a913239374093dd5f7632b403cfca9975f63af548e64,1124,295,1419
f3bcf258fb1c0c5445b686586ed06d9f9fe12aca51b32ed5421ef32431872221,2356,558,2914
0150d2cb0b0c69857a9180541e146e762351fefc0a7ea2c88de1be84f04a456f,1276,281,1557
3b24e1b709e366947472662671174d3ac30971445752bf6d7b52ea2f67210463,1124,205,1329
aa74e97cf87725e83f0510bf9ad0df5398caef981c96f791cb09c39270733719,2252,1111,3363
27e7d34c9ba9897d3fdda4dbb5dfd7bdaa9e0922a851bc5696c7eb8e52d6718f,1313,379,1692
76da33b69618108cc0b714424fc68148670c790b61a812d59e5a5aa26d364626,1192,502,1694
534ee79f736a20cbc0d3f4554940a230cac0986d330455deb0f7b897e3e2932c,1028,209,1237
6ca7afbd713bf14f79e411f46d0bb04aeaf5b89d2d37316173ef0a57ebe6ae35,1332,376,1708
efa2792a0690cfbafdb193fe048cd1933d020dcdd9ad3d97246abf8bd5591843,2174,1062,3236
093b7e47ec68a301239b28021e90fa01777387c879356abe4f5c750afbaa873c,1089,362,1451
f8a429b27f6fd3721f27c77649b463803509eda2fb0df20b967d1c02d61ceb62,1952,1495,3447
06f52cd9828bde21ef800fe9cdc411e228b05fda9ea9f23a13d4ce3b6a03b69d,1379,211,1590
526ecd02e494adbec0dd7f7ab1dfd0d29e2072bf2e84bf851eca120ccfad9bb5,1487,204,1691
53ab95a0d54ee6edc7ed3a6f2ae84842bb39d3b77778821f4e1d0b12ef0b061a,1017,216,1233
ea0a5a00479a826f2c691f139b8b368bbfb894451ffce3d234089e021355581f,1143,294,1437
7f3fac6b27cef7cbb85bc99c465b000c9fab5528af548e528cd93d8d663a17df,1523,296,1819
8eccab9786ea92ccaf990113d0af16e3fb55bb1ab3fc580701318ec995076245,1255,215,1470
3589a9f5883c9c64f6417b016025afdc7f7a538c1bc980865d041c2f957811d8,871,201,1072
24831b262eb8622cb289904e5dbb5eb2853e5ab2e4d6e97e234b268cd45c6eb7,1045,213,1258
a79525394707be5e5618dd11223c05942f60ac7bdf474c77ec1e432e2fc2d824,1473,309,1782
06258c0dee76070a4699d47999ea7238ffb25c80b1135635caf8c4ef649fc371,2462,553,3015
7bccd1925a64baef64450c55e494eb4ee7a6be6b7cb35594f07441260e2b896c,2401,998,3399
1f6d265645e5679b6c7780e38bcba0bc271588149aad43d4fefd7d36629e53f0,1087,211,1298
246dd9534816db3150df5da116be997ba3a0caf15f1f336e5d2a7aca4f701ab0,1183,207,1390
7703ee2c7d061296e222889d8bd43536d1b60ea08f2cab7f57a576c7f418f747,1116,610,1726
d0852b8a2a626b9419dd4103f5eea8b20cbc8b6dcb4712b76cfe47281d78c2ce,933,462,1395
90373e032d4c64cca13a4c390dbd24d7ca9c03b59e9d171e208e2b7891e23afc,2320,1122,3442
851c8e621563fd6a444f9cdf2df4ecda5c96ea29c73ececae656f28e8bb1da9a,1308,610,1918
1e85428951d1fb15100e3f85a5b5f4cc631ab20c16db1541cce66d628d480814,1131,369,1500
ba5189e66eadca56280de709832e7bb8cc9777276f56a59f9f0b865dacf23908,1334,675,2009
ee0f13773e4fd2470d2eb57bba417b7778759927878723bd032b98567aa087a1,1559,365,1924
15a3d184415500eba0d32ec29bd4abdad826612acc87f33a965fa13c1e41ae8e,1277,292,1569
edb2527ea10f34be317a9bc3298b3f6d5396902df373a988feb769a603926ed0,1124,205,1329
41ac90f7e8bc9861d0c4c0dc3ae64e2bad7ac8abcb001ceaa01cf0230300f4ae,1110,216,1326
e2c015c080e309d963ef140e2fe5454ad658fe7bae2915e3a578e8727454ab90,1308,211,1519
d1e9de215a95d90df5de053f17429495840842f8a637c2bbbfec4243ca700f50,1308,205,1513
7af8e3966c21d7d35aadb4d158180999efa6da88993befd85d1bfc31fc7dd248,1973,955,2928
26e96c11f5e9b0f1bde159ef35e76774f47dd4075b53a83b894050c11e49e5b9,1039,204,1243
a0aca6d2f66446990b7893705359f74cd88aae3b9efa2ae2a320fa369bd27c78,986,213,1199
22badda90d97419651308f49b0a1573951ec5a2b0bcd83ce7aa5b6372f0370ba,1237,200,1437
6b89c8856a017f70069a7622a4d5157346d8ec0642ba288493c67dc637a5ecdb,1101,212,1313
3c2222ca82b1a708d56ce9aaa95216569c5c521170b240e8ff78761e84395c1d,1175,202,1377
b45362c9a132dff8425cc72e8934b6d4f3a9c60840471e7b00c96df1fb4c9fcc,1361,460,1821
9deed96561b069f78c43e3c17f6ce6e05869c00e11566febbc229c33c13fd7bd,2007,540,2547
bdfd62db853e2c705a514dd6f6e0a9a21bfdc370f45ea25d43a6cc2bba735d69,1495,610,2105
70535bed7dbbab79f14f7a0041bebc6d9b0cce8aae1c7593e70d0d743acc945f,1161,364,1525
58aee3e1fe156482ff3397980a1720c19a7ea18412602c122e1e7596cd8d1eed,2037,1709,3746
cfa010035adfffb9e6353f02c076c0490fce36ad74603e8ca2d39171e50ff598,1717,1371,3088
dd704035ab574c7c6881d247c566b5709d7380bd10385b77b7b1018d27da3f55,2220,2189,4409
af77d7d640d49f68711e9f9546cec4f49296135e327ea38759cf74b0453f9e35,1716,1308,3024
772938d3397d16772399edd81d7fa36fc90a88035381344e882a9febcd2800da,2248,1731,3979
42f3741769ea78b59bc50561aeedef309f92eb4d30f9c2f9c98801886d6c657f,1831,1038,2869
85be6d55c537e24abed34c70688357b3286930ffbfc9e54b95a6035dda446c21,2307,1118,3425
9540700f90d9a1b7d1b253ccf91d8df1d107b645e84a7880235919b23c565699,2234,1130,3364
d507c70ab065fa9f5915dddbb55756e29c72f52ea1134cd38c194247f3fa0963,1885,3470,5355
