id,prompt_tokens,completion_tokens,total_tokens
63e5073677fc3858561a8f2c8eb01cfdc4eb6092d1a8ed0dd8a154561f0ffb6e,1120,205,1325
aa062767a3c5df619f513213378e43bb9ad301ca7c5723dab817bd75b376a0fa,1268,211,1479
dd8c2c82fd2938b31579dd57c5989a41e9ddcd23002c55489d60a057d8b39655,937,214,1151
ecc9b0e627db7e5f112a084e4fe62cfd44dff211773b7db772caed15982145b0,1912,316,2228
a2efe674ff10f98798b7ac20fd97ceeed44c6a229fd078d8aa10100f0af3b1dc,1083,389,1472
debe7c3bc578d121479ca2619b74bbf28d5709de694f3c3966efd687885ab483,1914,206,2120
83c6924f8ecba3262ab7efe43f0b677ff861319eb615b12637bf108434735acd,1695,318,2013
48821d4fa3ecd5e2deff325419bb1d28041769d10a213b74bb69c3612417240e,1197,215,1412
68d4b30757de88cccd75bfdd6954f1cc4a5627f81b4b78375bd16ec5d3fa4745,1126,363,1489
689b176e7684efb62b5ea81f31ccd06241863f385f9ad016d3ffc64e8bd7a069,2508,330,2838
4f0ebe3e02816dd20d69525de25eb05a3cd20bd77f07b6a511dc32ca618d52c8,1296,550,1846
e006442110277456fd2b4442c910728e5d207b71d789b478db9c158165762921,1011,287,1298
6fad2d641957ff6bd1d633827f61a4635ecc4e7207f953528180d78f44746fd1,1027,284,1311
8e2daddc7a40762e267a62b84c90f10b9f436424127273195cca6cd2de3a5cab,1827,665,2492
3c1c94da807a92d28864fa6595eb465c0f43f312d56eceb8f0517214be9c4de3,1922,432,2354
38671fe962ae86fd252e7702c6d6d5bae1517f76e3e89644337b212bdc15711e,1687,678,2365
2ed1201332d4c767aec96e84153af5c12c2e117362dc1873eceffaa24620286c,1960,701,2661
07279cd6f0c0a4cc60221402980f0feebcc00f6ad5dd8c734a630c632faa8f0e,1550,214,1764
19ddff859f35ec39b8815f878ccdbe84889992ace00570680312535f452eaafe,1065,211,1276
1386a68c3570685e28dbe1193a0152b651b924cf73cdb525314b6099cebfca1a,1120,205,1325
381b6f34bb9dc0d40e817e96d45a9b49a9e10f6aaed48fdb5b280c16d5a3ac35,1440,375,1815
1d007544b7aae2a09733d6e7b443bacb54a32112c305885c4a0a7236a7b2b1c1,1231,217,1448
bcc13da01438f23006a55f9698c2d5cd4b10cd7c25a0d1ff282964182988a934,1542,547,2089
161b725a47b9f2d913db94a2258251b8d33bc4f18013960d615c4540c047bea7,1310,269,1579
058fd6dbd0fb796f2f9bf80b0e7018648e669f9c86dabaaf7e7a3dbee09f164a,965,537,1502
0e1487b8dbe12c8405a825c4e6c8da9e2c61d581c5b020e3251041a31fe6edbb,1231,449,1680
f073db2908d3c4a09c58119e4abcaeea7422012c691d3f57c4dd2fca61078328,1239,207,1446
4505a243350e7dea021b5d78d9cd0e02425c92305e46bb794d2f8c87c076cc88,1299,208,1507
21883eba238c9134f946269866cbc4e32a655002056de98c861f6f8efa317131,1050,287,1337
d358ab9f0fec7b4cf7d29e575e47bebe4b0435e7337455ee109c46d0ed79608c,1100,305,1405
605fb1804b11727624fac6849ddb3a62608be718c373e321731de4a62688ce48,2274,1080,3354
f4134b403404eb06c42a0877f78a5cb41e4030c739b2f0405a8354fab781e8d0,1388,222,1610
a83527564f12bcefbcbfab2d9524fce1975cb278d6633c857f79b6be1dee2cfc,1347,338,1685
ff22a8bc5a2ec9d8e9b37c8a93620d193c24d92ef153137824e4c90fca8c44ec,1186,540,1726
3a7a018fc6e8e1d26a1916cabdd85eb01f42222cbaa51d8e3f8cdc2b6de5fe43,1007,209,1216
04c51b6a6525145e719407dbff152be550ae8217de8994e901cf4659d20464dc,1324,217,1541
2dc79c74e653e9d7e8d54acf8834c1a03010e0bb447cda2441bba3634965c4f9,1364,526,1890
a85158162cf7e0beaec817d7dc99ad508ea55e65994ca8288c69766ca6710369,1142,215,1357
3abb040f36202b902ab69f394f9118aafa5e93249bbcd5771a3cfa1cf50809ed,1289,565,1854
557b269f12aad26c83363debd7776f32a2addc0f075c7268a81705a545b23524,1037,284,1321
a034f7efb72fd794aeb5229e54accd3d1ec7c29cab2bc21844e5c81b27366a7f,1120,204,1324
6770a7d3eefbf54932d40168955da77061bd441a7c6bd69c75377c15bce649ed,1069,209,1278
6699a397853c138a101cd4150a1e1a29944cb10a46cc0b1824bd01749b8c92ec,1090,283,1373
b936d18fee325779af64575d72cffbe3be95b2a3f646495a66d36ca036dc513a,1030,213,1243
38223308096088ef12c601059aca2f23229fe014ddebc6eea1388fc6f8986ef2,1743,1083,2826
4c2bd9a4bee3c2c393fa8720af63a7e4540678f9dfb06ffe0a758bbd7529b545,930,211,1141
e8cd8eb2a3ee19ed853228fdff45555336250276ac7f5b2ffe40efb63aad0a55,2262,1131,3393
06d167e3b32888c5bf5753085be82d3e702b5837802d343686df046c14a435d8,1434,203,1637
1606cfc023c82d52dbee1a2d6a08d8174530167d0435f9a3853b44b4470c6c99,929,620,1549
d48086862a115eeb3250b9673a03143c7232b5981e773c064425a25feaf17ab9,1127,1168,2295
13d3b9350be662227b585c498ff101dc7a0af224e38b46d1707088d57c71147f,1351,211,1562
6970d9376906e1b81b875f20a6ef425188ca66ee3552be7edba8cc1622c541ba,1328,213,1541
bedbbd686509ea728daf483ed3985fefc0b9f2cfafe01fb74630ec78912a94e5,937,225,1162
8321714bf6399da7a86be8a0ab14d50e5df5a4fa77426e4ef376e913308b8b2c,1281,205,1486
fed0612e592e6c2d98c2751ac1ec03d0934f967782ee64d7648b14e59340c4ec,1229,245,1474
2f5cc368078624e6cd5ee9a0d45625ac0cb7264abe54d8eecb2827a56261831a,1126,213,1339
d80d527e6b9e2d11a82d2121c224cc482f5e01355e7ff9562ebd11dbf9f17bac,935,217,1152
7087ea6d21fecb999f5da0f7c8f72f18dd5a3939a4eddc4f62ec0b7906339fde,1136,211,1347
607296db4b9b64bf35ae1d4e18ae755a3829c5ce7e07310f0eaa26b523af896a,1788,666,2454
031e9831eb984caad0bca37c09b252390f2e28c5c720e33bfc880714a6ca1662,1449,206,1655
18fe642812f9232620dea8f3c89f98df62c30042f65147be4ec380d2ce57b308,1711,317,2028
3d1c74a55bdd54a076b9a735a905e878520a2af5be720d570b08f5a0d34b65e3,1332,285,1617
f6cce80ce70806dacf149687479a2a9787735f90bec5512e524763c7de13c658,2189,1383,3572
6b40019a7ae4996616a2e0fc05b45adf55036f27a33c7eef9733427dbee652a9,2323,317,2640
f5bfb5a7d6e634a8abdf0f2c35a41b7bfd7645aca12452249fb4baed354e2caa,1120,205,1325
3463b9b4f366fd38e742d942b1c136e7f92ca96d8a5b1ef0044a8040d6f20a2a,1579,246,1825
64f466b2e6e9aa751149521eec1663a671d971060cb041f112803448b353a4bf,1704,1139,2843
e1dd488d17604efbe2c0525acece3c53732ff18eea43b46320e0c0578eda65c7,2334,314,2648
2d058f2084d7979b109c5f65a182711d6d6c5f29372436a01bbecc96d0aabe11,1089,205,1294
cbcd8e0d5951bb8f4dfe4f2978227f7576053e4343c287f240ee9364c71102ad,1289,368,1657
f0aa4d52c3058c2446f00a7e2a2857d463954282aa88f1dfe17558eeed718359,1125,204,1329
59c60ff16bbd33c4b3edf5acd79ef3932a58b1385ed46abbf6c2e048a80ba137,1258,290,1548
4c8192e96e78b7f2498b206e4ee0bb69334502e5a23d33ec2a6f8162ed69df2b,927,422,1349
5fe0d176a2508bdd5e797f51d3e5c19a73bcf7294c7e1fab040151030279791b,1277,461,1738
e83c5bdaff83250420508a4780d8fdfe4a87c130c12e930138d491661677cd1f,1094,229,1323
c7e24a5108d44af98aff727f46bd7edf681ebfa0bd0139d7f9a5fd363043193b,953,371,1324
20db7c7112d529ed49bac0dba3d223e9ae232d4fdb510466228dcd6f72d9d892,1454,244,1698
d114cd9ffb2b41f1af582eb714fe8d5f66dbeab9b3d0f19fa63cacf2011c4fcd,1331,134,1465
8efe400e26829f5a5694fc3e51b97fe0f285d47c64949094783b884200dc4b50,1514,201,1715
d71a17d796fd240f130d15b7a3a27cd5689d4e90aa2dcfe75646e38575568f24,1461,373,1834
705496dd5f517c89b25488a1eebe2caf924888ea02daa25fdb21faad8f83551c,1023,211,1234
f6ae53a52424979af71441bbb8631b167d1f7cdd45ab017e889fb5cfb3eca952,1111,206,1317
88b3df08acfa036f628e05feb023723e8376a6a235194a5da8c94bcb0f1a2759,1104,207,1311
ecce03e5b90d7ab71be0a19fa35b1aeb9c111ca45218347fd0c85951ea649860,1636,1075,2711
a4b8e9a77e7dc2e7dae6641efa60551edd4a974eeeb649c607a5531940f398d7,959,283,1242
b7730a644549cef9ce000a9f0996d5b483032dee1b4a63622a155952fd565c89,924,357,1281
426a446b481b0cecf309fd2586318cbdce716f2af2106fac0fae5a5011b16886,1347,293,1640
fa72bf4ac8e29366f1149489efef7d24939a7b61bcd88c7d6266cb5e72179797,1517,473,1990
7da4bf8ee4f2206b07d50847b7267a9bccbed27ac9956bd50139ecc21cfee53a,1202,210,1412
712bcc0a62b8eb27a089732dfa51c939374364c7254fbd1cf26779b8efdd78f5,2121,1013,3134
6ad592718737305b506efb98cde4832c1b6df5bcf386b234c9661fda3d0c3e76,1124,385,1509
96d7cc94ebc38f6e41d1bd3fe523ecc8c15643d7717f915cfa208e0f4e8fda79,1408,357,1765
2ffb785906d67243d027eeed8094eceb669a60205c5a140e06eb0142a04acfd8,1120,205,1325
5d36e804a2e1605feb36373ea0945f0723463df13ccd89158cd3bfc79bad1d5a,1400,551,1951
45c65c9aca159b3cdfec59b6f5c90a6b094616d7d305817c39abd4ee24528488,1852,795,2647
c3d311a327d9bcab44bdf1e28d4458c2ef73080c12a8df2322b5b9e200c4616b,1577,204,1781
e29f1a379dded186f10c1047d490ab703370fb891659c524b9073a22bb7998b8,1192,212,1404
653f0b845c89291285f88c18b9765c82d489980020eb7b67782b651ffae014cc,1757,773,2530
5dd58450a08e075c3cf6dc1896e010260a73f89c947c198ffcfc017d62ac2add,2196,1249,3445
4b373a6011231a04a57604cc6e12487b6be6ab2e69ff0d1a7eb0c2d997e3fd0a,1074,515,1589
cdac67f780f3d069407c5d4e23730b388148d070842e6a82621e947ef6885899,1072,354,1426
41ee2932e0112476d8599bd8eda845b37e1e3835663107e5b7d42468f4993c5c,1127,301,1428
0976958bec0d041ba707a2f3742bc22cdd546e0c2589c343f762d489c654729c,1011,200,1211
e06e0b62500ce1d3ff3cbdb9d89abb935fa2dee34b4d229f06c6cf43eaf4171a,1009,207,1216
304f11b2ff896a6f9c090ae1de797e4ea383140a3fd9a762fb5e568e387777b1,1942,1024,2966
39faba6cf0a9f94d0771f366887e1d879136bd90473563e5f6770ac17892447f,1216,212,1428
91d95d592055e084efa0b0f9167589be0055be69cc041f75fdf8eac6441ba2db,1123,206,1329
f87ebcd1b5f620003412d6a6274d6a8cf79d55a0ec70f6b4d3f9ae6c3b52cfda,1445,216,1661
e4b17de0511b5befaa73e050ba1adcfb5407793778850e9a55ed6dab9c8d1f77,1135,204,1339
39e766df7a4c756e538fb703819d8811bf194942d35c7fd57afd255de31e068b,1662,678,2340
13d1594e303128e8faf0f754decb23855f422206f95adc9e53a1184f29614d60,1218,380,1598
0307362259cce3728670bb38f6eeefefc809331205cb714dc15204e90962f9ec,1875,434,2309
18b0809dbc07c2cb28a829323cbe91bb60210866ddd51e13f653d187a9b97ee6,1352,285,1637
2b76afb27c954c9142a9df44086c96f9dfaf21a5814ebbb07395b20385d046d8,1197,517,1714
2a267cbbbcdb90c39cb3db617f51daacac652aa7c68700175e4dd0e2dfd480f3,1071,523,1594
584cd0f9f471ab25949f23b65ce8983f6b9645b470982a03fb52bcbc2dc0b327,1147,366,1513
df7020700ea1288595e9d72603049d446d4fba38f63cdfd20370622b04c37617,1384,210,1594
f12edab680b06d033f3c1397edc634a9981b309acf25791d21e9a3174a26bbf1,1391,525,1916
6dc719b7a46e5c42fb7c502a7dc5590dbd6fe2ae7c3b0fcbb958bafa9d3ed474,1309,378,1687
b4e3cbb4223e4a9cff6bac90c34243200faf3ce8b33ac349fcbe9e55e8c89eb6,1275,702,1977
75fb0a854d0cf1ceba26c9b214e93cd7cf50b80c93f710b688de20c81096edf6,1266,231,1497
bebbda394e39cd24d0231e5db725fdd2e3fe651ff1ea33a5d16b8954058359fc,2198,850,3048
555ffd58d28c58fe653173327c50ae6bc1e5be017cb30e64aff1994f7f0c820e,2006,1001,3007
b45926b924ab3fed1fcda35f29846467c40e472500cfa125c7c0d7b94b699f0a,1301,214,1515
8ccfb3eaba548ac91ebcf1413def4416af4f5c1deca6a0e0ff3b075b5cf4f8fc,1075,213,1288
9566964aa607652f2d082d69cd0b9691575827daa1596d82bf848fb62756d9d1,1023,212,1235
58631be6f1ab6d9e48986d8bcc08a7188c5d1cf3de0ba75d6956aa74f8a5c061,1123,206,1329
3f6509c482a2f204cd2c6da9f9ce380dd6f6b5e4135ae5c54b02166dc18d6494,2303,1463,3766
f4d777106d704c4d1ef1b17188d62c02751e67d3249d5e88bd586f8e3dd42e96,1178,1137,2315
bcdfccfa2b941dbcd025525ab24dff7b021fde0a7086d39b86086ee74f162c61,1180,537,1717
3f5925d962dda1000061459e3b0e2c1da22d3d3aeb83ddd4fc318edbd00fdcbd,1512,551,2063
9a65e7d87387f5cb6e24403682f9b83c9b39f2cd672dfd4421ecc15e279ba0d1,1273,304,1577
dd52091903e58e590dd09eb73b34b7646b67ab579d495fed2a0555485f8da83e,1634,322,1956
60ca9dfb5da8792e8c09fc4a188330a3cdc023463c8da65d1525d80d95f7f1f7,1857,1014,2871
94d63e91ff66fcf88f212937723004c476f46eeeb255df77b290490134e34154,1938,1354,3292
f88082e92b34f87c09c286b1f37ae99b9e86ee3772d1bc367163abd5d2b82391,1251,286,1537
151ec06132b90a7187fb451834b7a0a2fbc65137b559579e41ae6a6121b17c56,1032,220,1252
1379d44a91c8b327104a1b0c284c693bee5ff09cab5e26f87f1024064ee49392,1321,249,1570
7ca681c747e6a543b39ec4efced80f313798a74d3db362fbd07829971977cbe3,1423,620,2043
c3a41b69c98daaa1087a51da662a55641a7c952cc95377bdc04b03aa4a61fd16,1248,205,1453
2ac3320f7980dc8ae485f228f755ee5814216ab1a8cbe1caf0b49807b1700a29,1604,444,2048
32636981fc8a7779dc518036ef2f05732a345b17445b8c121583dece400660f7,950,207,1157
5633e8b3e63d5d30d9f06966bfe1d20f7c903c456e055f4a4b9b677a59b3ae4d,1052,201,1253
c2434a2034abcfcea088b4a2442d572a48d553903cb7388cdf1e166cf8791d2a,1069,211,1280
18ba08878f0f009397e8388ef76791a968905c944e829f1bb8b2c19d4ef0f053,1199,295,1494
81493af4af065e5b25b5a822c4eab0a2491a9dc7866615b25362360fdd28f516,1368,450,1818
186c9c171e093afd956946496adc322b75829c66358fe77320b78f81e7baae8a,1577,600,2177
fe42925fac2c5c217cc005e098dbd80e45797cdcf4108c06c35e95aa047e3fbd,1218,292,1510
0b929dfcfc057095ef6d97be5aed55fa3958a39162b0ae44b490a9eed7b5af78,1358,316,1674
57fc3f820c96fe07e746759ee3af6c55ebd55c932a6b853087fa000cf5d1e2a3,1508,303,1811
2230fa1d9be089e138096abddd93fc3696075de3ad139fefdba29f61c384b4c8,1291,441,1732
d9fd5e4e4b4c9058b87d337d0bae00e40407764001b9dfbef358df9007c2dd5c,1565,449,2014
aeb3d116c5a9945de2ccf282a73ecc917806eb8d64ffea59493222add7e8b35d,1127,206,1333
26937e130812eebe31cbb37a04d7c06d1253a25471267015fcff65589fcfa511,1293,295,1588
35553d868d4da61f42cb5fb467a0dde3922bbff88f5904b954a8f83f3e2d0f1d,1232,209,1441
f3bcb2e91f1e8599695be5e3c29d067d76d23934b423d5fe391f3c11e84da693,1440,214,1654
a4037df646ac8c61cd8da706459146520dc55ec7741b9983787ebcf27fff906e,1138,212,1350
af46f9b753680b373ff5436147a73ba0cd42d3a9658ef8f1947fd4a755b3a398,1202,213,1415
061bc1c57628bba76d69cc66f7521986b27ba547caaa36ede23bf23f0a10cf15,1267,614,1881
7aae4c00071ae88be33838c1c8b399eb3ae27749c1b32f4e83b31271caf5ac23,1123,206,1329
cabc259026f980b5ac4f138c2fa4b6c1a0100f2da9a2632085f74e422cbfefbc,1011,453,1464
9bea6133794b8511460139b8203ac7792cb6be580e94a2aefc1708e1fd2846c9,1958,1389,3347
52f0eb62b92f14b2f479c0319cea41336fc222ab83c3234e392bd6e04ea94196,1613,766,2379
20bc42337f67c4f756b12b24d297f6252d552cb7c036fc8940e4083cf92263e3,1075,211,1286
c6035a9657fcc98b200f7479664e5e6f4485441a29fb122b6fba4a3f0d3210b2,1105,213,1318
231f232a6e8a82177a57fd6469365bbc3d54e48938d466b0a47d72fc7d356113,1091,208,1299
04df5ee23a8cad76a69bc67f9ec3d38c55ac765cdc35ca4c9a4c4a45d25d4245,992,294,1286
644aaf952b6ae78601c5e2b05326178a469716fe5910be034bc30754310dab96,1076,600,1676
610f29f6d92f9da27574eac2b2ce6ab91148b08486160b3a686f384138c2fa08,1241,435,1676
e0b1cb64918eee8b62f5fd284b548c2e3dd7edd60226c48290c0dc3dbc5da454,1353,294,1647
1bf8461a4d5ac85f69bf02afbe138780af0c70cb6b5ea87e9d11cbef8e216f68,1335,462,1797
92a6326ee42d284292724e0251692729965338a744883207afaaa22ff5a6e5ac,1716,667,2383
919ab3e1449c35d1eea7923231ca00cdbe0371cc077cace66c4198c1f6d55184,1314,917,2231
c2851a184f18d54bfd48735f97e59d38ede7016044b882f1f0737470a167f869,2114,1223,3337
28fa0bedd425d763480850aefd4e8e219968712bc9c685cd3465610396d71f69,2156,558,2714
b040793431bd64871063b4df165854c8d7f778fa1fa6d19f74d98835cd691253,1416,212,1628
7bb210406afd088b8ada78a284fcfa4a65a27a5ec13f7fff77beb0007279aa39,1206,206,1412
2f4486a6ca3ea1ee36efb137beebe1198b39b34a065df931e23e56ec6479dd60,1094,214,1308
0054fdea3faa041b2fc2ab32caf1b3187b17891c27f050458c37e86a019b3e99,2167,1208,3375
1eae5439953edc2673e0ffe28ae53c016efa2276c2080cb18e7cd3d787406971,1123,206,1329
475de121ec829856cff8c7fae9b6a2905da8023b40709223010910d1e7c859df,1254,208,1462
22f1bd30866cb71abb4079250d3665028086d82668686379dfce6cc33a73709a,1283,230,1513
0ddd1499c09ef1e8ed4ea65c5fd1128db22a6cf81bfdc9ee9b920677cbf9756c,1025,446,1471
513b258a6d294be2c29ed4f14d9c9dd3401304d01dd389b7e441304510ce5f67,1338,212,1550
d47fc24a3ac72b98548ab7fa66ae8f34145c86c20b6b6322c11900c2a416f36d,1388,142,1530
27d7471ed1ca2a3c70c498d4563a3e576b0d0bd5bb14a271be857dd9da71ff80,1589,206,1795
afbceefe46cc611d6855212b84c388a547b67772ad4f5cc76ca3c121466617bc,1456,464,1920
a0987efc5502af4710750b833a02cc3a54661206c88ea25a29b067edbfc0f1b9,1434,533,1967
fc4ef5fd1acdfc5317153600d1665ee078e4c65abf36cdf802e84c8b8d6745b0,1236,207,1443
973f55948fd776e2d96135fdc988c3780fadd1d8fcb9a7bd5fcfbe153499f47c,1295,680,1975
7da81dc42d7d17714c196cace4eecf1c9493dba40f7d3b556cba9a93318a9d53,1695,428,2123
5e2560b99307bd9701657fb7879719cbf65a193871bec782616e2158ae0596c3,1710,666,2376
fd524fbe3adead3d513dc370934d0f53f00a3e9b9f70dbd7746fe77098796423,1167,316,1483
70f915ddbd861fabb5ad7f88d3fa70f7113074d6968c00a1ec0a092b880e9c99,1475,204,1679
cd3e28b1eaaf5811747639951bacd754aa081c0facbdbe084184e9709b17ad58,886,209,1095
8ed3a6dae6e20a7c045bac913fd3b7da24ac53588625e02220af25d19d988c8c,1893,956,2849
73014efdf8095f4147fc1e2be1eb3b7e562e83a17819562ce1a278ea9c0a22dc,1347,389,1736
5f8c2fc4d78ea7c81c84388aabd90189ee17d18ac2a5c1b7052d17675a903af3,2289,949,3238
cb8f14b400a6be8763d6d32d59a186d66290ccef35b336c313b5527292c0652c,1812,433,2245
44e4e97257607f40cd28c405dbd35604a167456e3984d92caf32df30e95f5c71,2296,1442,3738
97e422be4951fb3d0b46301152bdec16becac59d38b4debce5c9111e7f471e0f,1123,204,1327
326f782b6ca5e17269d100b89410d694d915ed05980a6a35d4ee08bbfb2439d3,1149,295,1444
c6492a4e775e52a178556ba2607710281fab98b8755240fa532928cd062f96d0,1017,209,1226
fb8c0533e0e28373af815ca90395be7345cfa184e4c4b814129d8c74713d92d5,980,216,1196
dc4e243bd84a0789a65518709ed5716a2474eb1dcc1c3b8eb318bf96aa10af47,1167,357,1524
87b7411bce2e30ec6958ffa02ebae316b3d63937f2bdb886a87a7bc7e8841b7b,2083,1165,3248
0ccf7b2add29b5c965ff3213e0e02fc4892bd121c99428c0c039c63e6860a1e4,1067,221,1288
bc299b80bdef3f6fccef1c1d3a446647bd7788850638f9eb951db252146950db,1190,700,1890
f37eb166845ff5227c33ead897d37366f2cbcc2290db13f65910a9fdc1b71e31,1197,210,1407
ec3daa6158d1e743f9268a3f2560e7a594df4a83a0a9658c173b408c3e9afe62,1682,1446,3128
61505c8921bce6e565628a036b2a936a3f79fb22548ca014010cec9a7aa8b474,2237,735,2972
5266e1ce48b5034a6d4067430176133f1b9db6682448bb079aa94617a6a419a2,1255,204,1459
d986896c77fbaf990199b6f06303921de4dae8c7e080dbc3b7575ddcc723b4c0,1409,201,1610
f8bbbbb518b83c1f0191526025cb5b0e8808b5fef640b716240f1f5688594739,2086,1633,3719
c9671632939f23063127bae42aa4ec9c295c2a0d5db7679e9e7919119daf7aa0,2259,314,2573
e8c58a686144dccfa4766a7edc8b4156ab79b2455c60836dd5cac293f8dfc033,1211,247,1458
26f1574898f001c61228c8cdbd4ba46fa4b1db4135ede19df60c6093d17e61c0,2142,1369,3511
3c69257839fc47b64e4688af1f109f689470c12506d27a290a4852e7e137e568,1659,727,2386
3a9ead9424c0bd7c873836c63c8c5e616e5e6a8c6ee94816935c4bf194a28cd6,2277,1993,4270
bf6281740142b6bf7242a0f6dc8674b478373f6f2e64b9bb60e732ca358336fd,1033,211,1244
1abbc669146857de3f66eb26f83c292e9b129017d8b6a200dd68a22cdb073327,1716,678,2394
94f04fb591395e4ebf17671769b8c1a60466f3495a1540755ab0318d2fba6288,1501,247,1748
b248c2f2bfd71a868e4765908e33865339dfb749858463bc018b74cc74b6f8ab,1466,277,1743
c2621a582ca4055ba7e6def868f7b618572ef6d494f3d5fed5cd72c681494d68,2229,1233,3462
d15bd2f349f2b503b39854cc1e3835e1006abdd4758d7cfa7c6362fa667d49af,1303,214,1517
0f715895aea0ca20b2877429ece0a9d4e3151e3e479916e2c5a7a531df0414d8,995,208,1203
3385f3102ee6d1e233f05559f185f9befb33faf18a21a1051f688a54bd7b2d8e,901,205,1106
1978dfe92287590e0d55005f5c45ef358d26fee9f5f1e474c6e702e2e4ff59e0,1518,969,2487
103b7f00e3b90cebcde194afdf5ba2b6f9b989c96df1a21af9b26e152269f636,1769,1590,3359
317b4ad4e7c9978ab53f392a8233b9be73699b227150afd59436b579883f4f18,1272,373,1645
7f315f1282dd347ff99ef92718e8e707df2ea3ba2890bbc17df4124554e9ab52,1029,485,1514
41c65de9d5139fd99570134d17e27f1c82e1242b2fb35b1f822af00da7b8b3ab,1580,301,1881
b983eab439e100138c3298375c25bc9afaed7dfe4a31a8098bff90e5c0662870,1813,315,2128
e7ccb80fc74bbbb632440cf64e722e56b8c95d0c5384942c901289f18b10a63c,1067,209,1276
5ef572db9c8482924bb1c846ccdd3cd3be89ee4d90f4623ee5975607a5560729,2294,318,2612
7a3f6af34d31349e191e46cb33d51537e20c3e8510322dc1db31fe4b6153c836,1941,867,2808
b2c4c3789c973f29b0bac88f9d7bcc7d6e10ab284d77470ccbd8d7d1bcbe8c89,948,208,1156
34cb4a577045f705cb729b1279095b6bb56c7e53e35ee6c04eaadc1ec8992870,2177,789,2966
b6c5981b8d6a856d2027da140c9ff2084d8934348696cc0238b9f8b62eed5a93,1146,214,1360
7fd66fb64c9f288e2a2959033fb49e030baaaf80990c4abb872a14986d2c12c4,1057,210,1267
9cf85677990172cbe1b4f6f075f40db7c60a54a1e2dd8402a7f707ecf3b7978a,1095,288,1383
863cbb4b992685525bf85f386ccafdca608b0539bd327d8213f677b2c44b278c,1138,214,1352
a87cfec0255260b5a49575b3a785927c735bd03d1443e5a8dd6331692625583a,2130,450,2580
6bf8b77b1af7e931f4ec516a57966533e01e46ac1fffe1eb0a9d33b23f3d1944,1038,282,1320
fc02ffe755d0319968742b7c45e4a9f892868b8270489d59601e4c4f1f71e663,1986,1234,3220
d4a1aa3b74ef42a6f012ff1356ec138d557e55e87dbd337d03a08b6396c23a72,1264,211,1475
3bf011e561b14a45354ab8bdb86365c7a7cb3499ad0a6a9dc7ff65c35691522b,1655,316,1971
766ecb61844ddb08d2cd4e3c59b16f3436134c0af0da25d6bf65575c3d86f4d6,1941,325,2266
5786b50249a13ddcc108ddf08543979c6e04d625e0d1db76f93c0c5fb3306eae,990,215,1205
3189101a0a7a4998e713a2563cf2f70db1a213a92a65df380f4067f528bd973b,1127,211,1338
6fa9a78db43834738ac89a3a498eef7b0fd48b4aeaa3976bd6267b2a01d2b61b,2189,726,2915
115c756e936f64e0da8ed6daff6e3a33b271bc892ef4fcbaa624a7867a8b5568,1110,204,1314
67c1015553a9b19cc620ada67e6203ae5613f545b65a3db122a8689de81388a7,1294,210,1504
7a070b4fe600e691ea969fe7fad7b5bbda59660e67a9a154f63b5bace9a42650,1014,284,1298
b815ee856c566f8011811b3835c3354f7ea8e39c683e9e980bb367ad1663d034,1386,374,1760
7e3960ba2f574233f5af069f2ee4fc0ffa1a5be1be3df6ce42e4a0708b80e81e,1123,205,1328
ea6e4698e14a6649705887e92c21d1a888b80f2a000e85dc942d40bd58307c1e,1276,697,1973
e081d8201c7ef34d74c5a85f5eaa46ea4475018d3d98d5e2d14703ea2f78bfdf,1344,498,1842
6d8feda99929afe46c5b225d01faa8e835b489b6faf64677bfc481709b7936a5,1778,315,2093
8b2dcc0375da0f99a4963797875c60cba147b002f7141f0d1a87a268a45f2848,1327,212,1539
5b2fdd062d0500163c717a881793ed5779799d2bd47d65871e540fc523a53e0d,1239,261,1500
40cad2be6a3a9fc3097ca7e0fc3346c57cb5a120444acda2b06b0eac1a549458,1080,390,1470
bda3e985e735d4310264ed471ebd05f69512f701aa99c9930f11348348b9b68e,1126,212,1338
84f4f0a892b2a7e691efc35e75f8e2d94a7b8489370fd8fdf868252c1964ff17,1101,286,1387
f343469c31b682854498ed06750fc5b2f60b930ee84c658ece7f342a3ca8405f,1101,204,1305
a3c7248599ba9baa0f9d162d3ecb8fb700ab4df10ef72bcc55292d783f458445,957,288,1245
38da5a0ba6aac72b4a68a83c76aeced234027f33902a8d31f925b42114b3104a,1335,221,1556
4888d4bee2aed5dced5157771d5908b6095fb667c900bc44977b1fdb72cd7668,1730,438,2168
cd69be3c9298ceec957c89e1671d920b6e113c796c6e2f93809c3ccda8e6518d,1495,854,2349
1fa0740910afd7aacdf74c5b5e4e3f0dca2afe40151cf603e2ef741f29833b24,1404,212,1616
9cd65ee343a7800fb861d7ac70ed222e84cd8c7ba6fc69e0137a8cb39e6f952d,966,209,1175
6275624b860b462034ca61ba1f386865cdb8f91764479c47005799724522c28e,1440,239,1679
1cacb9d9798d820ddc16e469d2017f1d1c1323d67e9ef1573b44fd467614c758,2119,1343,3462
99a1c9ad060216fd4ddbd32409036d20bae0d7ba3a29e3baa250447624a34d8b,1708,713,2421
6d72f2064aebe25a7942710f05e6fd3186844521b6f383f9b18ced85531fc157,1079,221,1300
0710a2a76a8cd7593fb8a8c05d136a98b255e99ef72fee2e3dc979ddb3f408ea,890,205,1095
ad430ff1d069a53681927f7919087fb83dcaf54e99c6db1a4907f0de3de4f094,1947,900,2847
c0e84fb1d36f9ddaef5f69153992b00d3c8c0eaacc6e3178d4e3c7bc83ec6791,1947,325,2272
4e004b84f599940490eb24c0ba88e0a0118d35d6053e01e668e2a21cabef9c95,1593,449,2042
7c25692d54b519a8793754a1547a362f33fac7205283ef49e167ea831d04b3ce,1256,208,1464
43c42ac1d054c29bd0d4198551dd943b7462e60aaf166fa143eb3f5bde4b691a,1341,203,1544
061801fa6ae9b4376d36453f595531dced0358ee660c1933090c1a6e32aaabda,1476,208,1684
4452f3c68f75f6d0782975058591856fc910af1dd15697f88d68bdee3e6a1a54,1165,448,1613
f37371466b5093a82b6a7be8293aa943f9a8a6da9985e17c12e1503d9a4626cb,1094,216,1310
eaa14c65a42e58b0e855c6e72cf0301c8666d261df03236708ecd68b6237d3cf,1610,214,1824
4d573be995efdc3ffa9512856856bb2b1ab5aeaf3ac9d221966d474811bece1a,1940,325,2265
4c7e9a609a949851c7cd6a99943c2d391b753bc2077beb7863a81316f3737d81,2478,436,2914
6c8da2e7fb1ecddf45729dc3c02bf31c7830a0d10ed3c3073c22a39080481eaf,1131,209,1340
5f06c149d3b4c5eca86229eee37c8359b9846302ff5b51e2daaa9aa36ca16fda,1935,316,2251
1a25f190fb4306d4fe4246c31ef6091bad8dd147bd80d1de9e2ac3314c847f3c,2009,903,2912
a5023127ed0ee0982f72c238c7eff24bfbf6ff82c544d8d364e1038f57cabe8e,1734,1504,3238
cd886431c8c7f527ae3b89a93f0d3d63523b88784a889347bb6de25e126e2034,1339,213,1552
aba587a52597e8e3864544999d0b7e27b6e87b07c4bbe9e09b449671cdf71e29,1014,289,1303
a3a94399f2cfc2cbebb59a525a229b579ac95b236411399989ffe6af5ccb8f97,2480,396,2876
80c889808c7ff2db1728185d1282383e4592e8e3344977613b48aae7b089570d,1310,216,1526
71eac0bf7c4e3d7516151d6695f6f73a30f091af50e697f0e5989d0a19dc919f,1053,211,1264
ab6d4884d272527f3624000c551e7b41a13e6fa27fd99f077b905b22cbd00750,995,382,1377
60f0d7007dc80f0159d53f3acd8fff6d3e6c58abf447e19157a1b0183df74a38,1123,309,1432
64ea075da3f25cc97ded2c811ade9e139fbff9ebf37051fab1910670b21d7660,1572,207,1779
6ba4608a9a4433a9b54083428a64ece2481fb32e7d2eeeb59c8f5c3fa0c66f9f,1389,478,1867
81bee75def43f4abe9979cff458c113534d1d55ed244295f63023c74011df8f9,2356,1010,3366
8098df05321f0879675f36487477611c225c0f880bf7df59aa8aa4ecc59a8b2c,1118,207,1325
a3200100b7dffc059f3b4ccb8fee7de0c0a27f97112a27f5a24310ef74f5b309,1639,540,2179
1a3387ffd7e406fb628d52cbc1e3b8b16e25707f5679f215bbce7189862d8a61,1245,211,1456
259636b33bb173eae70a99a84ac52a9987cc1f19fcbd1aa00ec84e33ef64ab7c,1144,313,1457
2029ed5f825573944aa5720255f80c9cb1c8de30ccae56aab8ad18e42d3bc1c6,1315,220,1535
5aff77299629abe2368ae3fad9a64122c5ad24ea34e17efbb7c429833a0874a9,1413,479,1892
aa975b43219ee8968a954a05724bf67efe327f0ffd626e1f5ec2c09ac5e47b1d,1573,449,2022
3fc6153a7134ece041a7adc5d9ec0037a3183b75c179602369a6e0e2b1945209,1058,204,1262
c3ece293017e4459add1409202120098bc3901def175dae667c695f82614e4e2,1123,205,1328
41acd890ef1a73c818f915f54f9d62587fd4348fa805032c3cefeacc90e2955d,1135,207,1342
92ef6482b69aca4d32eaa613fd5a3c6616ab12a557c73e1f05155505fc79e5f5,1086,205,1291
0e44eb8eac8535bd538744f40ef6a050ef886eefdcadd742f81e950a4b2f4828,984,289,1273
baffb9f3351a6e06044c16665aa5794d8f077c25a8a25908f3496fb94c5432f2,2283,1194,3477
95c36a99ef07389a4d61e36dcfdb139df2c23d845f9507ad92dbb223ea449c2e,1231,729,1960
2b8ee4366ce84bf4a42b7e974df3a6851443bcc2a9104c2e0f45b1ad46b8e9c7,1528,453,1981
3d56b1275b1d5bb5dc5effb624f10dca59bd6e3ba0458e9bdd56a748a68ab167,1396,328,1724
3e25f7bdc5236cd0b0c0240be0022536d484c7e8cc7dcaa58758a49d1537f87f,1514,450,1964
e8e2b2764bce5459d0b86f01b5d4448e5cbb87d1133407d292a080eb4409f1da,1264,297,1561
4c5420a4ee2933f57f95b8411f8b2965e50aba184d06c9d814b610548a94fbd1,980,268,1248
3b7034f99c362ef90242d68e348702ea7b0bab4ce2dd0952a35c5dcf8bb1d8ce,1470,334,1804
3e09168d1daa6837eaab31d8dbb7e10f2778f98d9860c124e585bfff422f6b58,1356,206,1562
7f6fe692c6672cef84a40b178b9b0e5ef43ddcd1ebc7584e8fc502bbdedcbb8d,1347,616,1963
89ce064d794b8a5d1599fdcc12698e893a51fefbed0446da92b747ff2700c94f,1799,440,2239
f5b466059c14baeb81303e918088f344b1ce5c8116f2b5181728d20c54c1d714,2291,1803,4094
a40ec9c4b29e38746cd8ac4e5e1181f0b5a39582be8db9d2a23e8b61349c960d,1742,540,2282
e9e7c7df49c88b0b94b60eb7d48eab880e67c51f784ddd72eb89013193e1683b,1073,269,1342
710233835391e8a6261a01fc1935e01f28130bba0a4d27e7d3cbaecd693a20e5,1772,1133,2905
09b2b71b81511f610818db9aa5b6b0a3a3e0a00fca4cd7c23f48b8b6aec4078d,1193,218,1411
d8dd28b761bba359d97c45a828bc7269a4e8097d7d9ab50597fb0f5896963ed7,1704,678,2382
472c58dfea1bb16a2575093ed202127e1955d6be9502fb98b4dd616393944c84,939,216,1155
7336a30d60a62bf8d05ed6bb5c5953d3a31724cb7c9a0af05c82cefd33759921,1093,297,1390
66fef7834599c4144acb4ed6aa3d1203cab9164d53ead7c29e893d1c60cbaee8,974,357,1331
530e8708e7dfaefae34588ca093d00343e9a3f5c697f5d0dc266d2688508f610,1975,538,2513
c35a1a813e2da73e354957cf350a9872b3eb0b6dbfada5b2e460281f73db0fae,1292,296,1588
6979f1174ff2a9bf65946358e6e7dc3b7ab0058de5ae53fcbc5c4fe12f536df2,1421,384,1805
72512e6d7f611a04c7b6fc16c6b26b8ba15cd8dabc2e4bede1bcc6f2172452cf,1013,203,1216
136d82e8359f5b79c26041098fbfe762168abd522405f76c1b27beb6fea3bf95,2074,1020,3094
d79eddaf277b707fcc342bafa2cb609c4f3332979e2c0b2fdb9dc026d2d4814a,1742,683,2425
e64cc365ef646695e0bdabdf6398df45a724ffdf5b78410b549df597f538d561,1470,361,1831
1c6ab2f11cbbfbe3f769d474e83f025f6e260c9e86ce398fbcb2bfc1932f0dcd,993,219,1212
a84e686182fe57de89aaf593584280bfcb533dcda1a5e609dbba68cd66c26718,1592,206,1798
c1f4b76b5574d0afcf6656711f5591fd5bec8b4fa211afd1157ff2b374672535,1185,207,1392
fadc309433ae4be4ee1f112d43c57beb7d28155ca94b4969520649b72708f8ac,997,212,1209
bdd5fb9d21d975728a11938a5b0a36dc8e03fa59d23b70aaf8c5adc2f5094f3f,2128,307,2435
992eb672a1ae0ca9287bee982a9232477598d60b725cc23bbb80d5f8cef4253e,2161,1145,3306
824f21fd620745daff882f515cdc2514921584bfa344e28b19fbe3a479cbea8f,1153,441,1594
469d27f4cb61d43619945e9912e9cecffe59490b997319f6741bd578551a1b77,1181,1154,2335
7192be8655949dec8e0d61e523353c2bf2872fe9bb349aa64255667c7c2ef801,2421,545,2966
52ae1f4dfe26c12eaf23b917f4c7bce5f7e95536f4dd31fc584b45f16f74b9b0,2037,1510,3547
edb4e1fb5dca6e8bbeeec68b6b1de596d6803d3dfea701d359f86a06ea5a4c53,1358,283,1641
9b2bfe9108194b404734e0b9e6bf841d9632bfa0069a57ee36926ad5a79d8b81,1123,206,1329
ec0024563e059bafe9d7c6ca384782c954652c1347e0386e3635627787c9ad71,1133,444,1577
9ff52b6d1c73ddd6467bd02959b4031fdc60b5ca950f8489688fa98e5e822e13,2011,1134,3145
dc805e85d097e1f7a8a6f082546583c6cb00765b3b0f8e4141ffa433a721f27b,1849,892,2741
4c533491af1aa5c66dcb0bd2c9c539809af70005c8678216fc088f3f3f19cb08,1059,443,1502
37bbfd68d2d6adad3d0d34bb2b51f45f3909354b3c582490a150f52aee82a40f,1167,314,1481
170f9239130174b484755ce0b67cea9777353aa5c22f8edc3fe1d4aeb9037cf2,1202,779,1981
1b4eb64671555a277c7c5834e179a2bc27ea1c2c6fa7c033b845a86398061315,1204,294,1498
2b9c84304fe90ca4751715e473e53026d9112799d044208792045846588e2a90,1261,215,1476
f00e4c3bda0bd7b7d21c3ada0964701269e886f1fd95bd578b48eedafc76595e,1289,205,1494
cc07f93119136b6e773694bf7a2578f0dc13ba1cd314db1a8debbc25076e61dd,993,207,1200
912742577f027185993952fcf58601686d7c8bdffd84674a89f0f3f6b23df038,1291,386,1677
a82593a3a97976d156e26ff4f1d5f26ff5c74d3bbe13584c76f048db32076797,2204,318,2522
11514aae86aa3457ec8b1559d2eba48cf63920118d0fa6182320175ae36230a8,1226,204,1430
e983d6192857387c2b5d59749277600ff4ae85bbdc4e237d0c6c83148f6c73d1,952,208,1160
d26f6746471408c02b5293c3c4a7e8c23eb656421c75c1fe2d69ba6a7be08255,1284,205,1489
5511bee07c4232686864035ae9579bb7d219d0cd4b043b4ade699d09bebd30de,1242,207,1449
711ba398fc6fd38d00fc88a9b030ebddfcd07055d39a3d8f15ddf6883581b73a,1152,461,1613
990c3871d07631a7782d3595ec6e2305e606b55dce3feed8c7948d02c11c4690,1184,209,1393
625446c3a52f44322d666a258f0d13fb78b160ce94485e91e277395760a292b2,1123,205,1328
5901246361a6a93235f19c54afc013fb3f3dc40c6db39b2cb5dc0c07d5535732,1149,299,1448
1d9f42e03a27c9a340dd9754e6f5e8cfd5883632cba29536f2c21c8a8fd9859d,1225,215,1440
a3cff2d32ba3b3493bac44d8a4622963d7e496576e9f344d8b3312af3931ac37,954,203,1157
81b3d9c319454a40ec105b20f8216b78941abe27c7bb0033acca97fab3c22aed,1085,455,1540
95d2f3a3c6780e0640c4d0c419f99f4fc30e7bb648046b222749f54cca824cd7,2200,1005,3205
04a8e9a2e0ec6ca471aa820eb5bc548592bce678e2f761fe16f365d46e78801d,998,218,1216
2873502d342f772ee8ea434c43c097af14582b192d0cc800ac24a1635704651c,1522,449,1971
a104813ff9313809f4d92313765d699c89d51ae4769a9ed433c2e4223b8060b3,1095,135,1230
8642de653f4c1eb097fd9d3d95599538f9b795f21e1baaa9fcc7507b3c68affb,1318,522,1840
0152504a9ca642805524a75ef5dc5f3b0d7a315bbb6e4919cfeedae520dc879a,923,292,1215
370a0a383b04d19d37dd95ed1b2af3157f9b938cfc5d9b2cd597d2adeaf1c1f3,1264,298,1562
473c48763e8bd4f909eb7669ba1e581b3e932ddb2d6a4397e1466b402cdcb5be,1140,301,1441
5866dcbce6c57442645bfbb952a843ee25b9f920ec9c660679329d4be1f3aa04,1165,218,1383
826149b78bd255bd15a16ccefb8e80f576c70411dfab066149d638cce261a24b,1129,318,1447
5d1b528a3f3430c0a07a99c11127b25c1ecb4f2af8fa1c63405f0af7030757ad,1443,367,1810
1cdb356f34161827cb5c9bc7968cdc2f9f55765cb7013523183be0d09814652a,1135,210,1345
92042e0ee619804a41893733ceb8c9990df95aa53e39d9664968cbbdd7bea539,1264,211,1475
b7f1796f513d8db8002b83bbf1db4dbc1d36c47b06d05a283e648b570232962f,1536,449,1985
90310d34e0184e44127cfd1a4d7145d518803ba9e5178e8a254383b72224b11e,1620,728,2348
4a1fbdc53d1e5d94f8750da2c5c25fc29e7898d48978ed801d07b5eecbccdcd1,2056,338,2394
72f70f5b8a7766174256baf3f5075db14a436ea7788b4c9a1967fa12dac363ca,1327,396,1723
8e0fa99bd99e5f8f0606b9a0e5fda9a4eb7ca36dbf0a1fa26143dc11a12784c7,1207,299,1506
78adda6955ffa22e563dcbd12abb1117eedd8e1a085c5ff5d760f0a0e4014582,1055,251,1306
48b8ff17f343e5d87ff0f5bd5375aa099705a1bac78252fe22446769342f0aa6,1556,205,1761
8e09ef91cf2a26255401d82feaad04f197ff407251cb1880aa8344d5da86819a,2267,1209,3476
97b630a9157127986ec9bda9f650bcc5fc5fece77e29fef46c591ffb179b2d91,1317,209,1526
9976e39faee314fee4170d6c2b69337fd0d9964aa9e5ec2400b1dad279979597,1250,282,1532
4fcd45cf456c32bac4e8aefa8e78db4911b30600f2b792fed2bf5c4607db4f97,1341,289,1630
2cd1f6e0bb5fa340cb805e7e6b95d34682101f27921329aca7b9b2343b5a4212,1205,299,1504
66b58d92f4ae28899cddad8600d0ec33df286f33de61e9587200b2360e5949b6,1244,208,1452
66d50eda3b71e18b57b7f0c3223bf0829d3819ff952923e424af0cf1ccd3190d,1461,255,1716
0480603b9bf43374f8e7c61be68ee6d9274add43604cdea65b68799dcf58b3f6,1419,283,1702
8d9d88df3c218803aed1652d182dd31bfc7f61cc9809ceb28a6c2e85b03a7d90,1198,287,1485
0131ccc5b91ddb80ee5aa539ef5401ba157a554b91265ab55ced223d4849919b,1889,2017,3906
0497183b8241660c932fc0b8add4b5b23bfed1b4931be621ba20dcfa04bbb275,1050,210,1260
bf92b23ec4629991eea43c479f9dc490614bc4ee429864472f01220290fc375d,1016,218,1234
d6662b966fb4d448ea33cbd62ed6067bc783461a48b8131417232199c9853a58,1225,209,1434
d35f9050d8ec2232008ae08e3adb3cae4c860070f94731dab9135a9e182e6261,1953,654,2607
8b53f4e5d440805c516f9536bec1b46aaaeecddcaf70a9f6ee18969a68d5c3e9,1051,205,1256
43cb253c2253d14fc8a87199da99c049b3f71edc8ccfd560a022d0875ec7dbd7,1123,205,1328
e8aa0046f5938beafd72067348ae90dcc70448c632c4b3b9f073312c16f6b0d8,1125,280,1405
badb48cf8977bc0a8f32d64fd2af9d0263d706cc1af2f9121e3526bf583861a7,1809,1265,3074
3874af0058b9f99066d0a7b475be206429c8daef29c6872bd0ad130f3b75154c,1349,210,1559
b9cd3ac0635d5dc35d36a640fabf0b4c83ed2b110459206496435ccd878fe84c,979,209,1188
6c1a02261f874fc1e958674b105ba67b8a7b8d0b4cee09a7508ac7c28c24ced3,985,212,1197
2230438f3e6e84c23d32a08dc8b6b9297cdb285631d06cc5cd496d292f9d0a28,1706,314,2020
3f322452c5d09aa81f3db317126b079cc7fe2d5320ae5374c1ecbd375e251975,1586,219,1805
6a5cb0b9a8b87cea8efd8e8e25d1f65c8256e68cef4d8a0fae432bb6e9f2c2d1,1156,290,1446
db8a14f53c7c44ab7bd2fbd689aa2aa9afb17170deac8437ed96207e4e788476,1489,234,1723
4f09ffd83b9296377b010b6b27b0b270a8f37d4c4d4ef9d91f018347b103683a,1112,216,1328
bb4299174e99a3d434f9e2b80d5bf955d32900612179dc8bbcba8df036db3a71,2289,1004,3293
89451208e93a209d15a0d6e0fb83191c388b8c4c682799de89f5c9a7bbf985cd,1101,214,1315
53caec2f1dc59c1684c125193e8384bb85eac811139836eebf6d9bf3d7e91d37,1026,268,1294
f98788d27e3041fc69cea4cef32b4f3e15a25c4a08c852a6774a529c88655b96,1201,213,1414
c56258debe7f306eeb871ed3c94bf580b5ed39ab0387097cb2e84dc5e67a5d93,1755,547,2302
f12c8961d9470e87e0999cd2b5454ee9c497c635fd8ebcfb76993d9d4dbcd020,974,205,1179
c6e8ead4c072bc5e63de9d37bd25dccbd0342e9e724feb793f2cc186c43b39ab,951,210,1161
76caa5f223c727e13e518751b639c4f9305c9ecdfbf2b93edab1293f20f26917,1372,307,1679
4940d97005af3bac9f6ea81a0c4c3a04b65b730f1fc3a8ad6a6fad04522b61ce,1427,445,1872
091be9fb8d4218077fa27574790f278246e1316b966e4307918394b0562d3942,2279,426,2705
a1650ab695e76e3c33a85e33a8da5de16a12625ac6ca43cd44baed91044448de,1029,294,1323
77cf76e5bcf63c51da03f7a9c1f1f6a0f1fee41695bfe721acb17747642cdcb4,1151,288,1439
51d8d0344bf75f71c68b588224b41f21f2bb849ee0954478fe209b1611e520d6,2256,1433,3689
9f88e31b43ad63547e2588ddc290dd9aa26a589dbf2756474859702539bc949b,2133,672,2805
4a2dce900b2ac427f604c086b331ee5cf08534d6a355df4b35d515291c0ea477,1113,338,1451
8ed518925ae685ca4fb60003aa076f18830b35a2a158a21f7e88181a97a22a78,2122,321,2443
68d40ab5f415fc5e23862c4ba5fba5fdf94b911ab48b4bc4a1a2091f135b7a46,1026,312,1338
a8fc1345f0ad81b4f6c01a85ac09260f054d1422a0ddaa1b841593e87d6d8c46,1123,449,1572
23092664c720d9699949c0a275215af6925ca6d393ee6fd15dd120495a2c885a,1122,205,1327
86e17b569b8c7bc65defaabffe93cf7c48b7a8326a5dac87afc15e4ac8704031,1426,291,1717
aa059e2a88652b575462cbc829e7fe3142644d40c5afb4461cea9a385f5cf054,1939,1235,3174
f93a21f739eaccfc6ceb78384a65ecdd7707eac7cd761c9d283722be81eb6b62,979,300,1279
5050ee46107ef733db956f858d01de7e15fdddb29657a26a54fbc5d4024a4e75,2128,1567,3695
869c61431642d807e6e4463dfafb4f2b29f71334d505243d30747aeca2448683,1024,138,1162
9e444da2976f8ab85d8294e92b20d9b2bb2fe6a034625ed25fa1de56c2429e49,1193,293,1486
de6b95e85119980b96a4bc8f6907c889c7e5f6aa3ca4936f576f4576df34c0c5,1751,553,2304
8f2a6c3007d29eeed8cb349d0cb5b8d3eb22a271f2ff6f9f8c19931b76f934bc,2236,1541,3777
d96304186f0573eaf863caf80c7679710645f6b0f99a65b7fa7462a14d75ffc9,1113,278,1391
180faf79c672178c36812572f8f88f3efa0f3547e7a50c5ccdd0d009681dcb96,1649,665,2314
35ed113e3ece0d6ad8765132daf8bff92639bfaacec731694beda65f783ecbb5,1259,205,1464
c2fb28724554f11cac32073735b5b7ee8ba1e7380a92e9d1d046b3d5442017ce,1140,213,1353
e37d836643d0c58ca84bf8b4968f8660d45749efc81facc839d46b4cd66815d4,1112,268,1380
2d97acd86759b962935f0d812c4d48f4fddf80e820aafe022cf85ad978fa311a,2046,658,2704
44576afb8cae5c15620e343d7a3e17728e8082bbc967ae9e806ca70339d9b691,1506,207,1713
b52add1d1db2bf0e39f98311367a817f3be435e3a72bf6536f14a5842495044b,1567,449,2016
2fe2b61056ee71dc1d397d418a8f85735a8d8f2cd86a50c7b1082e646a136de0,1128,283,1411
d630065ce3fba82d33d7e39dac8353a56c9142fb0a69d3a9bd1a6619f16a69f8,1012,276,1288
d1ca8645089c5080fdacc7b3212524fe3f62dbea0a454d1684a3cfa921b61e6b,981,288,1269
ab666e525ef53a85d6e180e0841bafe63e5df902c8a8904e1216896f08bb3a83,1265,208,1473
63e94a9b25598097c75a1affd846e84db4b81e5157000bc599593f9513e22b8e,1452,295,1747
a1edb2f9db54fc9cc318c30d0446d126127b852443617191e06f8e0c397a77ac,1300,1114,2414
e3f9262889beb8b94800ef2eab37617923d4ab059e142cc75c58fc9d585ad7b5,1525,383,1908
1a13f79096480ad1bcfdbc2d59bc90a7c70fbdc948d5ab945ab4e127fa1de452,2312,1368,3680
97ae66926ae0721bd21f3011eb0453320a948859fce080c82c51dbd5bc83194e,1097,983,2080
1a80c79454bb20d3201f3814a0360bb88ff8fdb1869fd1849b9b58cc70627166,957,213,1170
ee3a3dc682a265d462a4931c4dd38801e2acaa6cec7a3e0d4fd7b816f452cf1e,1202,309,1511
a6a4435c5a35e28c7f0ab7a905c5b294318cfc44c49071c21a2e987cfc681ea3,1122,204,1326
19508e9eb2fde84ad4298c2ac8d55fc781f1efb2c5e6b1bd15fc5f605ca7ae34,1011,202,1213
f327fa82deced44d4e7d5ddb81759f580fe97e0964218a3f23014973c315a715,1341,214,1555
52b68e88a8bcb079e10b1855734760a296cd70126a9e36abf0ab7e18aa22465d,2025,1188,3213
078343664392551491b454037235dea0c4e20f5858c520e1647e821f41aa5c77,1002,213,1215
60ac6afc16655eab532d6f3d35402ff35b75ad11d1c80c25518e722e27e40890,1370,991,2361
76949d752f4b2c500915ad19d302e243f403520027bbe91682f0331fa6fd6640,1177,210,1387
9241e1f003ade1344630ab941ef7a841b27c2b3af3c030848eb8dc6515624094,1282,242,1524
51f1a9462b8cd80f7776471cd6f74bf6d26d20ed0e330935bd554ea36005e683,945,217,1162
26df65654a228fc7a78ac484cffe9aa51e6f3d2e9ad1df25a932c8920fb439f5,1449,212,1661
4cdea37821ff3ce2e37203b728a9430eb2731857d3b7f404a9b42b99b3673622,1180,201,1381
a62c4316ff1ddc434e091aca0d19e54f007adec91c3752d63cee86b83b6c3956,1064,439,1503
797fde5d7c32a4936299daaf6d65b21ec32e534ca3b5f18812bf973d5f73c484,1331,212,1543
beb8cd13db8fdb24bcdf71077b3ca546eb8d5c67fd0a616381de7a80197a7320,1741,547,2288
87b7a257b9898bcaf24bd4bd55dccf3ca7c16c3c0cd8cf3e959ef5646c5a83c6,1509,450,1959
32daa43ac1e1cbb02353ab36746b93b236c95e6f51644239184e05767e39e98a,1075,358,1433
75bf75e14bd491242a2de975c7ade465d42c8464ac5c867e03711ec0264e867a,1469,209,1678
0fb8c864cf95c62d71b7ea4c097af8f7ba435a8fa52f0e7c5e4516e34bb4c803,892,200,1092
dec413aa33fbb18b763bc744e309a8f8f760a591dfcf701fa669c97a8e114629,1821,320,2141
0d014742cfe31efb397e88e4714f4106bcf6cfdbb48adbb7e112f865186052f2,2037,332,2369
0af4d24a109aab56ec48a37f16b840950064f3c6050402cee9a1e8f7919c72fd,980,207,1187
161eafb8e9185733feee1e755f170af961d87ec5d9b1b75dbe8e0b0c377c6cee,1177,610,1787
f7dcd36036b5ef7c66c39a8a8bce51e68a90135df31eba475b2d27f8085ea1fd,1123,206,1329
61ea4e03d226d535faf9c00279572b096ef7b07638101f7803c248c45fa28478,1210,208,1418
5158c0a12b10c21c9f13a14a5a5a86cfcd89185e512db518dd1c4d94a3f725c7,1339,210,1549
451bf4dec99a56022455a05583ff3d0d576b22a70d718ca615988019190b6ef4,998,202,1200
cd6015699ab6f037acb40f0680355d21d9632d02f5c279f514018792452f1920,1422,469,1891
51695057c13fddd554e69d3871eb1f797ef9177cbbfac34c500c068e0bbed332,1076,205,1281
06b5fe513340d8c535bc8e1c27800e3daf88ee119d53664d901d080ca52836c0,1261,527,1788
14d1237a422361780a2c76868b1df49f39791b5450e2d38dce38f8df20824a42,1501,864,2365
5d6d6cf0e86ca68c111f5238ad26dbb302cb3284f3db994a047c014e2d1d99be,980,216,1196
df5080db07d1092cd8571ce392770d79a915463cc7e22e5d7d90c616a7609333,1211,200,1411
ca04f0739c8c813f02ece2f9959d04dc0c8dd2ded85b0d688df7b387df17f3ee,1663,580,2243
4bd6697b2310a4926a6ab7d66b73a6762520b273453af59f63a44ddf960303ed,1634,320,1954
4e198950a4c96d700d901977eb08a3fafd5ee290c85a62b5a256b8949ac13035,1015,370,1385
357426e07346a6d890b787d3aa23e39ef579edc3a39f683d6c7854d474c01026,1808,902,2710
7f9c83c16f591df23fcd31eeaae44011c53e2aa7b0207045062d35fad808b999,2242,1145,3387
076ec2038f19971b6691c751d27023226647df8d7f4929f4d0c72b1fba5e6e5f,1361,210,1571
fdbb29de4e160325ca32882f9a89713c9085a687e5f3e4cc3e6b615f60b2f97d,1541,449,1990
f926c10e069ef31330c355726635a427aa70533a11ba4e76f9529856bc2416b0,1040,279,1319
d5bf747a9a52c71a3308f3477142269368415b02d3e0a1bf3893b6f630077019,1576,308,1884
0c9d3cfbf8b2d3ec06076de4915e8f59cb8d4dd6a7ddda63d4fc2f1e2eaa3061,1441,287,1728
1a5b177cf520ac2038d3cad20c026821f1d93e530bf7b46c30dc3838fb098d27,1066,204,1270
31f5c24582e6dc73954a2f0daae10d8adf3ca7eb3af800a0772b570d4cf06824,1581,215,1796
64277696da34ebb01247dae8a9510a1346a208ac367f9e0f75981147b90268e9,966,205,1171
76d953063adf9b1bfec98632740063efeeca4e1285a24dd1806591c00925d47e,2289,1580,3869
46bc5de8f71cbbc3955edb61b698c56e3ac426cc1f8644a71bba1d65cfe06f8e,1787,421,2208
819ce64e2cdcc183716c8da704b1f5e47797c6329ae838ce7272629749eba75b,1072,360,1432
fd3e881c294f668b278e0e00eea5fc3d5887293b13f50c26b5a438c2d90d3758,1539,209,1748
b89d2b9bb5801a3a5eee560278511b742652f34fae310608806d4620e4d2e6b4,1379,145,1524
13b54aaf0c6b18d1c252010a083d1f12a95e73b1f25c5d8579ef52941b7ede25,1492,203,1695
3d3a05161fab4c9c139a0f979429ff954dd090132c12127ad5866be1ba22bcfb,1641,318,1959
5687fc10e4dc63b9683fdbd08dc8d920f702733258293ef3f54b01217dd91f62,1634,321,1955
1488870f1be8f93b70cde56d55842a950cc24bfcc3fc037fb1221ad76af70131,1151,431,1582
6bc72628c7975d987915ce8c49cc90a1a245228e2228e7e60e7b41942e585b0c,1096,204,1300
6653d32433ddc87f57e91b5e6477967558111077f93b166e4b06bcce0f9ea1c9,1165,384,1549
517b653901135f089eba40ec054242ea56c3c52021e96a85cc6c9ecda6ae7d8d,1160,205,1365
3bf0ff138fc5681f5d1fc94f5f0975e377025bc191ba71359983839dc2bc8ced,1486,416,1902
4946752793f4fc0b93092f62d43b8fe57e9e86d57aa1389cc79a7140ad13d375,1926,586,2512
9984064a610de77af8a849eb380dceed095b8473dc8c1cd46572dc96433f4a34,1209,206,1415
8025ea31ed6f243abe02ed776f9ab374950f1eacdf2ec08b470e1eaa47ef072d,2286,321,2607
7ed9bf91eb420952e7b673928477a7873b8e469cf50f1c70980d8720378f5a1b,2194,1717,3911
ae16d8ab91e94e7ca499b6c7e4a1bf76ca977cd952ec20b4d995b8bde591bffb,1659,315,1974
cc5ed7fba7b777095eafbbd21f2eddde2f19d296bbec99633f03ba8c163ec1c8,1225,295,1520
6cbc7785f192260cca4c4db9085d953f667cd2fa0394315400b5cdbc6972f0e8,1564,465,2029
85694fde2b5b249a08d7d8fbd50b1f31bf635548e80b982fad6ed5b52af67879,2257,1005,3262
78fe31ef03ac734f7e5ae0d722f8f2ecea0bac77fb70411d416d9db335519bf8,1505,287,1792
70612d1e47437feea500ad1ae8de58ed0bd2619b923b74bbeabd9ec33761aa22,1123,205,1328
623867928a11eec499eb3a2bc1c11f48105912af49800b4f292f4af3e7549f26,1294,246,1540
fbbcfc4de84669569a27ea9028c5b72adc4b2655c76410f6ee199816fed3f6a9,1047,211,1258
1076c4e2ab56b07c2d65ec951deef052716dbd5a28807b1a9de1f1ae73161c7f,1039,204,1243
fcfa743f647e7af4367885c88bd275f65b2851a2f56bce7e46487357c58d6f30,2197,545,2742
f1d04616cfc77c3f24519e44af24fb37345bd6fe95326a30f163b21272711b18,2220,556,2776
e75ce17cc848c64d95ce13df5fef2e0c05f1e1abe22a83515a09bc65cd962f86,1083,298,1381
1be9400e5697d6efc073bdf7dbb5b278fde8306c5520c96e26b805241e922ba9,951,285,1236
eb9b76478bde53bd49fda28efbed21118f2c5467f35cca2ebd9f239fd507087d,1472,213,1685
9be178d34bc7e9ecddfc95c01202b5e3d91097171b24c371a56530be9cb49c6a,2237,787,3024
9552649d182acfee0c00e4c5fa32c3723ade089623ed089037334e7c2e04a9e5,1604,394,1998
479fd3da775952e95dced595c26779249985a26071ca3c1b599e4839a1717bca,2052,384,2436
1467220c2514d5758ec217f1076a5c49370d91432b49d06dae4e17e540c26d38,982,204,1186
b8d202eeb3d32547f83b76a7ed5a8551149b8bfb59608de0fc2ecd8f5ea73557,2447,314,2761
3d35c1daef29ffb61fea02eadceab9738435ffa5874cf37eba1bc858287090cd,1635,312,1947
8ed72f714dbf7015e4d79413ef99accc759d76994cf9c15d63fc66842512e8dc,1229,210,1439
0a105bb9b0e3fcd19979aab8d090c1028e8205eff3ab22fdce8bfcd8cda1d99d,970,213,1183
55f7f035f494d94b14a66829c5716e9c62b133fd3da148060dba8f96f3807951,1780,606,2386
0920415309fbbf731fdac2b3bb51cb6dcc227d256913de5363be06d834f43b1f,1081,208,1289
6966f507fde6d447c2f8d3244f0d42d1d374c140414216304a37eff3f45a6a30,993,205,1198
4765c1cd9db0572a4bc56574e0523287d9ed1aca205a85fe711a19be3f0886c1,1280,288,1568
863173c9c1a4852ff27dd7f1e8d5ff0b7f8aa18288798e098c82a6a0c17a7742,990,295,1285
5f7a432e019868aae04442da8b09f0d7be5fc65e87eb23bb5ecb3ba4dc5a6891,1781,763,2544
2961ae5fc9673a2a98df21ec4aa97cc71c1651d0126abb8b99051cd5f3a5b0ab,1546,208,1754
08e43398c01eaf1c695449f5a7a767e7de71e51c819b6aee035c94e852a35acd,1302,336,1638
a0ef553f875f8cc12302a7041c544697aeb2015cf2b561cf2b6a0d3956de9a94,1574,204,1778
5a8c5eb8c6999dfa58f19933ab1ed6d012c2ae2310e9346da7879adbbc52c3a3,1199,601,1800
ed4a87697c6d0de0b6e13aa1c01734dd0b30feeae9086e5bd4fa304489e09374,1281,487,1768
7a457db5eddb6258aca76e6df6daa1d9feab2d48939d9cfcf378ac8ca67ee487,1518,222,1740
b0beb71c1bf695d4363f91ad072f6fbbf69f26619bfab7441013d0990f4c3ae1,2446,309,2755
60402b39647e5d0e50ee79d01f612e9aad712d9d24650d087a6737c5eee8c95a,2751,309,3060
ddbf55d74481a09826f71364e783f4450178b5bebc6476ab8b99bac5e358b121,1259,210,1469
1eb4cc5c4d4b18a8372af2e79bcb8888f8cd790c7a7e769f1cbfb55d2c8a2118,2327,2089,4416
a10df580eca14558019766c687a8f7987828f273e9fe30d03c609469d2b16f73,1108,204,1312
7b52e421b42c0c1058eb88fed3d6b81cd519af380d31970f24aa7504cb418ee5,1231,288,1519
506cb50c712920902c5ad601ee5fe3b7dbff3e8fccd30bf8660b2ddf96e00bd0,1246,205,1451
dabd9c1a744a0ffb2c4f8d72ae6009d181a3ceddfa9621279ff8e5331fee6812,2265,434,2699
72fb3e36892b1392730188b94b0859510726c8f98ad67dcd8621e8afafe770cc,951,206,1157
d61fe2d790a0e442707b94c43e2a4b465040fb7c8973f632c2b76d165ee66a55,2256,967,3223
3ffa44893086ac59f0fdc76ee131d04328fa2f59281c70acb8dc033c77a642fe,2237,1401,3638
c28a29baa06a9f81a0ce8f23827b2fb4af76cc0367834973da96a7d2d3172b1a,1938,898,2836
d4cf3fa3b04dc06d99b9b88c33889bb0b588e6bd6374c747340cd20e4f388ee9,895,205,1100
3eef01f7e882e3cef969fba78527535c197250c09d2d019e5d0d976b4db90a88,1486,206,1692
029377fa53310203a92bf1a48d4d44a8c5cbd2d1ccabfa15f235415394e5e1b6,1477,370,1847
37973943e275b76906a718804dd4df260bd18aa381b62577859322dc63ef5e4a,1213,206,1419
94661983ea516cc535470f67595346703b000f542860c6ee9cf2c85b81964991,1424,373,1797
bb4c15baf4eece7d57d8c142c4baccf21dd354f81dc7d07079f9dd41c188c912,1288,368,1656
86c25515a8633f6d1f14cba525f34c56bc997376ccef13ddf0d88ab577fb9962,1151,205,1356
21e5382e7567e370ed1b761d08aa52227aa1668ea709a73e52a5bfada5470948,1123,204,1327
21200893f348427789cf13918e5bf0a53bf8dbf16de8744390251fa699cfa2b1,1377,356,1733
968c5819e7fad2643e390dfd1bf7cea0c5901cc2da5817149bd74538fc12bf3c,1071,204,1275
44943ce8a8bcdec7ebbd3b8b954a25e17bd25e13949b1bac74c9b98a7781ea95,991,208,1199
81aa4acba426f4950383e3d4081feb647a0dcab07ed9d1e96419d5ad20fea1f4,1228,702,1930
d9405b94e89946bb0bdee96b32f6b6cb54d23aa672873339e4b0cdb030e8a46d,1242,442,1684
9ddff0bf3e7210e5b8cf7084c4cca4635b113ae3640e28fc24e3220affd1ce95,1374,447,1821
8b3f35d5fa72e9d7d75af460d64a2527a4a02eed3334e2f604bb9177e77574bf,2429,313,2742
18fe4122b9fd516db2dd343aeed6f95732fe1e2599b2fa0828a837997ec85495,1068,209,1277
47cb599dcb268a8b479bce5f3e1dd49a00ca81e7ec9de656c429f279c44b8e8e,979,214,1193
94c54e04bfa1b48a69a4d384a491d5991c5eeaaea0ac973e8b12e0df19dc4482,2338,1019,3357
743bd3c09fcea4a366d40a77e0d792ffc8e15aeaa0e4db57d43e0e19a4a27c97,1026,208,1234
bcdd0f1ecbb64797227a612ba25153fafcfdfb21262de15ba7ccd53e376365e9,970,244,1214
513c2e90676c65d5b37809db66e23ae43bc8e98c8a1801fc01003d665a987cd4,1077,322,1399
7463df4e00a4b1dd4530a0f44d014f083d231c4d8ac284d76ead031ad0c82b91,1735,316,2051
49d528a9128b1626ac424b3639a186f74aa96bafe2189e5b259f9f588bd5b2d3,2184,766,2950
9eec010e0432b4a044252c4ced2c58046e92f9bc5374d00e0d28d6b1ccc599be,1119,300,1419
3fd8da17f91170f67849a9f7b7edf5dc4effbbce5068d8aac4463fa3e7d41640,2038,420,2458
5824d7d33077f9631a490593726580b6b43f777a9e4e0f6bc47f2abca1677c0e,987,201,1188
ce53588734cd4023dd4642695d468cab20564771da7285cb19c4d60a193f4c2e,2039,1289,3328
7cbaf97f5a39d4f787f79b5d5f74ce96de4004c5aa66544dd92f1cf05a020054,1951,423,2374
cec7fd2e81aede17a9bb7d776148450a035cd97d75abc707b9c50916bfea598e,1399,376,1775
1c63ab3baeecc243352be7c0beee69c644c1c1490baaec161e6d36616752f029,1117,212,1329
74f1aa65c09c09a00a403236e62277bfb788466d22e091dd9f6997e8726e2187,1358,225,1583
e5a88acaa8315a42ff80ee875bdfe9cc0aad17f00c16017a8a853f6b1513a2b2,2240,1009,3249
3a5fcd75c1000b79047e1c3f887d428a10a8e900c7e62de7628f4775a51826bc,1188,205,1393
e8694bc3a460914457f3e016ac95489f834a1b95976e70fa9386e062d4165966,2685,312,2997
8f3163604457f0c01dbeb47c58c4cdc7874d808997ab6c40248b45351de93fc4,1123,204,1327
b3d0dd6a9b311ce4eee2a6b8892d71ae55933b7bf0d996e715e339a37db2708f,1802,1139,2941
7d56bdbc4db7a6fa0a310e6a445961dbe7575c085862316a06954f05c39b5320,1277,214,1491
607abc0adb3a5e1a2a7016ec46ac0d6b959fa66b7db3768f597ea1b00b2fb928,1668,425,2093
ce24198c092ac8d0d1f91f574c9b50cf6b6fac37921a954d42d50f042fe3609e,1252,320,1572
7792339befb4e1abb4c43fa2925b800ce9f99837a24bca07b9c064b5fe9a1c73,1037,224,1261
970283a5e07695489df78213ce4ed5c48987a6182548905f27089cf68e9d938f,1045,203,1248
8e23044336ee62609c04ff32d94e140599b7bc5a1775ffe994068c7256fcf134,1103,203,1306
53bfc62598a1e62e20e81a050f80b8cfd357e0c8abeb6426feb08eba9d5dd7bb,1072,251,1323
34f40cd53467d28f790f2d0cd693ffa7ed832ab152d1b4cd93d12660116ede75,1092,445,1537
5855b5ca029f8e0b4af8ed0f1b7614e339041ec5a9bb98284e093998a102ad1b,1156,290,1446
8fc9cd7c9d87d14b1c0d4bc61e6d77c52856effcb51397f22b0bde7566a0585e,2271,424,2695
48bc536367d6378ef7f780e26cfc2382fd7e30edd979c3658fc00cb6a7d1166c,1617,665,2282
367e21066660317c853fa6d4143c454ece07ed04c31e1f800250987d5c32ca97,1126,202,1328
f036107df2a34fdf4913dd0b285327344c32544df14e2be1edaea7632a12af9a,1128,209,1337
02b5150324fb626abe7c8c37cfbe7b72dd21e96f17fffc87468e53eded2e5e1e,2300,652,2952
0a5089e4345b571d555f24e4ecdc5a68298f0ad20240cd8e7e61bbd014fe3d86,1514,463,1977
98427feee10cdcc1cc2adeda290529984b777588444b15f826358487c0fa6c6e,1069,206,1275
cf5c69aa3e44f61562df028d41f661f0124983803afb6f57375640ed67bb1812,2068,461,2529
9c339ccf4011d1d770c8df4eea18d5bddd68a1c8809f5468da91fbe6e3737ff9,1468,301,1769
420d73fa86e4b428b306fadbd1f9a7d4529f49fcb665258ea0054eb32f90ade1,2259,943,3202
ad3ce005f10bb5c884083560ebc6ddfb6e7bd167e16e8cd72c1380234ac5e5f3,1085,207,1292
116d6814fe989f1d561198892d347a49bf8be872bb0a33805e68b3d51870b15b,2329,977,3306
3c9007c5a9e35fcc0be28e336a99b352f58621e9e66eda6c868673f886fff45f,2253,346,2599
6f642ab08071979a496860024a421762f2f3d852a378fc942f620c383813b240,1246,318,1564
0e0b788a933e6194c74c638070c99b59e079cdc9df5090a12185b56441b987ba,1218,311,1529
5f6a358a93dc7faf68b3f1c483208433b23c56961538c9e39008e83dc5ba839e,2287,564,2851
852e3273487d36c0ddf7a1eb5fe07ff0084faf272566f820f141360752b37517,2151,1880,4031
3180565f175da96e2e59543b29e9a8d4ea5f61b1e24b47e6d902a9a844d05653,1441,294,1735
9f2834656e9ea2ee2443c07f90a647e1f84916c4d3d12578995ec5348baadb3a,2329,541,2870
62786b09100ca7ef12f7293598da3ad4fdffc1f0bcb482a3b1f6f2726b4d9a8a,2253,1131,3384
3581636d468f0ef5e5afffd4e1eba0658bd72de79889bb9c0b9b5feb3bc8cbaa,1388,292,1680
d756d649230a8cad15f6e4f21b4be03cba3eca93e925a767d9930930f050eee4,1892,574,2466
c36a3908e9151b16adfb9fc4d7ea2814f69a72b30821cb0babed0b2850363617,989,222,1211
e1d7f52c6201464a3a55cd7929d494bad11ef84b56aa31bbebbfb1db0fc7f2c5,1123,207,1330
a2688ab621bb4bae6da4788fb6db41d1cdbe14734976ab282ae1c99115692dc1,2027,1978,4005
5b6b0d65cedd83efc9c9611970c921a8dd3d722a8b1e2a5e414b9a900d2da217,2258,667,2925
2e856865a5b40b7c79bd5352ef5ff03d45adffadf88dd35a620b0c279b6ed7a6,981,292,1273
02b0bcd0819c97fac6a60d44375cb62d9ac7f496830d9588af2e839df69a6df2,954,208,1162
b1f4dcd7524cf78b560abfa572b015e2ee628323d01ff8063a13c2e54ea4af96,1221,221,1442
a7d1236be3c9b24a4d4e32e5e77a02001a20e4eea28c444c878eb46abd85b05b,1815,1381,3196
ae054cbf89f8bab9e237c6025eb8607f42adc197bcf5a5419cfaf88a4b99eddc,1251,301,1552
8077b0a53f9da8d336944f9cb55add01ebf0cd0aaa8e54ccf0448e3c9e74312f,1669,549,2218
23b3cd7df5eabd51f0aee8b2976376a2ff4af9954b15b8778d9b72798c201290,1143,523,1666
fb1d180bb3fb6e68f4ba88972e96a780653439652014e23be3d673e37284dcbe,1278,215,1493
c4d33deac363774004cc23be66d50196b5b6e179180a6c71c15a7b3fa4eabf82,969,278,1247
d34445b8127264919cd6d3089c277e8e28e3aadcf63fdcf7bda724c096089ac6,1555,317,1872
e5b4af8cc6ac47bf4a7ed824e332e32d3514788e9a994cae1c9f7524edfe21ac,1497,458,1955
ca0ecb03015062fd99ce892e2167616b60a51c42371b52e75ef70c4c90842629,1371,504,1875
f92cff99a734e415f2bd16b2d05e2103fa2031f3f2f77416a40c173fe51e0dbc,959,205,1164
397337f568fefc3186809e0bf94cc457b96214159a17b365172419ad62dacb1b,1377,218,1595
da3005dd7fa4554cfac3463da05d0b18d4a96aa442b47b9244e9dd1a0570ac00,1175,214,1389
a450b849ba38026fb4450c346abde47d96ba5dc09a8587a1543b0a4c9cb909f7,1584,211,1795
36a171c900eb02803a9a3c0ecb684d9f33612b590ba26be00c5e2b0d9187b92a,1258,204,1462
dd8c3c2706e143e7f0cf5ee44156f8cd12249efbb4fd5ccbc86f84976282b572,1114,600,1714
0b594643224667311feee241e6b6fb73624e6ceb89eef1092d487c8ca66bca20,2276,689,2965
928821e28b37b37dba2d734070c585f637db5d6d150a6ff041871249af0abbc2,1745,350,2095
bad39921fed63b7396182947208df6cac9ba1602500bac947923d0cf141161db,1244,289,1533
aec01ef8f49bf0a5af95c8876f8a0c157ee867dfdff14ed001daec9c135317ad,1016,210,1226
9735894f5d0088e6bd082c332909b2e84b19ca0af29124adb0f7c6b0036a0e53,952,209,1161
b554979f7c5f0bae92e71ca206807036404ebde13d1abb835ff9e4aeb9affda4,1023,230,1253
d035723d22313b419d8b445ab6f71528f9c9dfc8e900e755d7a9e5d8aed8236a,1540,375,1915
5f1b7ef2d9e9147c687347e4717fd71c5ef65b877201cb971d854a37d2218987,1715,855,2570
cbcc35663d38826fdd5e4a36fd925fe58c10d2de38a9f5e3547f13ec4c526927,1062,215,1277
4d4860621a19bf8d3ef1e253b7e6ad119817eee3c787b8491e56bf712a505e50,1939,335,2274
4876cd5c55e61d8212e02b3d056f56d2f5281c5275c9937891d04395dbdfed22,1310,209,1519
8f3c33828034f364b0561adbe2a467b35784f17905d3fdd7fc8ca3b42487abca,2373,319,2692
19ef7212a9709dcf80c00deec415695d2033e60e08401419a81aab6f6ee7fafe,1123,206,1329
f4ec0a7c03a37c8640149ed25511d84b5e44f9384944bc9c2937a474f2eb97d1,1002,214,1216
6eb2e163a4681ae8fd2a916b4a9d293d4171f04420f586dd7a77e284b78bbe00,1566,450,2016
b0a5057ce9de2eab0610c40bdb3ef73774b0f9b4572181ab650bce1815031114,1046,258,1304
43dda30bce223746cdeec2bbb1438e6e4f117eb86f2796d6fc810961a1d9406e,1760,772,2532
29d38889cb38a69e360f42d3126cd411f90cb2aacb6c52694c8244188256bc89,1011,205,1216
53ebf069ba2f9cff155195f591d7dc8cf6aa0a0b43ae357b688554d926697849,1243,137,1380
a845951553b778d6e025d65eb7bc900f8f85e781cb2d487b77dfea75de738e66,1594,209,1803
f44f875b169c82db849779daedafeedf36316f2d609aeb8c502c613f9d7dc494,1908,675,2583
4cd3708324d3e937583d53e64dac8354b4c09dd389582f50e6326c44205a2ef5,2276,1193,3469
a09e8a4a56966fc13d7b81d85dfa6ae9c0fb6d7ee774dbb0eeefe0fbd51b0d4a,1697,312,2009
ef159784e7595d28b067eca47be1453549e10325595e64286155d330fc61e2c4,1994,550,2544
f9a939446a30e606a6caa961b4e3d6418e33db023a133de46eb803fda5eb1a46,2359,556,2915
109e6dd90c03f5e5badbd3e8e739665fb1994fa803f3beedeccc37fac3cfe70f,980,228,1208
9c9df2b6edcb10c0230283f66d1ed815d84af670cf2b1960a08454e0f2d1de03,978,209,1187
60dbdf832b793ffc75a10727bf22886cae8627977583ae439614272fac3c3feb,1333,211,1544
bf09e5cee8e193646168ef27599dfa7b919e5721ef335aa1a8f81ca0775da4eb,1047,210,1257
16a3b2051ef7a40baaad43235156b9880de75cbb65d868f4f6ffc7bdb5298344,1384,211,1595
2417001c8e9b9d27f9b96a199d0cd19ac1ecfc63e5f101f11a61b3d6f2ea823f,1322,540,1862
266258734038552752272026fab8f017a71acc1ed82e1cf3b979779723f5c1a7,1310,204,1514
23ebf43552837322d427035392b25b7063e7f58742990a6fa9b9f7e7c6dd6db3,2036,547,2583
24739f1288241faf8da650ba4b6f86dfad19ee90dafdd296681979945f400018,1341,338,1679
9ac6378cb57b735e4dc75483b4ce69cf8b4d60ccaf1158fe0be282dd6f3d8e4d,1350,204,1554
d8878dad960e2d073cb33aa69bedb668dabaf27070c06de449ed080649763811,1123,205,1328
98c04991c5dad2852b961873bdc1862ea7b847bdb738660f8f2681d996be6fde,2343,1274,3617
796533e3da9a9d28db2cfd3d799ecc4fd4e9321a3a64fe519424d4b80e98554f,1320,204,1524
cde4484cb1d78c29cdd74762445179491b235ffe747c574315ec6dbf15c91737,2307,312,2619
97181733f34a752745d09345cdeb9df2a3e30055c359bbb780304dea1bb03059,1910,312,2222
82c87ce0bf6ef9100697185e8e311f10c26f012b6a29f28d5f4133d4ca0b638d,2201,891,3092
7875557e525ee4eab1f6dfa1d7dfc18324e0535ba85d1ab8ce155f272b5672b0,2087,335,2422
709957de4a03f3a42d530c73bf9e44dea81a59576a01e31fd352bae32d666093,1156,324,1480
8738fadf821af870237e4a729e77e037366e89fe4489a3e51901b9c829af3c8a,1241,212,1453
f308f8bf0cf8988e31c78672a27fee69703b07b77b463377afb1eb24b9530925,919,206,1125
e6cc5d24fa8850ee511cb320670f93d8ba47d18e523d16fe387f10d5603220ca,1862,316,2178
cc4adb9dcff635006b310ab37ccaeea58b5feb0ef4109a98060febd75aa0b69f,1017,208,1225
5846c1a1c57ee540fa10b1d1ec6e8a76ce119519e41b50eba77d0dc882492b77,1244,617,1861
3ba8d01c8c58f8d5009a98691843f2ebbe8c75ec0a5dfe02c2b256c5bbab9760,1305,209,1514
a8f85d8412b822ea81e1e2114e8f9277a73404cd9f5701616099f9ac03638ee3,2394,429,2823
c918f5a75d5d4df659f2c9d80cb40ef1f1883fa751a9e7b4eb9acbb9abb66d37,1388,213,1601
4f6eede79733e49b5374f07fbb4fe6c9b8ed1dc0791222064c4dfd5b92cc6edd,2001,938,2939
050bc383d533c8997035210b706523ce38be9896712302a40e23e97e8fd56a93,927,204,1131
1cf777cf1838b5ad6ccaf60fec3fd9e1ff0d38f48bc4ce48636d36c06d43b834,1746,312,2058
7854fe13c7d4007b300dd4aa32b724b5d9c94340cff90b717a8ede711c3f7508,1298,881,2179
34e1157d2b2b75659d04ce718aaef23e1546353bb2301c3d6e504ab270461caf,1280,210,1490
0b004bcbdfb9fd640465ae6232da92f27e4acb9598da68fbe045885b8480c012,1259,281,1540
26777d4b1ce4cec0d644a6c6ce274bdf4e22de7435b1ad53d6d284fbc4323e83,1610,449,2059
693166e2c57d0eacfa7e1a103c10f07b9ccce2d850ef6d06b24a5c16647e2f22,1170,219,1389
fad9c8830eeb6152e81be05bd5debd4802a878e8f7cbd4bd43b1667a91127083,1470,367,1837
337aab2032ab3d990fa5ebe95f6e64d91973c5760aec7eefe3efc8f09cbd5af8,1123,205,1328
de3541de94ff03dedf84a5bfcf899d3dd76f2676f410e36769d5345866d758ce,1049,385,1434
6ec57766b061faf937fb2a0c92057475cf315a514e82137901563a9608a2b037,2141,546,2687
d1a49c062d24c109722bdc13bfe3ad5472f2e84f17b95f5498427814d5b99fea,1255,208,1463
92434f3fdb4866a6f08513eba19fa98fa40ff9145298bc871f9c82b04ab27165,1110,212,1322
6e6b828e6aa44471f32725d84598bfd3b8fe91d2643667747a1e086dff96fd71,1217,214,1431
f5b643e102bb54529b5ad1bb518ca9c700c7627eb59cc818e34e4d7115aae91a,1282,209,1491
352bec6169004fc95be33cda9e123b6209fab29bb17663db34ae7f233f088f0c,1934,432,2366
ac20b6f9c4733c49ed45c07e3d1c2265351892f984db01cd0b4452a5515f623f,2292,1690,3982
2c3a7105bd2c5c4744c06cec525b884b6d45f2d7de579184960d1156815e3acb,999,208,1207
0994e2f7d89a6a36cd9297c9c3d68ebee6dd41bb638febe3063a1a027720cc00,1264,211,1475
ba7a3b32c4b7cfe94a8e122f4f5ca8a3cd15a278a412053f57a59212f97ab25e,1086,460,1546
fa6d497d779c9c52c223d64c13d01f90d4190d752126761c8c4937c66967d3e5,945,210,1155
7d51c1e861d492c1b75bb9c3fcf7ec103826c4fb7c68bc55b3045a994d5aab62,1010,212,1222
54915a64831212c91e0ab7f6af68cd5155599a6bd66d4aaab8d85f0bbee4d5ac,2063,313,2376
0458f484debd22d2e6b5efec7668c082600e0a5cdde7ce67ce5e8bedf972a108,1229,212,1441
5f81ab72b39a6ff2d75eac026bf1ed1dcb70138fe8698ea5700f7c72473c79a4,1439,1043,2482
7f44c73bc6fcd4e0e19d26ebcc51a929778d5d624e519e2a7b672394719ee7a7,2228,1026,3254
fa03abb383e1ac15034c73360031752ec6504d372caec6cb80113c9070075a53,1519,212,1731
26aee94d966658cdaf0dbf049266765246cc2c61be6b0f96befe73dee3353448,1009,394,1403
26b50a3a5f824e3cbf53f3567b692694b40c08145af5b5a035d5177592cf23fc,1387,295,1682
16ea3c29b414265454a38cbefb7ed5729bc6fa0729faaa43b6df8e8c61f3c812,1285,300,1585
c5cc725c67c277bdc85f1cc7c36cc958b41707d68a1bb6f7c550d6369e75b775,1888,1052,2940
5b1efda2d94115371fdfa610cdeb0488b7cb27ad0dde48fab7bb0eec89526796,1186,210,1396
38ae257bd094da3490955fcbdf58862c97a901da49af99ed36874603ee73e920,1556,293,1849
7cccbcd80cdac83f135aa5601be6d56b32a0aba861d0d5d58641e812dd4ec8d7,2297,613,2910
034e3d6672b499571084a2f5991de2c5450b62ac2cfcdf1756a0910aca63c233,1400,997,2397
b441db1f7ffe8c53a2533c6b4d680c99b99827360709c5a1910ebf94be21e82a,910,208,1118
417fb24d29689a1bd3eb6320615148ddf61cba1f0b5f6f790307fe7b28f826b7,938,203,1141
9b5ada1fa5e9e9a19f49b89ee4f4f0bf98bdd968ebd2b41ae2407ee96c266803,887,202,1089
da056b1c4d9b10e6178f33d0f65877bcc55a9ed82b4abf3a5a4db66350831f5a,1038,672,1710
7351a651bd0067028065f6204f390f445aec0bb0ef35310c386608731185fb82,1026,216,1242
a8a5be2f4c2cccd7fc7e86a904912f2a60ee59a8a6a249e8410a4ec4ddd0a82e,1597,213,1810
deb3bfd09f013916a03766c00d03eed16586b24c0ae984a2ac46acd2a2c129dc,1228,209,1437
769a62887eade03d075d47103fb240739ba0fc7a921f18da6f2ba8a6ef4cd8c4,1504,525,2029
33c66d8fcb2ae9eb99dc5b51b3f2428a82bdb2c15c88a8fa51b6f85df595bd2d,966,382,1348
2bfbe48d7982554407d10db3a3bef8327447fa377de8b9e719d48db7e205ff3a,1123,207,1330
d340781776fc4ceb8f31d0d1df696c05155e4d312bf9e460e00ff48e01b33be3,1028,222,1250
4221909ad8a9e1c1ad27b74b4d0aef5a9cd0e07ce7a53dddb906b37b18eec95c,1415,210,1625
7f05a011438f0fc3f842681b7d8523d3f436277eb499c12dad6e2ac82783be91,1233,210,1443
6795587af88d1a0e54e31d242fb513b456153b50920cdf9102d48f8205007442,1100,206,1306
52c0a961b4f8ad1bb412c69b564589b9f17f0802e6e375fc2ae6f6c20d3c1f38,1600,449,2049
310cfd7bb983bcf24b5d910e148d7491f850e2ec8d7909102508e28479f23ea6,1537,285,1822
36b0436b053ec028cffb9b30109a5921f38b7b2a0ad89af068671722dd23b193,1616,591,2207
fed1a162735a68e6429c2082c88677b88ea89b9e33a392dd29c06518f494fc45,1085,631,1716
e2134a8af552ab588301f39e2fcd942bbaed14e8aafaad09c193acbc045fd4d6,1262,210,1472
0fe1af35729ee3c2f09d9119f02a490e6a3e34e062721b8fd6c50d8bf962469f,1301,222,1523
3f6d4a84fbce55b12aac0be83df5a662b3fe9d619e08ca63ec7f2b5d9fd7eb57,1723,583,2306
cdd75cdcc0a5cb5d1ac6f7d40a0e3052bb07e4b04a69899d7941da307c63b6a8,1249,210,1459
07b7da793e7796122772ac18ea8a489fecc92b04ba9a32fc0d0881767d56f89c,1893,312,2205
5a66428bbea11fd4ab891e8e4d95d9f4e513aabc7f9077edeb447c129f12a097,1170,217,1387
04bb75e72cd48e1c21eb68127d4769a5fe6a6a7bd011ab11d411b3c7ff7fe003,941,210,1151
b7e6d85d7fcbc1e4308f410c9e4bcde985914296ceef5e47beefd83649a916e6,1835,542,2377
1423f321ecae84b29605de5b2409c3024548dffb7e56efc2c50073a494db56c3,2171,557,2728
3b4923813afa9c5f8e6579830d7ee16c3c7a5d4e1d4aca63592e8351d655b99d,961,215,1176
d8750252ac9f969542f1eee18002d4c873b22766968dfa7a0d562206e85ce0e3,1123,205,1328
3b73ce92689e88d0aa54ca66dee7546b808f4ee53094c81fb9c629877f92f539,2175,1120,3295
f881a14c4041de5aa2a9943b791db52162a4b202d723bd9c0036306c1b3fb260,1012,285,1297
efe51820c899d02f7379097d171d836974562aee07f9d4c701a060cdaa2e425e,2295,899,3194
44b14fc764382a9abcce5b5afce405eb652e8963799298e4ab4909fa6869b393,2141,1466,3607
90e26424429d1e1f2fe1e482983f51ca33a76a2e984d24a9203e05d31d8140df,1087,530,1617
be2902f9b3c6e5a2db4f55dd392d7a1f25864fa2254f10b4a8a5712ae054e785,959,218,1177
db3512816ce5c658e2f7557407511f0715b9714ccb9ef73646e3bb60efa86106,1769,795,2564
c4e906b048eb368703970c5a1965546b30b150b3a9d0dfff52b2884691ae8771,1210,293,1503
f1e0bf8b49db414a55d4af2c556457bb85828bd26323b4287ff5a067addbacf5,1543,458,2001
b1a4b64a523ac5dac6cafd06bcbc925711771e209a9a1fea8d098239dbe96bc0,897,215,1112
ee72673f1a5b44296a501bf5748dbe12022b747e39f87485d739934b4f1ac681,1928,1173,3101
ac6e0387b914ac61f43262de19982bcbaddb10c6859357b10adabff2adac20e6,1023,207,1230
bef72b153e2300d8f176b3bbd688ed34d51596dfb830103edcd7d5b0dd1b40e2,1297,222,1519
01cc60ba19702d7321bb142b055244520e7325dd962c81f8565d9ec8b960299f,1009,210,1219
a19159e0ec1c14c3b843c767a58b8346689578e97e5e2db2c6211e7bddd410f9,1151,216,1367
1b906dd514f3419ef5184cf4716cf35b8dfa60ad284c9754ad03ea737ad5fd4f,960,215,1175
400ef438562a1b180364de6242d2b57861dad5441172ca9f0d0665159b409982,1239,208,1447
47bcc7992e8bfdf8f22c6c0ec09ed89589dc9f21782788347f54bd7cf709ef4e,1262,213,1475
712be4a9b303356062c9998adf7bf2f03844ac6bb6c7e7f87fe59d5778154429,893,211,1104
77b409c44d1e731edf149fa404c14c48f9e2f2f2a0fc288bfb4df81ae41f0e7c,2280,824,3104
3f7b220c9108e46e73299625f128a49de7581b1f92fbccf62ebcdfd24a9f2b17,1925,480,2405
ac54d659b4fccd4593f74ede2af9ca2228fb6d6a088b8c13199d414a28bfc40c,1973,1325,3298
9765ed5e29902739b748d2afdc228ed84e6cb36c52de501399702f41c6930802,939,205,1144
ed332b7d8c5e6e72230e3073b3ff8d44409807a97ec5c69dce891beec22fe8de,1127,205,1332
84d0f39e097e938fc8b7700b5a36769f8c5daab9bbd484ffbad09e8f8be01bb0,993,210,1203
edd91c2e26bb48e934e8b6a2491db26505f5b1ecda8354f3c491a25a977bb62f,2411,651,3062
e986c568552d5bac2fff1860814160d4e0639e3b7357197baa62d5ca2261d109,1513,217,1730
d7bc83210f1300a42fe78c72b7d4f8aba087a16a626e45c014f8e89834c50678,1167,217,1384
bb2d5aef42c51809a578b57a4770833cca555b6afbc7a012dfbaaa82e91dfd6b,1505,375,1880
eac100085c833ede5328d2997305c79b08c9736551c0e6035fc80d98e2d35718,1330,213,1543
72d9754e6112df51939b12b028c80e2994003186351c33e62ea950c58a441ccf,1009,205,1214
5837bb680063d7a0fed979c2ba936cd38cfeb5b9673b0eb2212581dd975c1f7c,1262,215,1477
9c4e8aa72b91830d086796286da6c6632ef419f74b725da0dcb5ad0a0feb6471,1470,453,1923
adb8f7150e9faac7f5de7d51534d2eff793ae8dc15a2d6204af71b2512ce4aa0,1789,784,2573
b54feddaa98e8d80c5fa03db0d5ce33d50a2c781d286d1bbc5cff6c64a3dad04,1126,214,1340
bb08f4556df07d0901aa7399c020c3b8c3ab0ca6329d005fafe4cd779effe6b1,1967,556,2523
d37f7672920f40346e70dc23ae8688d6c24c15de4d8b6c353318562b6562a8fb,1114,524,1638
06cde5da5f77a22e4f69999817a691e32f0a46473b7e320fcc55bd6ca084b868,1128,214,1342
ce641fca1dd5426642a11ee8e808df44736470c1a7cbb8c581a79f1a1fbf3173,1255,1102,2357
84b2307d763f067efd86061008522854490b5f290b79710533337f30369b575f,2227,666,2893
68b5e4d073e81d86dafd20fce7c21bfdc6fa9a8851297ab02aff030815c4edd4,1227,255,1482
62f32ed8647a32337c3a38d11e460512a574ebe952de98fbd94672a5ef3eb773,1491,608,2099
6776ba624cb2e8621d3d458626dbc8a01945d5f1f6a4c2ca5bb824498fa51c7e,1123,205,1328
d63682cc5d2dd43a97672fb51db378d0591a9d8d3445845a0968714b40059dbe,2258,929,3187
9c4ed5f6730bd9b8488ed8ea93703bd13736313d5773818f43990558e6586cf5,1789,780,2569
309b6300f30563b6b884a000fbc52fc8f27f193ce6fe7facc81aad41269dc7d2,2411,381,2792
a2e89561486d847b24baba0b664e1efdfa5e5c96132ec547ac311dd0f8f0b672,1527,462,1989
58c0358a510c691bb676679d643714d5a234dc74ae98182be946653182714203,1123,205,1328
c3ef9607ed07dae475bbe674d66189c40cd8c32873250270a5e0b9e36fdd5b2b,1161,217,1378
980dc6e8fd6a58a644db5d8d373da1057e3332f8cf7a72c4286a2c8487aeaf6a,1074,299,1373
3c9e9072937f9c1bf937cfe1626562237ad6ecaf3667c3572a6b5732b589fb09,1518,199,1717
8aec3171e002df68b46e70e8688a205c03fe47034310a094c4e99fb0b000109e,1198,370,1568
9e935660366396cd7b166d2d4c9d97222cfc5d6617f2ab090720291c2a4b6e31,941,368,1309
1f950191d103be027d1f7baa7571501a312d460ae359fe48d62c9da0ab0831d4,1131,212,1343
f7e68b1fe7e05b674c621e6b07a3d854b02f30dc0553810c6556e16654d5b1d1,2193,546,2739
f75388b1198228b0e38ae04006d458f2dd27a8ba33639ffebe19e424874aad37,904,201,1105
9d36d6333559197e7b9c241dfae09b56de3d4f76d4bf6697e8a93e433ecf4b6e,1167,315,1482
e0f2e706ba734c81352b4326f97941ab33a54d1dc90dea8d1a83698ca3aa1c3b,1730,664,2394
06076abbe5f0cbb109a4f65040ec06e89afd67df767e2a173f34f848505f9c35,1647,666,2313
579bb26a95d0bc4ea683b637e7ffce32ef2ba91445cb30543eaf4e988a3f3644,1228,209,1437
869bea4a6b89124b82051cdd0e385ac52a3599523e5262193b8a8e0599863042,1220,288,1508
1f8398305aa67b84ae0161ceae3ee09476a0133c94a6c8aff54eead9beaa78da,1479,447,1926
ccc13181ed14ab0aa9b1d0f8632e82e7864ce64740756c4fce8ba11fc318b810,1056,295,1351
a73082ed34c05782163a5010927a56625bd5444a41ff172691a4f20a43aa1996,1177,646,1823
06371516bed3e0c75783c5367ef26b3195b6b75944d7e0005a2b300b5fdd114a,1110,217,1327
3595536989725f21c05ff45dfccbed99d97161f9ce408c4464d53bb055510e54,2345,866,3211
35c2e760630ede162c25c0319a8f86b3d3b7d2244209b218fe07ec407bc18e2c,1552,456,2008
be6e9d73ab25601e2bf60160f8647e979064d7b538deab200335fec8c97ee9f4,1168,289,1457
25d2ba05ca31575f8e2d62862380ee7b62296fe8e92aa61687e846154ee7fdf6,1391,213,1604
333818c32e63292e7e7e122c00e5a1aa2a43d14b3ec4605368c30fd66e41782a,913,205,1118
470df8beb64b0948a58f02074aef0160f3461b8c629373f7321cef6259b66bef,2201,671,2872
a045992a55ef9783b20fe6ff43c0571788f0e9dc55facdc43483757e41bb63e2,2192,1743,3935
0c497da5ad556867dd7857253fe1c63d8b78a2e17e380fd2ad9e648925b2c4ff,1210,276,1486
d15cef78276fe32b5e054d72fc58a2212590e5513e1f35c59a21f421c6eb5a21,2134,1117,3251
36a07e9ef5d76cd6eee32c5e9247e79e67379c40086a7ca1753ae740cd86121a,1549,427,1976
872af42026af9b5301be30e1450b2ab6ed4b657d5b50e1882877b859e8299787,2265,902,3167
4dff6bd78fbeaa879089537da30331769f777904161026c97ce3dce43156cc53,1356,298,1654
c9450c526cb333d4a63f504260fe2ce53bd2566ec65ab057c5ee46f9ccc33c58,2310,654,2964
0e57aeb822c662c1a7c37eab09d6405c9bd346d1b13e150bf9ce00243ebd24e6,2335,318,2653
da2fa94b664ef0032df3b3592bfd790753d22a6826dbf7e33c07df12cb843838,928,206,1134
7a28f6e17fb7865967cba1744f84fcb3a1354f1cfe9a35f2a9c1558c7f15fffb,1435,210,1645
89b64241446bc1dc24905e531167d2cac6bc79250fb83f0f32dcf5d57dfdfafc,1493,214,1707
6fd7a32ae4439258368fb16578dbb622c2a5a8565366a7cce9f7b0f8303c9316,912,212,1124
227c2b27f4c0096bc9e53218b9a0ad41f14603083b533690b8020eecc633e3d6,1120,205,1325
2950b9329adea3bcf7919de1c45c18f96390ccf199c40fe62b114352a1b766f9,1791,661,2452
9acd65355a2c0d729f0a99a64785998d99591a5b88318d7ab2390f4b4acd41ce,1015,304,1319
7c25407dca4b51ca1d6b6001519f0aa2db42f02affc14b67a10b51edb81cd026,1990,667,2657
31a16f865aea8d8b4dc4d546008ef04afac5e92e1b2b001f5a82e219601b6aa2,973,211,1184
37d1129e21f2508fda7a138b8fe7dfadf320851616830ea001b1aec7bca92348,2109,1182,3291
5277957efd657e8b2548fd2f04132fc81300408a8b8c47ec89a904ee6ef0b3e7,981,217,1198
40bb8f45d6ba0bb65e206610905bd70e14ccfe92ec61e6bd1ad89591f36fc4cb,961,209,1170
8e7275053d5a1ca62abd0db649ca40af044fedc77db2e29912c1e4a893227f4e,1025,214,1239
2bc2e59162d9ca5b58fd37dfd577317c6ac6668f2d0bb865e84aacb5ba575f83,1439,201,1640
6a4141b01c0a64f6b1462f4949d1f6f4dd9b8f2498dab4ba7f1cacc539eb7950,1167,215,1382
1896cbc597ffab5cee9c5e666f82ce5cead8a4e393b3aba3d4d714730167702c,2028,332,2360
74a21fb929960f098a37971eaca007423b01e25b1f1c95cea8b8e0d9b30ddd1d,1344,530,1874
2bedcdd4a9f67c277a8dca70be33f08fb5f63f52f8ca3188f36a7450d5a8cca3,1087,355,1442
c2a38a6d30d935834bc9fd794aa2badf8954dc7b58f1b062fc3f59c9c3eff133,1474,477,1951
2334d099af90509042e9fd6ee365a24bb57499f840df9aa6837ace1c1ffe7eec,2121,953,3074
f95dec18b6f9a993950360ec1acfc8dd367fdab142c31a0a7a0b65210ef5934b,2243,1442,3685
dbf28004f6e0faac1a8f6f0c24859cd4fc40b03ddaabb4cc9777f5a3a403d7a4,1576,379,1955
b58585cb941cf3a7d9ebffed18882cf98a76921e8c626d59c05a745f951c1f11,2119,325,2444
9043cc2a1b8d372a6cad89d7b02d8d9675f014d2e3fc0bb526fe7ce1084ed0cc,953,209,1162
f5b056b3464f7f89db9171c38409ab3d1c6f0a05b9c154b7b8c66cc7c3f06144,1091,213,1304
07f7280165f0403fa404bc01d91d737fb63702820ecd49e8e9a7d4ed11b77ef1,944,210,1154
ffdc55742a445384d958aaa94250ebfe364ad8719499f53dcb7eeab352f6221f,1662,319,1981
844cddef88bfa591a02cea0ed8e7fa85127e3a2930dc4d450113ee85e315c12c,1091,214,1305
5a0c461e0d9d268dc6f178fc59c6ebbd2b4df576d2cc26dc55ba02ded0384815,2293,426,2719
7e2e6d9f82cc5a5dfdd101be468bf591ba429d5c843ec155fe3a4905b181402b,1799,320,2119
6704964c60dcf7ee6e133a804f2ce6b37a7ed3e2fc62387ff6b50796ec148b9b,1125,216,1341
9012b82dd89661dbff3127f827cf386425ac4617c530f23d35f7b65227e3c37c,1561,210,1771
537eccc400766d486a9551bd4394f9e1e908d9acef0722d27e3ac47c122076a8,2277,1331,3608
28738f42db1203e2f6e66fad903c9ab394f31f88f2d2c12faf8d2c99036c1e2a,1438,295,1733
bb20203ec8685a2b8d4ad9e807ded6595a6ca391d9a727fbd59bb6f28534d37a,2341,1112,3453
299074780f84b6c6f8e4894076063196fa1758bb53dfc6c0a647c3778273d306,1207,284,1491
9c7a9999f370b2f610aa137e984e4de40742cd29f30b1e4a0e7daef0e4cb0f3b,1265,808,2073
7337f21ef610dcb9ef065c9882119331d3aeba0ed6ef759bedc522c867d63447,1514,382,1896
0aa3a626366df340ca0b61cd1f56ddbee928b02cdc7e8d6abdd1591441708792,1004,210,1214
b4fb637f0e10c605f2ad9de9e536d5d546237bdd6036727d45c8e4f992e470ba,1014,211,1225
81fc46f59ffaeae4a6c1862f8eed5486b4cd2fa4f8b6caaf1526eb81320aca4b,1069,210,1279
68edbc0ab902b60b09e7ee0c479c30276feb22dbc7cb541231a565ec7db19083,1768,579,2347
1fe683310e545b82d11247fa57c4625bca74542c9004d65da73edd3bf6b1e79f,1203,531,1734
fd6089f770cd239c0c1413125dc10719d970a3ffa8605f1dc6428ab6247630df,1012,208,1220
9e170f930f2c176df1320d9d46c87d62f64498fdaa87081b398c7cf5da18fcb6,1035,215,1250
1817cbe3d33864334cc39019b784eeceed64955bd1b961bda940aed6bb60e3b1,2318,2489,4807
781bcdc515215b02468905946b5e9527c9725861cad0f1c761791d48689c56fb,895,205,1100
a25297625e058f317cc12febaf29f5cdec70b29ffebfd3a73803486e4fee3a39,1123,204,1327
3157f93e7c7d5e7884814d89a912952a75e497e8905b6c5f899058a84f38c96a,1084,207,1291
c8b11e3d8380d04821e29ace5fe7acc029ebb21d396894b408614bfcec5f5386,1977,783,2760
c69df580a23a4602b2bf703ae07b0da039ecba82c9f59157d05ee045c9a7c3ad,1233,216,1449
ad1bbaf7fd7d60fd9265088779ce1d6bc18b4fc35107f59af96fce2130a6d277,1186,362,1548
c9e79870d7aca6375943b1d195d644cbd37611956000bd3aab90fbc9ffb667e8,1129,208,1337
dff412834b59d88133389f78a97094d82dbf7e57796027c29f2d1544a2d4a36a,1257,209,1466
6e562327a2c72beb0ae4192a47d386021eb2048d58f473d5368c309aa8bba124,1627,322,1949
7cf3c17a170ce30ca203260bd87b96534fdec07f56753a76f717556428e9f3c5,1572,607,2179
c76e1c9110b8af51e01ece04bd05b16a33a7e905bc9d780d884706fba451dbdd,961,207,1168
ecf992444f5cf200bd82a7188b0a776ea89f8c799c8fde8d0622ce7a62fa950a,1114,639,1753
c6da98bc9d61050df0f93fb9bc26a5577d07ca25a8637076df2c609229b4dba1,1201,321,1522
0aa40e3d7a97e1e4fcdde083bb544a9ddae4d1150fa30b5a38880b1786491f72,1300,216,1516
3930dd0165dd31a852dbc18500e7d17ce556df74f2820654ddc1f02e2056b90e,1081,295,1376
7ed65089c4e8014d92819430b36bb9cb71a029e52ddc20abdbdce16915727832,1387,212,1599
eda41fca3e2c8c8ee5ccd36479695e973c8bddb2cf76b5d8a71a25e426cfb5b8,1033,209,1242
4f0c27ba78991ca7dc26b22d4020ef212aebcc941ec5e68e7d44a14c91c1d7ba,1755,665,2420
c2a04e7e97acb17e23314c1ba59589ec2ca23a7d629371cb6bd17e453f8c5ef7,1748,549,2297
39e5820514f24b10764040383772f3af0bf622c899dcb212ee12b50f6f338246,2012,1422,3434
81eb86fd2f7560b8a0ab3bb65e244723f2801873722d45998561c57bd66e8315,1029,211,1240
8463cd83bfdf18c87ef602f306e1258ca79909588e223a81f6e6cc2dbbc9358e,1061,385,1446
67b68fe5a3243d1a2a4010fc7af904d5bb4ecca693938b4196a202578dd7d0d0,1229,430,1659
70fdb29228e4d170ae6328b8d7728d4b3e8caaaf2661a8fbc82ac863385bcd4b,1304,823,2127
0746bf5fe67af6dc381fd46f778b23069c590bd8873f17a339ccb061bed3296a,1006,218,1224
aa479ccae6121fc27e21787cb767439dee139cb1a16724e60395a61d0f93f048,1862,1198,3060
9b8f8b01ebd93124e8263ea76fae9b363c4a24dab27684674b45363e63a447d1,1513,607,2120
633a28f91b21040668608787b9d8e73bf99b8915c62d63e40e4578328bc5ff42,2311,1394,3705
c9a34ba495028f2ca4ce9e2537cecdbfb8c8980394689adc82526a86fa416143,1123,205,1328
ca10802bc8a3c172870ebe7c4021485e76347270523335abf5765a4afe446b97,1668,426,2094
b8c7710c384c8cc8db55df1868115a162cd91e5190abc90ba4569c878f329417,2289,661,2950
658b8e667c659b449e185b278a2a95a6baa37fb4d6114f512e541e28ef183d18,1070,237,1307
6b7e11f94bcc47d3f3dc905cf4d64803fe237d87855f3898f5c352668127e8bc,952,217,1169
62f842e5df0028617de6aab444c1b4278c30647aa2c402bff8cf5eb4c204cca9,1357,130,1487
13de6fa07d4b950acaca52d86765ab1245e40ae2ca51570614067153dd8ace49,1120,214,1334
28264049c344adbe8323b58964b86761d2c41dab9bdebf36b33ce597e6313e61,1370,294,1664
86674c091adf11f6e3a4088c779229e24e4d3bc2077d41526fc7b8bdf030ecde,1203,215,1418
79d75187f2f59bfbec9663793ca34767971b7afd6dcac3574a305798ab0f41d3,1106,213,1319
ee81b1d2830ab1649d6ee0e6427cc4f65a12ae1cadceb5806541336683b2d332,1001,280,1281
45564dc60ab98f2d9298ad310f0a09c180f11b4ab4a176c6c00f21e89870da6a,1533,449,1982
9be941b27d0ce0f4eeb7fd6e46d145f63e58444efa2648fde01ad0685802dca2,1146,297,1443
787827cd0571f95eb1e3f9e13cfeee48dfb04e5ad3ec7e00d6edad432474d8c4,1334,586,1920
c6d8ef3107d170d1b939252a2e46c513bd22bdcd50d6e0ea52c8c91d2b9c4a46,1529,537,2066
bb0cb3654ba9142d0f0c20c2c6b8632383d5edf7fc0e31824f48dd0d283b5fd2,1115,204,1319
a1d2bccb99168d3a1c7faa7b5b42a7bce62fb1e0c3d2617d19e3db2f8f9c6c8f,1657,660,2317
81198ef7d5da6a35db46d1c44d7d5760788b77b587bbc744f22d385daeea73bc,1234,209,1443
ce7df175c4a11fedcf7640e53bc9f12b2f7a34511355cb4b128ab1ddcf0f8e89,1214,343,1557
96696faafd9324f319ac54bad6975b7b2bfaa67761d90cde3d42852c07a8939b,1123,205,1328
10a23674d899d2bd4ff10c4c0ace0361f8ff768eea7c5ef65a041add309f5eb1,927,210,1137
89b1e3e389d193cd97e4b51352fd3f4c39a1e544cac0ee8d411cc2bc031be6ee,1525,448,1973
aafd1678dddcdbe21e78be84c15bfade065c7342a6454bf7b6c20893f7c81e56,1446,281,1727
4d1f2ca4006bcc4c57619a6b62623fe4886939328c6ef92434c9fbc152ed6c90,2131,891,3022
2f9cd4558c1103e3753a05034d953cc8072052ed1277e815dc4a4540f94a30d4,956,200,1156
c19a25fcc5e1ec863bd054bc129fdd23b12ef5226cc700eb4340c45841b1f855,1933,552,2485
4e83e003f8ade9bc28d69f0598afe230a0d4cc7532a785c7eeb3d69045e5ab27,1127,217,1344
bf8938b9a545bf748dec7b3ab821e461c6de11ab45dc58fa8c7e84b074789345,1187,320,1507
4e08ca7c2ce6de1496bf0da5fd691c1f81fb0bc38848a19154e94db146cb8a34,1171,295,1466
561c5d8cce50fb97a2630de3dcfe7686e17116b089f0200877046135c8681daf,1738,785,2523
b4a95b276364a8a9d970fcf60e61caa81867528676cc942079d26b0d1bde2828,1128,289,1417
85646005e62f3fa4040470557736e0b489a599f7a30ba0f56ec8f33c01c0b4cb,1194,216,1410
a6ebeea89ac7abcc06ed716316ae37ea09b32253a5ec7a5831796a0d92738911,2124,320,2444
70fc0853dc57c3d8b253907e0be36682369b2a3b1e7a83f589958c5d456e4ea9,1847,1684,3531
96babbf65b229e8610b3a55bac4ec0143bec3e37148876b07b7610eada311887,1856,320,2176
33171922c313471d1f0a54f01b53f7d40bbc9b42aff3295ad059a7af62991ca2,1435,539,1974
d11cbfd2152a3d5544af09c7824f7243820128b71809bcc9e98c1c8dec430c5b,1842,560,2402
d5dcfb78e5657275114a855a6de255a930430b80b37cd7360493ded5f5f490ac,2369,495,2864
ae28c8416f59b770cd589a7720e5b09f830f8eb2838327fa241bba6348f4dbea,1531,603,2134
d758361e37b41f6bb5497cc233d0e639e73ba30111600fe1551f9235d508a929,2013,1392,3405
ede5e2672991d0c3b6a78a56e31a81ebc23a23ff4b65d6b2835376d02160d437,982,818,1800
11a042216704a024ff23aa1d5b230ead269915909cdf3488aa91daf21ddf7941,1469,203,1672
798fb15a6a35d9997f34743a0a668a298dbb05618ea954708288677f5e467f10,1372,427,1799
336f624e1f8aaf6c9389df91b292b7c0f4e70c42abdf838c067a2da4f238258c,1031,218,1249
9c596bdefa9c4a959f86f9924f5d4299f34854e1e8ad0c0177f15d5c306d3acd,1142,218,1360
58f38cee87e05b857b01bff0258a79d639c95d0d4a15f013e72b829b0c04fdb3,1123,205,1328
2fd3e1cdc5b7b121f72ac00a2aac397f2425be50b2dadef1877bed0252aa8e1b,2362,776,3138
9b29db0902accf0a2528e9eaf071929f14019be30c00d25b11c1e117fd73ac56,1042,205,1247
614f8fb6cf5440c013daec912604815c2688ad09d35818adf0bfa731fb1c3932,1190,445,1635
581a2c3df4b77756d425827a5680bf35cfdcb1cc963937fb99693c7fed20056c,1052,214,1266
6766f75d62e5f3d72d734082328670a40c7ef959a6d6dc578f86868be9197daf,1007,210,1217
87b5b7f1b1e3e9a0abf3331d059d9e2d7bc5dfa21102ce85d3ed9b26bbaa9044,1285,315,1600
2b3f9e72b32bd092c43adc978d61904a952978504e88e3400bb597b2a30bac40,1673,561,2234
cc13ba844acf83043c7048ac51b05d9310b202b378ad729168f73046017f2453,1389,539,1928
ca41ad33220f5a20f5b9740cd488b7d5916326af219e1616dd94de8894ee12a3,1514,449,1963
07128c94f95f222d09c11fd3cb5320eee8e9abedce05b965a17e4172cf36a40c,1657,1235,2892
ef7a81d1dbb3759c6114dd19343fd939e1ae357c4e45f84ff0de3b8ca3f55a24,1538,378,1916
63f2734ff932c871ce552a248dcf29daa1982bcaa9e1e902c75b30046c3bbf7e,2253,1325,3578
b43213f4beadc454bb378ffe8bfc2ac6d1292bba1bb438ce89e6256a480b5357,2314,1802,4116
8014c634391551fbe8deea0cd726962ca52f593aa343b693d72eab46c8523f88,1430,440,1870
d180ba086eb9368b7dbc48eb9eb59b9ef658d0e42bf0c00b8f0ba3d529e95da5,2182,1046,3228
e131aa37d8f748320404770ecb7516ab2d88f61186a6b695aef66fa955b7a56a,2235,1016,3251
5ec746af4b634a587dd109890add7bac69dd2fcbd3e827a84a6cdc46043ca0d0,1134,703,1837
deb48585227ed298481475290724d358f15537ce63c2d75b7f36cbead538847e,2323,1147,3470
b9b881e427e65bca7a2de3fc8d4dc8dad5eb52eb52f73af1849c4def1e59b2d5,1283,944,2227
c08b7a52808c06f65ce49cd27f22559080e5a4e85d87cd13dc17045a3e5c4816,2293,1541,3834
3d85a545d9dcec2473d6b80d617cbac9261e8b404a24a41709c1d92d382159d7,1073,1068,2141
