id,prompt_tokens,completion_tokens,total_tokens
c6c5358e04173914dbd374ab2e5a4eed14192cc92280972af6cd8cf7f6ee35e0,1096,201,1297
291c9c22d5bfa10ecdd4b94fff8262d00f2bd9c9ad1fe3ac017637ed0b8e61b7,1126,208,1334
53346507e10e3a60e72550c702ccc2f2bc2ff99431fac7cccd88520f081c4ba8,1505,211,1716
543a2a3e336e66a9e64ddfbdd913dc78a7c3bb5aedac7c36c7c5a2551ecef8da,1460,216,1676
2ee2bacde0c2a0e5c4354de9c1a6764a8b4dc29ebd6ab8d9e9f39f29577d7734,1566,280,1846
0e320933766c29931a9ba67bb996425de742c8db7b52668b9ec4136437c683e0,1563,290,1853
fb301e273e5bcea50a3a43e1f768b2f6d57c9c0a06ec96e52fc95b14208a21df,1443,362,1805
3acbc23c9b5b42e35876692f6991a590da60f3d0917dacaf2259584251ac0845,1114,205,1319
81162035e322a6a3f37ec98e5ad829ce5838c27df47ab13f6c313c378b91edec,1465,214,1679
d94dd30ae7eff3dc040d649612af09392b1c7189fe5dce682261254c2437f095,1059,214,1273
a7b676b852e564bd7e8002e913b8f4df24b3287468c6d496d6fc49f77c2e9a52,1114,205,1319
43b4328f4a0dd58969757c1e09d850f036026c60aab9c79c59a198d0b1b89a19,1506,203,1709
29fb0a42bdc511d90bdf2c6a7662c7f3c16450e6b21d036d368e406b46719e11,1260,213,1473
e3c312c6883e63de8ee4ff6b2459a0bbfcdd0a9ad8fcb3bf8a07e4e9b0ea9d1b,1308,302,1610
c139025be3570fc435c4cff5215ac3ee5e5c2153943cee419239fcd261fbf3a6,1583,501,2084
3be7c5e920c7aa967fe032722eefd6a862f5c6f293954cfdee25bbd199f04987,963,214,1177
5ecccb80dc778484a13060d1b2b59f12c19932b6f542e72179eaa20d7f45dddf,1426,583,2009
73bd2c429a979753b3c6f442e0d59ec1aa76b7d9d554de84bfe8a16250fe72e3,1523,315,1838
e73feb3e841bb18aafaccac80b125f074377baf3356280b7ef8f35f25b998afc,1575,281,1856
ca6902fe8afd6540d76f123ccc99a5866ceda3091c95cf9eec32c318ccb99335,1458,207,1665
b06e6a45457f2d739d4969db9b570f08930e572af2376c11aa9d4621a55e895b,1680,658,2338
410a7d10f933619f307e611a0455a36f0b617fde7a0e985c657fa8c5cc8bb28d,1198,221,1419
915132685e711d80d470078b97da304c9a198628af78ab80f4fd934f01f5ce45,1510,212,1722
1d361a4420911c2e64e635bd69ca1c7265dc59e7719ee618042663f501ebc1a9,979,207,1186
4adf548dc25676ada30250da48d7d8fe6ece65f0c32f46f6aa72db5e07a92ecd,1195,320,1515
fd10af64304a394725ccb8c747106e1fe780efbde9893205608deba26481d30f,1284,373,1657
f9f28d3460c23f468016c64c1529937a87b26b4a8560f12144fed6812f47f464,1098,309,1407
81b4562c3bbd15173085179668038cbf681c3d2c49328eee80f5cc185b173d95,1017,203,1220
fff98e56b086842fa510e7bbc1a9d2efe3520fb17815f64030dab944a5a32bf0,2209,430,2639
61357969ed6510e667fca63bc1fbeca9438aa688eac37e40733f80022ca9b010,1145,284,1429
1a5599e33fca7120c43b07e203a2dbd06d0c14ba93a762384131fbc2af856ff1,1114,205,1319
a82883a444ff94051ae3e7d8ff9ba5a2ba863fae6e4cff3e16645723c78be5f4,1333,458,1791
02d77d9371d5ff97a7ad2c2616ede1ef9bcf9df6d49d53491548c99495d83e0b,1002,210,1212
fa53e3a543273d9012aa8cb346b507fbb275f776e50f81a1b70d93d1bfbceb2d,1113,210,1323
01ed5d3ca247e3a5eeab6bbc0a5366686d11accf539d9e2da7aa6e8750a584dc,1565,211,1776
0f5e847f6e6e76b480a3c9e5e170dc048dc5a71bcca930aaf1560130e3840e70,1150,287,1437
c7fcd243b98a3e75e4bcf6bdbca45f1954adcc483fdabb5e78011423bc8552cc,1307,218,1525
ccd1e88c91d6fbed2167cde61dd864232db0ea620ebdc7162a7c5659bd24aa27,1114,205,1319
ea4a1f17f167208183d90ff853bf070fa4995b5235e36d735e8a47ce613d718f,909,217,1126
27b28e32ac3003e9e43600aca09caa5d61d4338be6143a8b9d3b6a41ef798682,1314,374,1688
f70ca84be75ef2ab11155cd0d3f67094b7509e23fac9b279c1be66891d7cf01e,1505,372,1877
297896aa3f0b285b41ef317bce3f98f806ff7acd4c30ca84000ea845b848edee,1235,212,1447
ed444183e1a9f4eac8655d31acb283899dc800c7e0cb3b84870cd30dd180340a,1088,214,1302
36fd1ec3789305de702f61cea7a8feeb530a33af00df9958f2ea620a85ff1ffb,1111,134,1245
35802d64df3268ead6830a9fc4e2c502280ebe811217983a4d7fcf257b7e3cab,1603,450,2053
5ccda37111c969b3f8c8f2b6671c3cf35c9177843e308bd4a946d66052a3a465,2353,660,3013
5062d8fcb504c8c32c1c98c4fbf2c4caf6e8d7d768fccfe154e707b92bd22564,899,207,1106
1b8bc8e2f5df59a16a5b3cd43471d71bd76f3fc64887bc7078d50da2055d124c,2176,909,3085
8d75c2491455ff850ec9218d4577f1e4cdfa7c8929bc5bb646750d9d9ac4eb4d,1486,637,2123
7074731db694cfc2efc9fb33beaf46acffc8ae11b528a0e63e749b167899f021,1034,210,1244
40a6cf0df71c773289d7b9eb42982cff232f5d95796dd7dd244c7fc6cf496476,2041,809,2850
b1d74b64aae12efcd342abeb27f3de85ddbd3ef88e8b8ed03e1d2918bca59810,1339,208,1547
3afd825834335aa91336c3e30a26ae56ea50585b393d98900e4559def552da61,1221,298,1519
493d1e0e79d281520438a6af00ce26723a59de4265a519afcb6d31379a664f83,1077,377,1454
bdcde4cd941ef967dd09979be765068531bf06dc46d998b61757e79918d86ef8,1114,205,1319
792c906a6674d864c65f32a7b68b214a69ee2f98759131ad20291090ae3a2843,1599,206,1805
37c879c9854a8ba648f069c3f4cbb717d2bd7487b83f94393adbe341b2318053,1567,211,1778
2c3886a0c79e75424f5f58cf258511fe5f9a9128e2caec0f5c35a647cdeb6177,1356,693,2049
f1b0ff9ca82160ea6d08a5f4afab069b01389abe3c3e53d30c64c3b9353d5f36,1601,296,1897
d74c5141a9fe0e01475793d09898b6e825b358749e700f31c9a0af2bf356252f,1401,205,1606
1f428175a226b2996894c48bed8a4b61037079aa30371ebd6c203f566f743157,1966,318,2284
8a1a76338148ee44bdc7b7bfd58c50a1b382e812fd9cc1b1346baae0051c4bea,1343,822,2165
c7a28058e141270b4faef869f6212bb3fe7b59fa4c9faf0b9c9f44596f485406,1455,863,2318
3d87d00623b631a01e0289580e784d52acbaf46c5d0817d13411c8e5eed28432,1004,290,1294
56e4eb1fa6ccdf15d242e335ceccea3fd5fc865dfd53c014c9855ef8749c7620,1460,422,1882
01e88bdd47ce1ae3062d2cfb8485d408d2185173ec5812383ec5d11ef00e7840,2138,1323,3461
8e6499adadfd7157887c702526d21a0086d934d1e2d23b71c9f4dea6806c65e9,1114,205,1319
333b92b854e4429ba9c686872ab8fb9b2d7e6fac396f3c7ff96a2e98e99df4a9,1028,211,1239
e1eb00af10b06d59d0fa014ef3757360ffb7b994ee15675eca7038c4db833293,1235,207,1442
0b839bbd1d3ed1955c33258768e548f08fab06a5a34066876a2811bb16a109e1,1002,206,1208
b1260dc196dbe4a2a4dad1dc1579f592bf1fab286d9c574e7a0fe7b27f6ad084,1144,209,1353
ec72541894257dffff34c801cd10e3518b8ae050db98ea143499f80a6a663732,1046,217,1263
c2bae9a02ada70988da96391ed42281ddadd988c5818254af24662647121e8e9,1133,212,1345
2728a9d99bcad3ff7422e5a677885bf7cd8cbb208542c9e3f9e5799c03833bfa,1161,207,1368
fc5975cc73141f5ae151ac0987261ad4059b1b23ec8d68788d930db975d34eb6,1072,521,1593
9106f9114f457525974e192540f4551ae45da5e45f3c00aafd67d020b14e828f,989,842,1831
6c2db59ae6f0510e5dd28cf323b56f56e7ccfa5380ebab3cc9689ae69fd63fbd,1740,313,2053
59b1cfc5ad0bb4a38e3e7de70da0bc575e69f37a49ef816d4b4e691635132985,1336,1317,2653
db2aada497a94103663364ad89249f9aef8f50f5ccb1fe093fe7f1c64b3705e4,2171,522,2693
c35d8720f0f5ad6817b935bab65c33ea7977fdf63971ef23bcf439f65a6de61a,1451,214,1665
8e2d0f6b42e4d77d362d8616d98cee5a9ab458996ecd647112ba2f71972af337,1520,546,2066
256a6931e8435ef393465bb640d3682ee8a8a7efe4643c2b4336d84bb9670cac,1932,877,2809
3813af55d72c6f24f077a4568e16c75c0869cf645b42b258757b5958cb49643f,1147,625,1772
ecdfcda94995a940018fcf0b782d6fb7d9ff9b5fa02cd4dd37e6aeb9aa2ab23e,980,288,1268
74f723e68ed7de01fff68a1502a1bffe9163fc727c5346d453b4f35fe276e7c2,1039,207,1246
618462803635e8740db85c96cf22164eb1641fa12d0ff6499a8b69f0b23fb04f,1023,203,1226
3d24d30bc5c87cd896bcaaec52c74d4501eab56ebd658566fa9efa3e0ab180a9,1071,616,1687
5e956d16cd8637b5bb881e09f8cb6d07ae18558a31f1b6fe2221660909d1c78f,1114,205,1319
f166eb699bbc52b40411a5f9c0ee38cc24407503b3cade7c1568355a1404821f,1221,211,1432
3d94d3abf5cf01418203df66e47c241190b050c60b0dcee6e2e631ea4d0134bf,2116,1361,3477
9d49ff729af521b3ce0002f06033c836ee4c19267f6ce8abcf83a621d4ad11ce,1292,136,1428
a0ca773079169c1eaaf20bea75db9843eaf393b944f8afb01d9bf0f948009a99,1106,216,1322
dec1d83bf3d8e9d0cca98ab2e9c8289ed05e09d6129e554104a19eac047eb84b,1069,204,1273
985b6caa0e7fd22753ba94f2a47f35f87de44dd5a3651813df574ed7be3ba6a9,1459,608,2067
32b8ce108f53a8ff10c66abee42f2cbe8435b27fa498a12c2e76575651f341c3,1071,209,1280
c75cc16a0d1fc4209ae52424e672ad7ce569b0b4a69dbb9508c029d713f21a31,1393,216,1609
1708529b3d0672f57feeff0c02a7e9ed0dc8c389f691e8c79922c33a4eda03ad,920,208,1128
fa88bbc6c2e65af0609266ac487fb302a48cf1480fb2abc9ee6dd3c191045e3f,1373,886,2259
a841ab5d4bec9de49f6c3fc8af83da5edf6eede61e7fc1fa797859849626e54a,938,212,1150
66aaa455044eac36774a0c53b4f01b8ce8ff1f072b73ff2d1cc87e21813701c2,1550,700,2250
d9388e3d71ea1fa334c2d30e39e47009e879da8fee970b30f5fdad6133ec2409,991,212,1203
d677ecba043bfcdd7f6e48131a4f55820c98744ef292591ce18a7f8ff9e0fd6a,1024,214,1238
14f84d6616c808fe91d6bfe7078538bc586e7ed91622b2b74946a161677c7410,1313,690,2003
c6b5da74ea3f768436a31126b235a8b5cb70be9e5df1196ec4a69c7297a9a5bf,1380,983,2363
ac50bdcd961180c18455190228cd6f95510b9c30b2dddb2609fcaa1121e412bf,1297,205,1502
8602ea9a9fe002efaad9d230284fbd85179f0499ab7a981a45587f0433ed639f,1350,212,1562
ce4d5de0037c47b020a722936fa07646be2cac80a2837cc6aaf3982edd209cbb,1460,215,1675
7750635c80c9283ddc7ff909d2078180097ecbad5ffc765ce777a945a0fc1820,1064,211,1275
4aa4e2664c618a431308ae58ade8cde94ccbbe8808ddcd542e0db16f9fb948a1,2329,2713,5042
8b3b03637d3904cde9c248c2b06879299fbf252e4ad3c2a375bac5a2d8d37ac3,1812,336,2148
387fe95819de49b3fac47ee077f79f3b0189a30b00b1e89939cc38cc71b9a5f8,1383,208,1591
e1f99c8e754a11172daf108768fbf25d6d257a087e02346fd969bf5b72be9692,1219,359,1578
83b8c9126a8c9a3de97734209236399abf01effd1149e6f76c4663ddc2b9d5f6,1810,793,2603
747c33d1298cbfc404005488b33c29b5f5b510e45324492f461c843439bb823b,1061,356,1417
fe3133a4eeab5525d8be123433a3d3bc9fe7568e2c0174dc423ca13dba8aa1fa,917,206,1123
58385db4b6e614ecac5b1e69679855f80a2fa1befdd1e52df90db8889166245f,1114,205,1319
1c0935dbb6d8978fe081f65330b0afa071578ec3acba2779da37b8434bcfc31a,971,215,1186
48301262c31dba5910f76f5ab464cc5c8d49675de724c0bbea65b6a3ab844893,1191,210,1401
0d231cf94f2b98d7205831f91bd667f1cd289d436a68003355b88a1aa3e601e6,2270,796,3066
a65ece1a94743eca2f9e6cce462bab8575fddf642a798b5340094144becc81df,933,213,1146
bea65a9d0133fa0160a964bccd798c69bf9d3db3c406e3248487bee4a4700a7a,2163,1363,3526
49c4dcf63978f382f1f6a2cc1f189b2e2b5fa23d5300088cab6bb155635ff540,1474,384,1858
62bbf3fbcbf40de0b25a124b9936b8ec853e599fc323e691148f3a196b71e11b,1638,828,2466
34803b29c4256686f9a63dce3a3689cd012dd2609470de6c02212eedc43e3d8c,1163,209,1372
ccf87769a390473a4304162b114637f55dc93fe3c58dbf127924cb0efaf219cd,1389,209,1598
46fb81b8deeecdcfc6eb763c23a954b74e8350120a974e75c72541d5eec86729,1076,291,1367
25fc7f45a7d004a7724cd15333b1c4861101fb65f299c1a1e0da000176f4aa6a,897,209,1106
6c2ee000e65bb345232040eaab408d5fde402b892ed370971f4c16b251d33de1,1230,132,1362
4072d3a353d28098dee36a030cf78534586801830571a361629ca390f16cb8cd,1016,211,1227
e6337f6bef290acdc5f4b92d37cd2ae49df3385c91ab774ce74b545a0c12e13e,1896,360,2256
6c6952c77f2dcd6cd317c9c8346e1387c33025fee31e1f74089365f9ab9d8751,1156,450,1606
d2d0413967752f9f485daf8953fdf7b6b674aa30dc091f8efb04a96ac760286a,1742,781,2523
91fb828e9c19c27ee337ae908594e68a70bed47ba937eb19ddec39347f319002,1054,209,1263
ce75d062fd967343201e6306c7790f55666604c5f6b5502891e207d6d93411d0,1525,618,2143
101932edcb663b50d28ca595e81adb51ac6a6dd120fe5492d6084cc8c20a82fb,1059,221,1280
f825561ef2492596d30d218773d14cd1eca5d8ba25a55f1bc603755f6500090a,1101,203,1304
36a506ffc4629f0eca4598fa9cf904db37210a719f420b7be69394739adae783,1235,318,1553
a9f8900bf1d834fe6f339039476ab04c55a855705561fa53d083256b69ed38f8,1114,205,1319
99d04e17a2fd9549f50e935326c3ab06212d324c89741ee0367b7006cac51a93,1212,293,1505
cb52ab29c5746235c400bb6f33a3bcf442f51543f516df2bcd2a8fb967766064,1228,495,1723
6f2d121ba3535b6c22528725249f8484ca1f0501e89839acfac552cf75c1d0ff,1114,309,1423
5acf20938fc0360cdeb2edce27a2afd43bb43dbe7fac007f964b20b88ada9778,1303,694,1997
2ec3639143f5c5039af6f8eff75633791342fa03536aa4ba36b2a397a15fb2fb,1158,313,1471
75c8bac133236585019f7be47fd478106d499fbbd50d8f0b48899b619092f3dc,1070,213,1283
622977b518877920648954e111005a4e71f5ecea992cb1e9423040087ebd40f2,2092,814,2906
7eca24c018657c81cbd9592a5818b3f59293bc2fc65c36bf68c0ee5241a2d34a,1229,709,1938
54211ed13bc803d311d83b3de8a6830597b4bc4e5fd443b41cc2e7350b2da09f,1024,216,1240
977e209de05f290b558b0d5507176daedf9c8c3723cb70266b91894def9b5f7d,1075,279,1354
32cfa744a8171e5a7ce500df798078b896a48a9567784db3d2bb5219104eb90e,1342,282,1624
fe0da48c9df23c983b44744cf406aad28fb1049d245975f8dd4d4bf8bb1bf38b,1292,278,1570
4d1720dc27225e604f650dc6ea307c1980d9b0292df50c123e6e8297651e482e,1082,800,1882
7318963d773e247bc19540265b5b44c3c8ee5633ae39a698858c22314a26c0cc,1251,221,1472
2382b91a1209fd88a5b29a6bfc7da25e7745fd36231e883495edd95ca40d32a7,1578,754,2332
300882753b5bbf369f116a1bbf30f460d5737ba99aa7ef0a627aea06f11ecef0,1135,293,1428
0108d5ec80e1e850c4c7af657566a7155a69f571c8284e55e7121ba8dea9b7d4,2122,917,3039
5ba9b5ad67cca30567e7c2f8c5c5985d670d3e7777be7f23580adc4619d3f318,2202,217,2419
c8e9a60e6f922d1fd49326874e6ea04d05e7eaee9d9912a06320912f8b2e608e,1511,520,2031
fd4fc9d05a6b0a99ebad53647c4d72e8f13362c74513097dfd7a64efb4817850,1114,205,1319
ab540f5224fdf6aa80279f7b13fa57833689593f529a930fc1c20004343cd3c6,1487,245,1732
61379b8087c32205043c5bd2ce6a90490eec17d737fe308ea30a88137186455a,1331,204,1535
def3befb05543b8a8d0e3775cbf3938b73836c6104eac670708fde29b33d48e9,933,210,1143
ab04a6a83f8b0be8da01734e1942f661423949c6f9a91aac04bc60f99c467725,2282,1699,3981
56c4f3baff60ca6343c046d293ef52bc25f1f10857939675e58f6ad6e77711a0,1379,249,1628
8042d1af42b350745d84eabea7abc36b0c89f0a6662afd29e437bb2d2453a564,1132,312,1444
00cd024a3ce3e5d8cdbb1152addf0e747c724b92150e50742158c4bfc2c09727,1052,300,1352
74d301836965a9182925845ae82c1aa9f51decb04d11576970295634f7f2918e,1275,253,1528
898f0e21a21185c4dc05874571e42cd76269db8e4f1ee3422d5bcb7c009b49d0,1114,205,1319
afd104e95699038014230e339b2d10a1456ee5b8a95896c9c7dacfbe80c7e673,1107,364,1471
896d5bfc121e88ae3ee12223f1d65d954277c487edce2e81f5dca855fb900ba6,1259,672,1931
25ddd0df12a6166cf411dbeef8f33d8a600cc9bdd0f98d87dc27766c4b6e152d,961,203,1164
f88ba0418cfb46d6e010937e1f96b1e62fb2fdd0a8aaada91a2086d0683b9ba6,1114,205,1319
80a684e47534d631098f98c0cb058bbbe785f09a93372b528e195fa2db49b879,1302,217,1519
a9447a3cbfb64a52e3b509dc3ba9b4e82f4ffef61d007a560461eb4c586de631,1238,894,2132
0c1a968f2c28173a617b4191c633d2b66cb080d088fea3a107713921e5054476,1426,212,1638
98e5542f1882ff6b5cf2102e15a6bc422b1ca78f134714fdab9d44fb8365e924,1628,309,1937
21d909dc6f550c7d143321dc861e38609caadd032d69f6071b83d7c666c12488,2250,355,2605
2613304f8f4e93d070cb7e53692f34431e6e758fede32930e6b7c4cb6c2aac32,1498,445,1943
cd1eec8c8be244399251042c3e7f5eebdfd5ba7acf96a8c320a56c45295f76be,1042,212,1254
42d439067bb6bf5be2859c08dd628f772be8c36ca907539156decb999cead4c2,2246,1067,3313
93bd1dc38a9a380cc3b170860479df40344dd8e249830112e57415d179a0fc99,1409,446,1855
6db7a660b571f3518ab4650979216017f46f6c5f6c13f597cc17008d531ba95f,1298,693,1991
b7b0a8b992748dc07732c45fa160c9873c7d0ac67d68eed48092c9b17c890f72,1924,779,2703
7c4ff7284480ff22b9c2837fd446be599a1b7a9724cbac1fa4673cee08eeab1c,1368,441,1809
1b49581a8d0b8e59f29797ca211ca54fd8719939dc4cc3a10d73140949f43e4a,1396,205,1601
097585cf52478a9073d3258a013cded8a6822a4c4a7e94b6a818732911395b61,1691,311,2002
55643b84244a1e95a59ab872ebd5ffd054bb0b09483f8461ef97c0d3239f834f,1317,504,1821
3f069c2d492496a637502a18d19b67aa1f2c4829597d335e524fa19a1c762967,1114,205,1319
f4e6ebc317dd974c39ba3a9fd6f55d31fe4c50d7330550ddab70fa5fe987e518,1243,207,1450
b3e43b6aed9d64455e36a847dd708fef00658bf5e06b77b61b2bf3c1100ea289,1089,214,1303
3757ccac4fb9e733f611f5523fec2f9dca5bfcc68e63fd5ea52d24fa76b0b345,1172,210,1382
dd219879abac80275f250daa9ecc794f75546bb4c397ff348ffef2d202435e74,1195,207,1402
bb9273a56925ebe65f4efaba782f2f13fa93cc6b78501febc05fac4cbe8efe73,1749,1441,3190
648baeb52fdb56ca93fd426c230c7265f04aaec5da99da528a94f12140c9d2d3,985,217,1202
18012a0e7112283d0815e70ce6764a18d52a0a8345ac17594879445abcf1d7d8,1536,244,1780
3d328736845aa8bcaa51fda1bd694b334d4584c3fa8fb8cdefae70cd31240819,1424,455,1879
4c07e63b0ab2c971d0e56a269e3e916bdd06d6d17b6f7e4aa7658df50f68f660,993,133,1126
757cd38a9b95deedd5cc43332d95f5c59a057dc28fbe98dcb40094dd3e880f2f,1029,311,1340
30c1f6dd046b545d2497116eec4ec8df1aeeaa544422a485ce44d68fc1e569b5,1387,555,1942
f89a8e7d2d8a32bb2b4ad52bd48a3459a710c917d16c85cb68f106ae055cd87e,1432,637,2069
5a993ae10898ad1c1a12a7b602db5de4d303765d0f2fd8f2de28f50fd2f5d3ac,1573,210,1783
d9a9d1e464aaef6984faffb3a0cdd95637df5a9bd553ea1862ffcc37f0ac44b5,1587,216,1803
5653daa486cd5524f9805b089f1c7906d7f7ccf6e3787a51cb40fa9c349100a1,1671,437,2108
bbe3eddd52e49fcb3d2d5786118636c368c26e9b8090184046d381ba67bf39c2,1591,239,1830
310eada033d4f9d970a17b48daeb9833b63883a8cbc8be93f52ffdd315867e63,1500,457,1957
7e7b73c39b6b627ccf6ff5764dbcdb6cf1b9921abe3812dccf1b38b6fd7e546e,2298,594,2892
9694d4024723a59a7e28dbf9428230ff52fd760f60c1413982a04b1fcf84fbcf,1550,281,1831
1f8e89ec4dbc47224dda5e5cf7386863c17a0cde7b25735801d36a8aaad9bffa,1717,560,2277
e509fcf1d9541c27f3a59fb1c528fbaef4dcaa12df106a4cb1cb293eb18c689b,1113,216,1329
8fb10fee46ae6feebac9bedef4a41006b1753fc7d2fdc48f7c28bcd5406dd9e3,1566,601,2167
af6ba9e953e64d721510504407f4d41f1f0cdbe92ebbc7ce6225a325ce7f1373,1352,780,2132
d201ddee84564e49abe49f1a7561b0cc3176010065ce1155ae70ede2385e4069,1914,891,2805
eca68fc0b8b45acf235944dad25db0fe3ea244d5e4a0692072dc39d1955bb098,2329,1296,3625
d036758835cbcab08e91b361d4cc344d3de1926629c8ff1ce572b80354f5c36c,1898,1085,2983
0bfeb8cf860787ade3de35978e9d2a57885eacaa859c573ba4f4f0283601da22,1276,200,1476
c183f1c9524701d31f0b5269cec7908ad954e4d6ebbb810e71bf4eeb9c035e9d,1504,831,2335
40e82ba3ec3a90bf1349b18099bf4af7a78b83181ae3e69c042a913ac0b5ed94,1311,460,1771
ece08c3b582e853a022d3148aa5f7e93ab0389d00a5ff1a92829c0f8ecc20959,1548,462,2010
fdc1fb443b81b60d3220a9e316b089e1e4c2389e5c09e386d6a85ddbda7ea530,1399,611,2010
ac759283aa51b5b4d0480a56a6b7e20c5400c60fe7a463a1eab2aac5e0501859,1797,1011,2808
af2e91ac71abfe339229d05d4bdaea741a2172dc2cc06e8a467bb10cc4798676,1510,444,1954
ea329402b00257a2f5623e0cc18d1b8c17d1f49a2428d2bd1840190c410a10f1,1437,208,1645
fadcce1e00a63b082c236a1e1b8cb419bf5b42aa16f7cc57796b1be037290632,1285,431,1716
2d25089f271065bdf0f29b3aa29b49ecebbf2a289d9f81139ca6573affdd86ec,1060,289,1349
4a521167a008b0faaf5d9d26038109622c3425fb52efcd78418e5fd08aed3f84,1114,205,1319
3d42f8d8e06ae25906358b142e6d09b0af6546d0e0bbdb3629f05cf2e5caad43,1149,539,1688
1caa05b20822174af78dffd2e27572f623585e504196e4c5dea81b610f591014,1524,206,1730
035e80b437bd1a2bc73339ab6d4e78cc5588c6ef9058cd16ed417683362516e1,1058,211,1269
b7b9721d8de1fba359cf9c19c7b2e043f9b552a325aa5686e0d2ec288ada336a,1157,282,1439
3cf3b7fca5ff529bc74f861ab93bb8b99af3866931134e4410b30e46dec20ab1,1623,310,1933
41c1cafefe9bdfa9f0aed91e5af9ffb8f7d654e616d15aa640b7dbf33bd1bd69,1159,657,1816
2671514f6356e8af4e455b9c5b90d88e4f91b6b9c395a06f4ca42a36fb8d99f8,2099,546,2645
bd5840fa7dc413424d531883e340a884f3d3063292dc258350ba38db665163ac,1355,203,1558
ca0f6507e564ec896c4220ae3b6e736506f3000e663bcdde40939cb189073920,1404,239,1643
cffbc12753e77fc8b243aaa274485fff7c4d907aa9d6cbcbc00938bf3c5d5e43,1536,367,1903
77849b05d4734d384bc69d4cc6fbe56a0723bbe59df1eb60b0cad4c3c4de760b,1048,203,1251
ad2bee72b8228c0a224cb7ee209b52db3f555a342f36cde8b80fbac143457199,1473,429,1902
6bc3774cd0ec0d5cfad131befb1c146525654fa739a360736faea91756432723,1114,205,1319
53850f5a957284e84580f0a34368d08db2fc036194f2d318457e6016e3f0e350,1425,290,1715
f81e88532c0db20c9baff4821dc601e8ebec27a4562bcc68d1bb71e4101b2e36,1453,209,1662
b3075a089398bf894ebc0dfa0bfe3cdd2c1a03205cba9c6d6a529f26b1b99ec5,1161,524,1685
136a51802a11509212437378a867ccad4558cc5e5d74e5aaacba5a4cc7e42b20,1016,207,1223
c57128f409999cec2a0df91f5eac4e14619a853992dc2522b7418a809fc1939f,1249,359,1608
be787c7688dd31c14261b262361a99b575df4636af62e7766a19a262c5f7a677,1348,634,1982
b4f7a2e7c914714ed8998a1b3a40cd8fc76cd60244108b3dab9b0e390c9e6644,1090,215,1305
82f8e89bf9b6b6a970baed7f655fc46104b865cdb236a272d853be4a089f25d9,1163,722,1885
3be14c3a1735884993b9c3e0889900a2b33e7955453c0ba89f0238ad59589ef9,1541,279,1820
b00d8d8fbd25fdbc43d23e475a18677bba902577f415d56f868b9cc62d839aaf,1354,298,1652
2bc4ee43acbf06698c5ddceea83cbe07c655b065c1b3036dcb4e50374477df84,1112,204,1316
e5a5a2f16208bd1fa8666aa239608b1d272a2fddd2889e9bb2f0ecfb291a5b8a,1461,306,1767
8fc18dd79b61c7f159c5cf27d7cfb2a7f53ed926ba3ef37b6ffc50c24c2a5af5,1403,233,1636
c811f5e35be365524e08323a8acbf9a8f9d336e0a8e7d65bdd9e4a7a83b469e4,999,371,1370
da11ea7c476561895c3abec4a79afc7c1baea5555fde24521ac5425d77f3b911,2220,1306,3526
110dcbfef186f61fa37b613847ae4a6937aaf8076f7a68887338b4e96bfa2c76,1305,206,1511
358ce52dcf28be7036be6d33513f05fba6999f4af5960e203f87b9b441a9ed12,2071,463,2534
6285f82b95698c9fdc58e3d796ede4c4980662cb9b39eb13700cbd6796cf2514,1068,294,1362
01b74f5ba276a8f8e64c6bd9cd0f333b3c4d5cdcaada24c91ada3b3c9cd86363,1418,1492,2910
dfb349959c2b6e58d0606cf8864cb57d4171e7caf682a3ea6845a7c481c723a9,1022,212,1234
d9b1d306da815edaf5a29b3f8ee41877931ecb3aa38f6c27b172c020c7349392,1752,550,2302
4a155964b2240960d6657a25283c84f026909b0651bf684750d6e571c89c9dd6,912,389,1301
62ad43bda3515047fcc86ba1a915100a7e082896685e24612c7d8c525519fe5e,1114,205,1319
de654d25f0bdfb2e99f3738787a0b1ff9edfb2d635a96d2471ec8261c85f21d0,1839,1516,3355
ac74ca6a2e789e981c2e77c04d7533ef49829ff6718d936d5b83f24feb0d893c,1152,217,1369
e88822b974d1693e973238be324a9ffbe422dfee23e26c87998a482d7555ebef,1312,442,1754
4ae9b46af5a40ff3d4f0f1c0ab3de0018763dce8f777974cd34316a510ec2732,1392,295,1687
a8fb32fad48f54440d57713603e7b08412adaa13ab250ef7eaa00bed326cd587,1316,298,1614
1157f805895b2c8c361c51fe43f0c4a366fd4ce573fde6fe9259169e9411fa61,1351,215,1566
a92b38161ba2f24c95f7bd019164ba541b837389c3030ebcc12e9efdb9ce9256,2043,1037,3080
17c27c408e1282d68a97a59d14f54c86fd65d39f5316ab4306ec3a509cd89c77,989,221,1210
0cbc1be0b3b9c5def491913f7e6a745960261926a5da992d6281eb8bdfe1cbcd,980,214,1194
779c145329874d2125529d48e4e56b592049afc4a12b5035b005ff4767061355,1760,1029,2789
76626afb924b708a67fb7c128c620debec0b488fe7948063efd25f7184223b5f,1112,215,1327
5f5f72cf7a68266275966008ec6f1b77275bfd4fb0155ac3f23f97fc7a41ee1f,1114,207,1321
403dcf2ba7a5dec63a932c39df38d6ed2da11d1bb0c49aca2d2d362587e2c90a,1538,654,2192
88f67a4684d6ce41cdbcc00b4c3fa9f229a15b5b3a98172276a170991fbb3fd2,1224,212,1436
3c09531817da652a6f891bed3d30256631fc36b5dd3833b22e749b92f9f8b975,1028,212,1240
741e71ffc44ee45970257727d8b6cd78bfe9257e8d5d31d1d939916eead94fdb,1271,210,1481
ba845b2beafa72b25203582777be29e88e76dafea5c9f9b0672fee2256037737,1587,564,2151
53498cba157d09c4a1336e60538b135fff51c7ca10a5d4c9b206f9c0c041a5dd,1272,430,1702
7fe26407b32d0c055ba1189210614faf45238a477666ad63bb652dcc62c274e6,973,208,1181
107cc1acbfdfbae10e5bac92e6203a532b8966f781f2d0cc1b1a5c5078a35be3,1942,497,2439
2dd1d464fd1d2a393dbe0063b0e19119206ca3ea3d1b959bf55f64e6fe3e8c4a,1431,202,1633
bf7bcc4b56810e360fe12241ea704dcda86250d3f3f12c3b3a68e0074a57ccf6,879,204,1083
64b2d97ad2cf197ca464572b8e4e92ac2e8119ae8320fd0263d86aba44049d21,1049,247,1296
7c5e66405b604d85cf307a09720c7fe0fae1509d53bc55c867b555e0f9db04d7,1138,213,1351
eea8507f71475977cd499925511267577dddd19d4e40f70039e6b116b68f8e2b,2049,314,2363
e07aef8a541161acc04d1a79daf85128d614fbd1a2d06f1cf87715208817bf80,1376,299,1675
e624735cf4998d0da2195b03129108408df79dde35ed7457c0d0ad88a6533f0c,1051,204,1255
80de0ba3bcc19807347fca2299fa05368258f8a3dde273ac07193e2302e72caa,1166,223,1389
b2ea98692d61fbf73ac2d56d1ff81169f20cfdafd44bb8937dff87d453212f68,1085,260,1345
fdfc4cb51c5b755b9d92581a8fb905fae26c34b910dbbae6205c4f63d1f83453,1005,217,1222
07041716a02f0d0883bb2b0b78c1ab7b20459a330c8a5a209f94b0e53bc037e6,918,204,1122
b28504d63dc65b5bf554d6739bd17701d8a4c19f2781dc622d9d96613fd468c4,1021,216,1237
d274aa26972f904a97ca905b641310a5cf6e56fd70f34eddb8e73cea4b09adb7,1909,316,2225
c7f8e5ef2c1ea76af64d72137967a99a5ca20506fd643cfaf686ed03ed0e8e5d,1402,209,1611
ed1ccfa93cb6ac624d6df38cc4f789f4e2babb84306d101f9096f96ce7340527,1920,1519,3439
f7de8bf0e0a450480e4e2f82b6aa0917969ca1c18d0b4c01efb0ac1a5feab82c,1262,450,1712
7b7cf1981ab43601619cbcf84408969977ec59d40c99bc5e16711442fa72bd79,1351,267,1618
a1d06426514f144a88ae609c7a5e61f30bf32f04f1e572b16d8dd2fab63846b9,1091,210,1301
d190f9504321b9c42e22d72bb6a94e4d93a14cae184d7e824b6b10672ea484d1,1206,219,1425
5f6329a9a5db0e662b50cf87f3d0ce4f615839de865583fb8d35ffd9cceab277,1190,203,1393
d8adaa74f3cd18ed1e6b64aa2ad117aa837564e184e54ed865c3bf6fc0314991,1047,209,1256
b2392024fd7eb986daf4a30a47d9eebefc56b4288165c7ebfcc8fd0f0c4f0c81,1308,210,1518
2c23cb02cbba1d75f92a4309a0149cbcac2d87b716662e5941cdc3f48e0c2a04,2293,1488,3781
6790b52953fcb7d386c7d2a9e2af107be7ae183695777cce827cc4d9b55284ae,1168,208,1376
95f7dcf42d4db8f6912e48b3d94e5e3b5137b9564b53345952bebb5c6096eb47,944,209,1153
2e87fb23771ec81ba094bbfc09aa519347830f17368152d94b6632ae12494494,1114,205,1319
a8b36396441bfd86bb84085e0437d65a81dbbe320cb76ff37fb9cc3bab1def1c,996,206,1202
de229a8d2a5b8ffc10eabb5e9b50c31ac854d7f8a6727b2a0b5e86dc6a1e38db,1154,221,1375
bd7d4ff892d54294a2b2fcb889a8be4a444bae97ad61f438fca7579fcc99c3fc,1150,220,1370
1ffceb90aa18392e4c1f6ebebace20200e0e815806398e7f3e003ab86d383095,986,217,1203
21c5779c49e5923666e24ef93a52efca372647c046afc75ea13ccbb6c4ce15f3,1122,210,1332
1d2c61e03e9f83e962a7af2a522cf3dd2f9f80e3ef412eccffbfdb20a7cbaba7,1545,377,1922
609cec35cdef3cf85dc83367d60ae1ec50fe8c453f4faa3483144b47f0c6f725,1518,200,1718
f53f257d41ceefbfae69897f1a4b4348f7953dd3961064e6a40518bf7e5c1596,1191,702,1893
14ae0806ee841a980ea774870cbe9118e087792cdfed2c77dd35b2984ae7038e,961,360,1321
296ab358173d8e10823c9557efeb3f3a1f61cea041fbe7b434848d293974b190,1030,214,1244
0c6d7275823924889e9d40c2e83d8cbd8a53038fb0f5bb467d6aa3e2ae45bf7c,1114,205,1319
e0b78e1d5c08c064f994455be23a8de6b53dba6cd6908611e63f62bd24098ab1,2252,935,3187
950f77c0396c91f70d7656706e48f3885d105ae1c17a97767bff1b3a4d422bb7,1855,1521,3376
ad8ab637b00f8f023dcd26bada751036ceea72b3c852f7207fbe454a535b6e33,1733,312,2045
3803b495c79ed72f5d744b49dd960d037dcc39d3cbd9d5f2d462da87444a1e9f,1097,439,1536
8885e9a068fa855c523e909d6004f2a9018099ed96a8ace485b58540ede7b4ff,1156,305,1461
15314b06ae4a4b932b10d94d40d19824cfaba52bb6936ac30914cad40fe72589,1661,553,2214
c34261e6eb8c0d491142a7248cc1edc414c37d748b39bfa2abb5bb3be15330a7,1403,292,1695
919225de90c417a58da9e09b960747db6efab0d8ebd7868d512bc07c48a79082,1525,1109,2634
a6cf41be5ae6677f6e7795d19b8d6128ddbfb662a5aa7638eacaf9d600746a16,958,214,1172
20bb32ecdeb980901f1f8e4c7135647f904365f6acf5d3f7625c3fbc065464e5,948,210,1158
049d1f2b5322017c367a5a64e37af91323e218f53b639aa72976b81ca0656b2f,1112,209,1321
9b69d57217511ef021d760c0e25e92269089090c0bd440f3939a7209dd86be50,2307,1641,3948
bcbae1a4e7774a0a729c08208290e847be5937e15ba3f74b6a31f9dacf854fa2,1114,205,1319
e4ad7487cabe80c837486a8f35becd8441f948d4201b96ea77a56747fa6c6f2c,2050,795,2845
bd582ba9f43a252cc3572d7a5f89990b1b834b4da79ef4550a74154e090b8e4e,927,207,1134
c966e97934c8ad58d104dee031c862571d5dead1ff909ac3d7d19600ccea8bcf,1954,320,2274
d6850bd7ce4a895eb8d6bdae14a5d33e4c28babafa75b3fc306f81f4abeef5c6,1169,292,1461
dcef9b6dc5cd7abefea75fdbc12751758b774cee53ebce814b634938e608e60f,1383,295,1678
e4d910638a94a89f2bc94f8ef9592df612d38b2585f2762a72ad741687f44334,965,211,1176
36a05ff146d548a7957a05ac31b9c1871331cb63201173f375098d16f605e109,1070,202,1272
b9ce0d3e4778a0c829a7027c2b3d384b13ff67e511f5f4a0a8a34be035ccee06,1455,1009,2464
811d48ec38b7abaa44139b619ef3c22250ec4f73e45849e10d44ffe7728965ec,2183,597,2780
9517704898d53e91673e89b0f645b0d69ba544ea0b0295367f43136b84f27f85,1310,700,2010
44a0030fd7b9b21d62de8207ca2775e3c4195ad1288946d0786cfa1c4e8f160e,999,201,1200
0dac6b706a40d37c91c2c683e158402eb1e888e2d3a14fe8fb473925cc569c00,1209,423,1632
0d759d636b39b8043b98cacd7da860072e8a1ea37c68b0a5e9ff99491e7efbcf,1294,299,1593
e7058446ec18881cccc09802fc8cf623398fa388ba332a292bc54fadd0c1fd94,1625,1700,3325
22bc46a69ea5c55420eb403b5727a90da0c8c5cdaa951bcc4a6017fe9d78730a,1320,434,1754
416b8c87343fbbd1ba471b9b9cb702be956f71ba1a51751fea1e05179244991d,1975,568,2543
9ec1ace0a9ccb30290e5b26018c331157fd392794d2cdd96a203b34942715ba1,1421,430,1851
56603bb7d1758a4ad948ea7098dc035b2d19db1f3fad00b710d96f59d60dfce6,1127,205,1332
9bedbe404b41569fa60513442d89857897f5edc926a11a91e90905f76c4f978e,1210,299,1509
dc947c8d9028a20f1077825e71ff1ce5215810c184595685577397c9f5949afa,1180,316,1496
b41b9c1ca74674a7ec4e8081ebb5d0c5d3f4b9ef74eec18054f62cdf207070bb,1421,206,1627
027f6c4827f8b69a20ecbb23bd04b54e4e14c66e1cb18d50091ced29677735f3,2291,1124,3415
0ea115d974925906c5df5fe70b59564a60fb84a8b2eb5b81af52b67942e5908f,1011,215,1226
31008b53adad2df0f5145b5427efb10f41f23264d2d36522900cf3047832bfdc,1074,210,1284
b178ab447ab6109f2e9755de13b66bd5b8ba383524ef0d534aa84c168428e6b1,1066,210,1276
fa82f563624dddacad578a77fb292b0e74cc020a2eac1b2dd762e0685e30c5c2,973,208,1181
0cbbba3e3d7a40e266daa2b63ae31521503787f898b08ccf305c6e4c3b3223e5,1486,203,1689
23ed44a206209d241aafd843399497622c5c80f07de528ce90b2d038424a1669,1361,1272,2633
7df74fdc2bb43d7cb26a52e879eb6c4b881d7f8da3ed20ac06b0e849b7b29b70,1863,744,2607
c2d981dee038a65ea911eeea0cf15c8ee88a00ab42a01625bf726b07a2cb3e2a,1023,204,1227
74866c3c21495e2f5f24635c0d706d1be0d6595882cc0bf19d9bceded577ca0a,1114,205,1319
0b72ad947f3103f3d2ef19a0f25ae61eea86ef8b2bd11c71d00653719e77246a,1086,208,1294
69abcad183d5c3d0c035e8b4ce5f481096ff80901bf5106bc255fd524e374b2c,946,451,1397
c8e53656a9fee0ae6e0a1e0cdd0cbb5e440c1589ee3db83561029fa5eb21ed4d,2044,549,2593
b0749ee3673a39b6ba38639f708a85621917c0b77122ef66f36a2269e0ed1fdf,1882,1074,2956
808a9c932c806d40435342b3ceff17e11780a5e1e2d0fdb3e755a68adc902fbb,1812,795,2607
2cf228bd9964494823e5ab1e18dad61f26c835b4cd13e3aabed9c9677673d9d1,1001,214,1215
ddd99fe50a52f1183c0fdbeaaef1a3481a616e9665e5087fdd935a6272ab26e9,1263,319,1582
f7ea58c1b5200b6920a14fd75dae9e1a827b99a064d674fffb8a03268c49c6ef,2242,784,3026
679fd812adfafa1078fa2c95a1bf573d2910d99a06b7e5e624908a13da6ee0f5,1561,215,1776
bc7467f10d379570741a65893a7f1b2c1b47dcf11a3ab55a984d6e68989b0286,1040,257,1297
68d92ecde4b61056bba05bd7e6f7b3d2b1291f56457bface43be1163ed05ccfa,1114,205,1319
19a42f9eb521b47fa1061ecce6f279f168d5c7eeca5dab13afeded40b22659fb,972,218,1190
4bcc77cf166461ff464a1e372b755a934ef9df67b251f40588f8c24c1a0d799f,1234,313,1547
488e3dc85846f089d222a5cb1da66e7ec7de1dc1bdd77b49082250ea44db4e9a,1416,212,1628
bc8bd0b55fccd2e95803a7afa709396f49963ddc4dc4bd7d73c0a639b07d1fd0,1007,211,1218
9c131a415d37d7ea541440354d61ec83cf82d778b8289765e0867a3a83a63ab4,986,209,1195
55c1ef408e2534d39513d797f0d2f5c44d045ec8a5c0d2599f778c0b61d54fdb,2050,793,2843
a4267cd69867921b089ff88b8cbcf33a2a424e3f5d12c1ae92d231fbad599ca9,2005,489,2494
24b99b7fe46c8bb484b323b2d857a6c58f701f7895ba463abd4b2ebed52a21c2,1184,435,1619
1b783911cff69a6f33bb6c431c6a8e24b1be6da80b0f78072f6de6b8ddba58a6,1473,298,1771
a5c110a67161f0e9dca60fdf1c5629660cea3e78f668f42a1aee8fb37aa0506a,1469,604,2073
a9fb912ef3247bfa923bd907e8027c9ab85df814348bcfe639657682dc219a6f,1987,312,2299
f823f57d452a5a4726dc32054f60e2e916a661dda88b3cd3085f017b950a10b3,1203,295,1498
f07e84450e55346797d29147df97ca9d9fc0e5d218696d40dd52ddd07909035b,982,213,1195
45e3856bac1613c2292056121b62bfd52457ffc42b4535a061b523cba22c9ff1,2328,964,3292
a4fc4317782483a1d9f16d57b3a0d32be6cade5e2cd9ddaf569eb59daf2f115f,1264,203,1467
9dd0281c7c49f66bd06c26127d8429f4e858c0db785330933dc65fd9f77cdbfa,1868,1034,2902
9fe17d1bfdcb94706ba26d3d110b80434d43652baab91672619e8ca83e81f852,2013,1054,3067
3fec05502b30d4b9deddb19c7c9ae1442193fb25e719dd6002a31e2157ec5c99,927,216,1143
ae98c721bd3cb5af864c2cec48d39dd65853855acb333e26dd66397788ec9337,948,207,1155
5c5cdd7b2e055d1be0586b9e0fc10cece0b438d5d6d8cafc68e9bde7f9971482,1476,1087,2563
14ab7e56c2fc93906bfe61ac557ed11caa527e2e624a2d5dc6d90349c1d2eeca,1112,203,1315
d95ed11dd65223dd80977f90bf3ef9ba878a1f07bf781e66aafaa0cef518ee11,1006,215,1221
f6d785a42606c1ecd5c5f4034db95672e3fc6f59e44ffdc8341a53b70037ddc4,942,212,1154
b7a18781d625351847121c9c347ad94a94b2a7a92a0605e322816592d7d92017,1605,615,2220
ecf3f8c0e2888092cebc3b462c7ddc0a8d6210a70b1e180cf608209184667b3b,1940,790,2730
779891ca0446e6973ab63ba352dbe01d64f59bba5587ce24e3669ad47883134a,1490,695,2185
90b00bed244e656eabb36a6fd9f16bce1b13ea71c39344345164a2ad25a3d804,1234,553,1787
2c4181ffca59f3a9b08da81bba99c9b15b59c85650e337edcef605de12fa1f2e,2201,1048,3249
b73b5459ad1ee851eb4cfbde24d24a754ff16413f68a742c0686b7cbf53d0c18,1783,1506,3289
79fc012a72d9b2982be109910805a39719320210d988afa3073b926fbe2f9471,1238,603,1841
650cd15b4da5db12b1d9e34fa9504612247a2dde1d918a409ffcfd6bb21c0540,1201,309,1510
6ac2a7287acbdd23e0b4f79152946c56cc7adf8bc40c5342c167ea67ed2191f3,1528,848,2376
31a795107c2929380e348b9991ebafdc9492203dabaecc191da88ebae811f5d4,1030,212,1242
bad7f1521ba5b357a0a3984b13c45a027878d9281eff6ae887508969d2e64498,1347,204,1551
068ac2374fcb2dfaee2ced06fdec1965c5953d563d79ad2a1367984097ba521b,1273,208,1481
949e8512da9ce059a3e72d699b500265afc0fba462a46426c7e347c52391bc6c,1486,597,2083
e97ec2247b38e0c23fc5c603d95be2752530a8f1bb41c5e1ee07a595972c8484,1742,565,2307
9741ed106736017f85e42f894b5dd60e3e5bbac8235efa3d5ad58dc01036476c,1748,799,2547
2d5ff1a12f6377d6c53f3d17f054dd87ee7bff4ee63814156956da7b2ec9da24,1539,447,1986
c903c4246ef9d8fbb86e68c0f274b5c6fbd79fd1a5977d63733b148e811e095d,1010,210,1220
55eb47078f0f9018569ef4c424c4760758fd2dab439cc7e2815aefd7371c32a3,1827,530,2357
cae6ffc8936376395bb73e3651ee8dd469875859e2b0ce2557287da51aa9a433,956,211,1167
4382b78ebdd1535b9154560bcd84230a1a2d954f546f23cf8647cb76b73aac29,985,213,1198
4f90d31a382fcfdd7bfe281fd8ab2192dc9d95181ce4f14b23e2d3e04ff56d06,1271,212,1483
4666cec0f875ba49396e654e24f7344664fe089e334d0759d3b00fe281205ffd,1048,205,1253
96435f5aa912bbdcba8c378c13904af67546473cf68903ee4942d04d242434b3,1244,661,1905
a8eb0569900c49885a591a43fbeec113d0cf447fd49baaece9f26c6e99c48bc9,1424,842,2266
3a52bbc18e14f4ad02d213466f2f483ec4c7b10312ee5cd34c7c40b23a7158a2,1114,205,1319
c1144ce89ec712a65f122b62cccc0400ba84f9d18ac2823e5d6826a4de2e3551,2162,1353,3515
6500d5f64c29931823ac2ea1b1f9fce2236a4c16fbf73c192d655741c2d4734e,1169,206,1375
3a97d27bce7da48291a3699ed7a52b94244c652b58ff76b8a2c2ef07bfbac953,2079,430,2509
38b3cdf7a66df5069973768aa84dde605d6bab3920225b6b1596906d0c31164f,992,214,1206
c8b1a0a5d290a98aedad86203ada874edfd72047623b99d976c2cf9731f9d788,1056,295,1351
68035170a32c53a0593461acbdd8940ab155f7911796c81aad9085e4fb9662ab,1391,526,1917
45025678a6e99f2cfd20acd003d8f2873297036e7448d663a9a8aa22e76b7445,943,206,1149
368c13554f87ee7b31ea5e5f09d280b5dd8682b527683e71deccbd3b1eab5fab,1116,204,1320
1b9ac52735da84e1dbc0c621dbf66267d6fbaf6331105cadad8c026d3343413d,1309,210,1519
426f1683aac8036546d49111a2e6f580c2506aee331538b57f1ec8fcd538bfe4,2122,316,2438
2b439d0df0b1e3d0edf3545b17dab3fa128008eca7ebe1f1245c1cbb18b6f948,1729,444,2173
cf75e71f235c24e644501dc53d307fd162f14121f6e5edb1eb6551986b196545,1427,208,1635
bc7b87e7bce60b0c62f78a126cb2de413acb8c69a4623fe5a00d1006f3a9ec53,1114,205,1319
9ba38666a8630906a9f63e13c6ee96ee4d4bc89907b320880ea2fe7388d55277,1109,209,1318
97a5ed25ded0d03facd202b6178f010cf3b860dc244e241b36d3f975ddf9e25e,970,208,1178
6783468df2bc73e877593303b26ce26a1d59aad4bf3fe59048de98bdbfb714f1,1061,206,1267
90e6bf90be4344a68179564e849aef25885d1810b0bc4bb201d3261e324dff38,893,199,1092
74ce58371e90ce4e29f6f10e0dded9911aaa891865989f450e430b59c1e80681,909,199,1108
9966ef990630c579bcd753eb908f34b21fef0e880b87371b39a09c1ce81ae848,1428,208,1636
41b9d49995bd63b1a800757ef9794b936c4f257b4841c88d48b507661ff5066c,1487,384,1871
57eb2ca240eebe1bdd60533c6951f7d812c8bdab40ade55d3def79d8ec7ff98f,1778,321,2099
00c32110c8e1f064c6b6fa34054f66c2bb53b4db8c06d43fea318c5bdca344f2,2335,1803,4138
4bf3fa39e4b08f84116fe6874ee98aee69f228b090304b67f8a257871702d15b,939,202,1141
873ac860d527807070b5d39f536bde9f82eadbf34165bb1ce26be4e663a6e4b4,1870,1260,3130
7ffed4d4c17b99a64724b2d450abe173711e606c23fe5e04dd8d5c4ccc577b25,1871,332,2203
54f0335eb0d54ebe7e75c177d39e188a6c66a0ff503e760138cff6d69b672e45,1469,210,1679
af1b0b98b2758aa5b27677d9a60c86031f60e9c71a0b44ddf416d4742976f0c6,1374,362,1736
0fef21c26c91baf6d489cfe691120774893df2c76d5f26464d120bb80ebd0718,1113,205,1318
f2cb827df715cff049ca8518d32c69b8a5caa97b052bc54bc88de395834c63b8,1440,912,2352
c2924ed684b7b3d57c8b94585d4685fc6c2b0378ee771f8d2c3dcc954db3de87,1117,390,1507
c70c200505ce157f0fa58d0a98dbc8a30761eeddfe885e92df4910828f6df71a,1160,208,1368
83ec16c659a20bb7b87775daac89b730c67efc4a39f5eb0bbec446accf409a1a,2232,683,2915
9e50448a82993c2ddd6aaa2281a58671d34f929d6dd009601140b9c8e4b73864,1132,294,1426
ea8fe32aa2eaa12822c997520b3526ce59f75881330d6c80b7179ef58538badb,1183,989,2172
0f5ba81c47be289f4d34fd0c5662a651f9ae44fef4241ceaadf2b3fb81efc5bc,1602,205,1807
fcdd3892a14443b06e846d92054321523cbf93b691967013631f9e7e535b332b,1388,891,2279
5b0ccc2bd1649358f66a80c6db901b8b875c203b0e23f0c15a60d9aa05050ea4,2370,1361,3731
26560ceaff5812b0ce05bb503b022e13bb7ad61863bc5aaaebfb539a6ec3efd4,1225,220,1445
2d430e3c7a471369601277758c904a62dea80f6fc0c4418d9c7f0e2762b9fdbe,1053,207,1260
c405c1de02573c8117fc80c3afc3d2b97fa01705d7b96f8e60b264306caa8cfa,1411,767,2178
bfade257d9e376d0f16724e0748e2f6f555a61b824d39d9f11e99271009956bc,1113,205,1318
daeb7eded69faa9391d5133512a16305cc53775043a1f990a79efcede9d63e9f,1474,368,1842
00646812e4a333f7cb2c036c6afe9bbe2a757abf7233306bb342cbfb7bd0bf35,1066,212,1278
bd09a596d25334442769afc3e30be7c9b09d3132f59ef3f93e9a147db572eb5d,1101,210,1311
e372b35d2f692465d80f09c9d99e47a0e40cce6e8ce241fa3bc91e3d056af551,1262,548,1810
fbf95e1dcd82e49b99228f92fc0fdd1a2ff57aee905285d0c99e52fade1d6388,1137,376,1513
b4d05c132fb660e523aaa88e73d661b89dfc64eca1e24965dad2501e44e8e820,1038,217,1255
0b406f93b7a177d0976a45f9fd75aa7bf720a9d885ee2d6f8d50b5af91805e0b,2154,937,3091
0ca73ba3c2ed90dae6f8fda0835c32210c6bf250745850989ba7504d4b1dc63e,1693,314,2007
6587451ae1e24b87cd0bb1c221d80955c6851fd5ce98726401655c3e655ee50f,1711,313,2024
1703317b8d0e17500d2ef79a487f9de0c91aa345b5fa391d2d01070c04ae9af8,1817,1520,3337
66f5fb07504d883fadad5c4676a4080df0cb578e7687d4febdd75a6fe02caebc,1211,222,1433
778955e4449b498033688a8c363975edc0bc2993e6256bef7ea2a5ac03bf749a,1334,210,1544
41877e73c962a46dca3e7a7b1726ea7145df0a89d2f4bf6c4a35de4cae0b983d,1724,597,2321
5a004b22d863b581233b4417ffe06d5797b1e1dbc50221449fdfdd671bb3bbdb,969,287,1256
453670eeed9a46ca1a00f91f4d38d446647a9438eb93b94db6ddbf9de4234977,928,215,1143
8517de862e2e7faa8cdb136bbc43c1d113509c925ee2ee92378fdb5c3862d1f2,1834,419,2253
59e0b2c07bd4f45e156c6cac45248e1a651a05feb27fcea0081c9956c3fdd2f5,1319,201,1520
bd53437516fd6cf15b3f8cc00ef9e1b595996a40d799c73dfbd80bfc4d0976dc,1389,361,1750
6059acd404f28b6e25d70a726b140aeabd812841d990cfac7a1cf24d21446114,2171,922,3093
5df3478eff56e3fc7d08b772a4e4a198958cba65ba77681c6a27a04c51640007,2192,1292,3484
eecacc9cca5fe9da29fe167ba96ad70babef2d1979c2b2e88d8ddc8593f2cbe6,1258,316,1574
ab4c0b405929b155f732a900081ae81f6f3cf7c227ec51ea0a4dc87606792d7c,900,207,1107
70ef7b31438482e11a9e803ef01f278119f27db8d70d8f9c9e8964d497755517,1114,205,1319
81173546616e68935d88ecf67602ba0d91a2fe00015dd0a19e270700daf876ba,893,211,1104
3075a90fa7f6bc92f1743989c3d7e8702e402f18d5133fce768533c2a7af2575,1467,205,1672
915bd2a25ee58bef5de78038975a0f67cdc33ffa042095a28cfd55069ed0d50a,2181,209,2390
0ad333df013433c4ce10bc366f3635441a5e05df38cc90b193e5e2e57eaf5035,1213,211,1424
e1980624351b0f2506daa78090498afb7a1552664b4688b6ba2ad704663f12a6,1828,1014,2842
74f3f5714336e322d305a38556a0995c6b292fc7734709dc8178554ee6a20206,882,207,1089
c52778085b457b369ad2e1c42b5cb0d3cd97692e643e6adea13c712cac1ccac3,1114,205,1319
30bc3993c57dee1dbaeb1f827535caf97535b435026155991b0d9cad199b92d5,1803,313,2116
bcab417468abb0a74bc5b03d7d3bc829287919acef5731abe69bb22ad8de730e,1552,634,2186
54d42be9d6bd0a63aaab2ab82d6b4c01932eed03d702f9227613a52b1fa5bf28,898,208,1106
b790d15bbc6b8b97b81499dceb416cb53a3f1db882b2864895337b99c36a5d5e,1867,1149,3016
e59a5b7e12572cd2b6220daeb7d073e23dc93523595f2b6cd8d563ee3101dec6,1221,470,1691
ee0484685c364b7ec2caaa45586b4bfe02bfd9515fd90b04bb00c5ffb4ce94fe,1054,213,1267
2bf212b92c84fd6ce39498ba3983dc04a02690376ee6f2b32ef49148c8e504e1,2160,1360,3520
161680578c08e967ef5f17fa3697e0010dbfab47b1f62688d12b456930f5441e,1001,205,1206
e2ea1e886bc95054ffcc2121599f2bb9d6677abbee1f46ac4254079c68d5a7ed,1602,778,2380
e72d902783b8b1f0d60c69a729606b69f8ba6c019e4cd34b7e566063c13fb32d,2152,424,2576
4452e0dc3f1fd4e89603b6379a9f183681e35b95ed844d32d37f7ada83fbfec7,1906,1931,3837
8fa2572f95c7ba05c7ebacd7146bd6b2d7848485e778a13a7ba5a91fbf82fdea,1557,710,2267
1051af1a3731f0265794b8e975887944e0f484b2e01b2e94b586d05545e7b500,1223,408,1631
d6b4adb99ff8c5f1820efc81dfef22d1a6e72120c5df8ec63255714b0a9ee92f,2283,1293,3576
76275a421011efb08ffe6996f9077438a7843819d4ee8c5059f33c3713746a9f,2134,585,2719
298ee413868905e133cb0b4b84aac8bc10e01581ea4d79d9311b5d58296d494e,1632,666,2298
2b07679ed153bf81ecf59ac88376af68964597737bfa2b021f241a9c36a50754,2199,1296,3495
ebbfa73d4ff790b10a00e64144d7de2f5eff9ee6f130b887b71e42cc845b8cf5,2092,1339,3431
02a7af1a7fc7433bea2edc0172ac7cbf33c2861b871f9782effcd6f5803f084c,1487,1280,2767
5167195bcab778a310b84032fbbeaa151cd0e1eab9f2771b6c84497777759560,1274,203,1477
1e6d7c6afb97c85e8625b6bab76d6390f7858858f2eecfe3a0912c8e9793392c,1943,321,2264
3eceba54f366ad75da5911b0b19a8bd60717b41d5abe720f47f097180f1a2e8f,1493,760,2253
f4bbfe22b5bf6edccc2f49a61ce4c5d4501111bba7ae454cb000aef1dc3b7afb,2254,1010,3264
c6f33d9a7cc3c09684432ea241a7944a11b189954a3bd9cbd583653d85926d2a,1114,207,1321
676bd00bd959b94319f62b59de49b6a0f225a6d590d508090e1718f00157ac46,1134,556,1690
c259deee26c76387c884cbe819802301b8209057492799e130e848b2840c7ee1,1757,929,2686
d59264a9e682519c4e863b22b30eb0f61f82114b2a1d9647f2972ff1319601d8,1113,1121,2234
1ed59e96d947d8f762e07b7fedd195fa256f33c715d939360c721df03568b7ac,986,210,1196
8696f6c95474682de27138e12bb20a9adaa7f1ff460705fe1908f000b2c8b0cd,2068,837,2905
8e2a098c3cfddeed8298740447ab7219529b507acf81818efbaa44ecc7f6088f,1218,896,2114
7b789006665b5c5cca324c83895d4be6856769fc17c0c887deadb9dfcf2070a8,1427,526,1953
e58877f319526e6bb9643be1571af841f7953d93edcb984de2f325db8b3b8d73,1289,217,1506
3ab0262a0be747e73f8f446ee68c9daa789035cc21bfcdf14df97b35e7efc2c0,1205,309,1514
7a385184e596e8f065f33dbc5844780e37377f652e7150d24fcefdb90b529b1b,1436,770,2206
2da0470c957da1add44979dea3b889323002d39b0be42d0aab6750cfca9404d5,2064,436,2500
c3757cc6654d97bab75b97ab0cc9d6e258efeb7c8f114a0b262179b318a4e82c,1069,950,2019
a6e38670ca60066366de7a41aae8381e98a0da3b1b7c1e7db16f357969de0263,1069,297,1366
869d7864d71a0cf795d7a2b16614f6ba0781b6dc12dd605a1192f54e8c185f83,1255,1038,2293
349f266eeeeb6d48c6c949faca152c835bcfc613bb89dd505bc8fcc00fb4ec8c,1399,794,2193
38b38bad8c0c3b8025cbb7e10c2e48f8660a62b04ddf2986ad169b3e24f6137e,1209,213,1422
2637c213272a984b8c1c3b0f7f8c9c9559e59d2c5e54653f7c3b3090e171696b,2401,1282,3683
5b3fab72e2c1e83972a41574bb7a25680c8e8a0b351734ec296abb7cacf967f4,1411,956,2367
f37e2f5a5879b908fad3bba4498c337f65ac497c4f51867dd11ef064316912d4,1333,465,1798
82a748c7c968560d2f146ed85061c641ced661fe876d9acb91876523cc9c113f,1114,205,1319
da2b9646edc3cf24c72adf838daa818a0fbc8d475d8b2dc7497dca003cbabf77,2024,1369,3393
5ac841efd2a6a5419756ef2dce0c92865c217fcb65cd7b7fd36b4ef8c67afcb8,1830,538,2368
4f71372153a1f03f5e69c00ff71b162a7de75184a4a0eb9e1423e1724e6829ad,1254,846,2100
996db301114ca692b1f8972f7658e0f42e87d9d910828d477a1148aa0ddddcc4,2262,799,3061
84f0bb9905ff742510f153f027c16b46ebb533eabf34dbb2f80b14aa5ab116f6,1136,574,1710
c066233e9fb23a336e54c08418d40996edb4e93d112be7b8d4321bc982f965ea,1358,299,1657
922ebcb0a07d9d2c973718b4f0a7f17ac064ae5d8a674a5883289e5d7080f5f0,1809,734,2543
d425c69dcdebabed3f413eed12536b75a419e44952dccaaa4141daf3abb0be95,1985,900,2885
ec2cca40c20a2b3545cd5d626a845de2142483cb9f41fb845cf6acf8e26e4c8e,1197,211,1408
5322926e78a3e5ac42763fc8884c5e0145f757bc972fdae323c1c7b61fde9afb,1659,310,1969
4130359368da246964710216680a8ccd202d1dd02ce5dce203a99dd4a3561a8a,2235,587,2822
2db7df0d9fbd7cd5c85428b71e6d17b5600a5ed0b58759c281857b63a415cde6,1459,205,1664
52c13ee35406108fb4cd55834156330deb8400e885fcd7d1024201f42fea14aa,1396,369,1765
dd89d2c861c6e27bae39d3b23a12deb0c0a9606afa9239f6043f5d6895df8c49,1231,209,1440
98438bf89126a700cb64a9511a6175d88e88726c7fee00825c5c9686c5f49b7b,1110,209,1319
5bc356a6ff672788ad3aa3ad7fe988764458ba0859b8538daa3885f5c9c7ede1,2135,1154,3289
2f55c39b6c7c1751e394184ac292faa63ab7a9fede1633df01d8c5397fbb58af,1334,559,1893
222731f26d4be57b78e8dad17c0c6bcb68a62a7cfe55a363b80428e031b2ceb4,1114,205,1319
e4defa9c28a51cae350d8784c9c25c1d0a13450b0c19b3305ab019e828c14e73,2281,1138,3419
292a748a85f7628c2b41736dca3e25b9ee8ef3ef82684190f340db2e556954d0,1855,470,2325
816c9ad08ea6596dbede444f16f5759b15d7839474bca37b95d4ae7481675b47,1565,460,2025
d325253034a265b56ddb882c397f9b2db94071c800b91fb95e0fb2c0a5b1bbd1,1917,920,2837
0dfd460f621d175a164edd7d48501c4ad36ab8af45a9e4bd7f887037b681ea37,1132,451,1583
018d22f88cd4daf80ad3b8243bbff7d52a851985f3e19166a90d92e881c5a71d,998,209,1207
97eb8398d94c775f32d46e88efe7f590e43cbb2b181afd048754c39c0211af62,1577,215,1792
eec4ae6f9824ccb1596ae1cfec0cbf20558017f54e5aa1a2172dd70be5d7b444,2088,1270,3358
986335c871c0eaaee00af19feb5f4e2f63f2b44eb20623ab0433a2f86e445192,1161,769,1930
47f704b3200b9f6a7882d9b9d2171304e8e79266d12937a5becaba4723a27099,1222,304,1526
04cf89de3f935aaeddda532ca33535f5af31e721fe0c39e98d94855052d74e02,1114,205,1319
58e35113723b0bad3afd38b21a26461b7944ec0a53f4ae461a6e3d09d555085b,1323,364,1687
9d1cfaf4ad1d235cf42f29bbe2879b796fb74fabd34b1a4d0165840e82a82a57,1461,205,1666
6bebeb30d338a14370d34709d1181eb21ad480b03891d761cfabdec88287638e,2112,687,2799
2b9d6935f665ae8e736d12b14608b8d1ec50f9f9bf84adf513bf9eb5d16654ed,1388,199,1587
2017ead98676593e2382a0f1060e7e47e8e9653e794d520916b09d513715343c,1059,206,1265
42a5f794cc56bbea1dbdbe0f666b6388293482a12fdfd1e12b858a6f08e1fdbe,2280,1531,3811
176eb4c8806957ab4f65fd38d88914294d9ff90c307c402b24525e2fb97651a4,1502,521,2023
a664498b1c82daaeac70753b76aedc7b4eecdc43efe3913f15bfbcbe6e41ca68,1350,634,1984
6937a447fbaf30881c099412a002fd1770d9d0f11b4ede46f6e0b7a47a509e6c,1356,2606,3962
1204889c8287c4d95fc4a4503b035b7ca1be871fb681070e45aa4864fdf41599,2311,767,3078
f19ce4a879b4eccbec6a887f6a4d0a25d5184e22ee925eaef95f490d310ba8e9,1650,897,2547
b53d0349b32bb496ebf458e7170e90d2aacbd15f9bdf0d77a0cfcb6677d23484,1504,290,1794
fea0c9bf73d092b3a7c71b3159bcbf63efa7a975d99f292d1cfdab8c5d6c5ac1,1114,205,1319
405fad68adac53c248785bdecc40277420ab748fd87592e2ef28881fb9767923,1401,291,1692
89cf8473cf4748a4665f3202bc0ce40407606b33c5c955e3f48459ca054475c2,1570,202,1772
4c459cd912cab928cb7f3f73e56bdb733d16907a0327028a1c3480719450d178,1459,368,1827
e4e391fc6633b9fb498f6515feac0834f7c9050d16ef2917b8834aa675941f1c,1047,1169,2216
115a22342b5d5b710c4f85460290e1cce0bb2dd0265dbc0e2b047f213ca518b5,2282,719,3001
981b53ec0f7de616f802a90abd4474ac2fab1311032ea3b9b98c652d322b1713,1743,452,2195
0bcb99020c854b84c7024732695410e2b6da7ff20e1af9a33dd46f2bdb0d7e62,2251,1086,3337
aa98174e3a33c2e0ec3102bb3a7fa8d9b197aea58882fc3f362f60f0af7de5d8,2098,668,2766
3ad3adb56001adc5b9bd2e6c904bac488290d0c4cc5119e8e7ab36d13a086380,1792,312,2104
f10321cd145f06a13f39d7c6c926932db2fcd3a0e21f9caefac44714ae312d26,1565,935,2500
a7318df50cc582bfad00b1d2264101f27a39da62d1a9caec58d10f46b5bf289b,984,208,1192
fe542b9651c98cbeef3dbf279e763ffec4e2a1912cd4443e06e57482d34de226,1730,1202,2932
4cb07877d5fe67e653928b98ce0dd9e7afbe9bd4038bafe7378e92d705cee1d7,2297,1415,3712
eda22652b78949e5375f98460d6076eaff4faa940e31f7215a858182691324e7,1082,211,1293
57d30ee8f49af18cfc660b2ff9e795545d15f5c37eb449d812c1f9e64676f7c1,1628,315,1943
59b9cec8ec45a589c5f588e779891d70129831b51b2be0da832cab761ca38652,1541,358,1899
d48e7cff73f4ac2aa8223ad455e48b0957ed3c0382a15a585030bdd3480d4bab,1491,207,1698
86b724d751743356662ac33731875a0b82c1f14598741de13395aaec3b07f6d3,2219,447,2666
0b171a0b4a4b2a605fd393e33ed0768c0fd2c51ce4ce1317f2105c9643333167,1247,955,2202
65de919957a06bfe2f539b8e2fdda0700e49f3bac8bb15180b5993e202de4ef0,1204,431,1635
1dd87f1981c407dee0b9a1afa7420ac1426b830d5567f61608443408228d5b8c,1426,322,1748
57e247749b48ada765f65c6c1154a7e3b3795dfc5462c0f98762650f42fbb968,1057,505,1562
65f0c71bc26d7517f1b3915378a80dd1f97cccfa3ae2b5f11e08b660bf922ec8,2244,948,3192
1ec0b2431b961497378c8823b130b19557e70fc1020a629569f028c895df7d72,1150,1262,2412
9f304f9bccb5bbec48de4e9031ba24970f7aa8cd240b9a4fce56a597d98aaf01,1814,1152,2966
2ca8a9a96585e0b14fbce9e19eb12a304e63faaa9dfb05d4506433e73973da00,1183,193,1376
ebf1a6b99a4491bdf8431311c604da32aa4e6f57bc2b81e25df0cda80715c5dd,1201,315,1516
6b68eed05ca70e88836e4714560abedd14a6b42fdf570f30a654c3c79500bc32,1168,222,1390
4b735614a4ef453b09a79f5e8bd3e5deae6969b69fad5582138a99cdd93fd041,1336,541,1877
9e0c9fd9dc08c4d03e48374f763230e5247fa06682f6f0bff59cda93a9792979,1691,332,2023
187508d937f92ddae21deab4fb49a8774f5582c90659e11202a43821888d61fd,2336,1949,4285
ceb715fadf69cdb3e46a51d73c7455e7358aeaca3f5c2e5a61b1acc594d70d90,2222,1796,4018
89e7261b9b105e1e099d3d49ffe4e4f51ade64e9199eae54a8bcaa6abb8ab6f3,1108,530,1638
cb54f2badbccfe5a4d746617d658f18b592b15cd55562b57e6fe833c4f1522f3,1694,320,2014
2bbc10b1687bfbac5361d5291d7afa7450a8c73083c7b18f9cf781f357529776,2295,911,3206
cbcda48391bab235faca70e70a416c91754bd6eb7d991b87190ca5c5ed1924a3,1479,284,1763
8282e6d228f9d3c2e268f99d35ac0f124b821830d36ce47cd43de833b1f0640b,1591,214,1805
1a6afb0e552429819c4f4fdafe83aab5be5ce7db47afed9ddc4b0cf5302a57f7,962,220,1182
0f7d11966c391b5d052d82c7847bb8d6e4b2529b34828bffbd214836f7a25872,2310,602,2912
c0538dc76c769ad66b11511a5956d83ec49e5f49851b5dc3d79d2c49b3eddb27,1114,205,1319
92e9ffda6a9244786411346905e3dfa421d914ac6fde048514f7d000dfa47cac,1297,209,1506
cdf522e431c06e82df1b6e9e96bb30d3bc105410323f7cab8cea01f68f79e003,1178,622,1800
0381fd7ad8d49f7065bebcbb2b37e1b1e99fee40a548f7a9099f07b662c692f7,1458,209,1667
2fa79818ea3d32f54e67ec64df8418399a58b35e61c6f2ce979c75cafa5379f9,1351,202,1553
9d04cca0c2e8400dbebcc66768d363422ee59e4e43e53b5d21209f6a5a37017e,2141,347,2488
fb0c106b2aac469fd523a41a404c63eb8ad3ba7a7e61f35a286b7c2b662bedb0,1080,205,1285
db93670e8fe02bd5552eebbc419d9593bb3f856d81be92f28becda768463c667,1085,203,1288
15a95c76304d12bc8961cbabc9e2e638d7ffd75c936d9f4af1b76e23bd25053b,1064,712,1776
74151af70e921188af8e52bbcb6538498c91ca72c30fa3bd71b36f59017983a5,1504,136,1640
41add1583264e7c14e99e9637d47989187b6142f8c6b7ce0778a283ebc75334c,2376,1560,3936
d0cbc3a422c25b5a14b988f4353e5f7ea4392d4725a1c2b423287bcefdc0aef5,1155,206,1361
021662c2b8eecb9f789eb104e64e3409d562ccaeb3b1fa7e12938a1850c854f7,1146,693,1839
2d705593e33d7d073801f56ac207bb87c9d62dfc838e4cb28ff590fe8dfeb07b,1113,205,1318
33ec8388e74d8ba368b6fddbfdf76d999bf8a5b29fce15cb65276f0e3be4b532,1141,205,1346
4705a78bda105ff764a793f31b92f75527eb7762bb080e2fc0de27509a32cc57,1397,214,1611
a831726a3f2e8e2c3ab09ceed679eb2f90c386cef0c73c1906031727f858fd0e,1173,250,1423
0f43a2118bdbfb6d61ca056341895b8c8403cec6ba606da42c9f39473fc3f0b0,1902,425,2327
e47daad17da012777bac618a42510c8861bd1279026d1fae5a54ab3fcf1d7824,1531,535,2066
28303b4a7d9992ebfaf26515169bbf2c1daccfe80ee1a22f179981d184426813,1381,624,2005
30edbaa17de549e63f5c4ba413a85cdcd9b2d226b0c4193dfb3a9bf2aaab4091,2278,1042,3320
b258ac0f9b7140c3592345d5fcb586dcd2c37101eae444a4aed003509aab1189,1793,658,2451
d98c56db4dee679f4de0347174eaf999b41995aaf0bfae2ff45c284594a0925d,1105,203,1308
a01b2a027c574726b736b4540ee500e98b9a945f63ccd920a01e683597d35c51,1556,206,1762
e905fb5b528bac7b438818ea87095414cb5e3e44672e80989abb8dc8b596bf25,1191,539,1730
4150f4f400b3eadd4fccd1b32b59d07d303de7480a31d7f54ddb19193061c09e,900,221,1121
d5d8a21093efbb4dcde67e86220ea9b4821623501be42dcc1c3a3bf2f0124d39,2263,1305,3568
bce6ba995665a6fd7bce41d5a7cc1efcf7bd2a898dded568dd7e526eddd7be2b,1284,216,1500
592542ccac05571e5558e5044964acab8db93260a862a918e5b7d18cce80a83d,1335,206,1541
6433a1f7662d20daa6313683cac633fa2147db4f47e82b860af9055c69bccb69,1428,682,2110
b2c4b6130cbccca4b78de4fffdd5c64db33b143fbc4a21ab5a7b647b4de67bc7,1091,204,1295
2159ceb54e1b418a972e6107ce25db405ad69324b924401c6285ed6a2d580cd3,1965,793,2758
ddd32cde42be09b3446ac0d2750ca15999ca163a22e601e1c143c9c57945f687,1471,317,1788
ada78b9e0f2d07deab5bbaba20ab9b0e000a8f8c0b6205c31cc6ab532fe30f08,886,211,1097
84df4d3314adb48599d04c85518fec4044f2ebf55292fbdc0778816d5dceecc0,1510,207,1717
101c99d3b1158fd857dd009aa71c0903bae7642bcc2518550fb886e2fcd877a6,1372,205,1577
b3f5b2356786700cbdc5fcc55f58f8a88a4748ec73a17afc93e10ea3cba3134d,1282,617,1899
634efcb75597b2afd1081638122ac0972915e059870d3bf99de2f974f9161317,1226,205,1431
1c1f54e2f3f885a11e212b249a5dd4165004c734099784a58a0fc64b9686a870,1113,205,1318
0a32035d220bef0e590877e1227cdcabdeaf9cb9c933b3bc50c18095bb8b15ee,1535,428,1963
1880d484b56273cdab52b8e37cd56e8b3584c4b11e9b90c6272b673fe0e51ef6,1554,3457,5011
e1cf3c09f9d7021bc79de9fade36f15d1d2f402c81d14a1721e2776a24141d4f,1114,205,1319
08dddd5ba5989a1d7473ec2185e514605dd5374902aff8a3f95b961d535e03aa,1310,210,1520
6787311372a6ca229c3e086464356cc86eb50c2248fbb0d4867d2ca54ac11053,1106,369,1475
33677a2f149ac564438c16f80d3f91d4232eec63cad935546a41b89ba1d3907f,1545,373,1918
4603074abeabe06f7f525a656622c2a6d9dd7608a7aa75255268fc9239a318ac,917,300,1217
28a08d3b03f20e87f8a53003983016108d596371611fd19e167a198f7c612ad8,1041,203,1244
272fa5625b126ad836c6c75181099d56140458074d5987003ad48313a83e959e,1601,553,2154
c7a681f189bac5265a841058fd1beef7e856c4f1e83300fd7cd064b56482307e,1029,206,1235
4373b9814bf31a9483ea16859dd7eb0d488f2e9273a8728325651a80835a1afb,997,209,1206
1f1b731e6310a4c94c6097a7672c8125678cae41d3d05b756ce22994e55567d3,2159,751,2910
acfda3bb5c592e7953d5e4be5c350de74598c35fbb58959b8acc814c69387413,1562,211,1773
3f847b8496484473900c021eb1f8f7858ef3bec9c7645825ea1f612ea155ce23,1298,205,1503
b6d2561f2c6c1d770738e184e80393c5bfff4100ef3fdf773cff669ef3e336f6,2224,355,2579
16b544a55ec5c4449942c88b4f503373972d0bc9aafc134e0acfd1972f5a3564,1755,1499,3254
479306e615cbd2318a526fae0a199a7275c6fe0fe2e0fa62c731eb1fbe1cebab,971,209,1180
876f2e034b16cdecfd909950698f0e2e8798795d610dc302da73fc0326f588e4,1032,215,1247
a9c88b3f3f787ada5b8831a33440ce559464781478044d65abc5be308a1b4ef2,1287,385,1672
2db4e022a3fb0012aa77bc5dfaf5db203f3d599eb550d7db30030f333d82dd5e,1272,251,1523
a5ef216c8c9090249316f9cbbd8d8efac8a515080322a0a6bb815ec78b6f327b,1321,634,1955
f41b7c310b8cbc8e3c2adf91d6fc677778e07672d20f2f93d4cf7e9ae4565db1,1154,212,1366
8d4ac8023304aa812a7d4b6a98fad4e8b82ddd4f7833796af72f72fd645b5a43,1404,371,1775
bae243fb3f011f13d62280f9491cbf98202eedfdff953720771e3a1c464b515c,1115,205,1320
f76b5c5ea390f6e22316a2613cd1782929a5d3bd25218b8d447338e038c423c5,1277,787,2064
c35dfe4af04f39942e8d85c650e0fcd2027553e93aeb7d6e647e719cb04d3fac,2108,879,2987
e4785d92328c1f2e93c37d15ea28f1da625f208a3cf04de8235e0c62f877d767,1286,858,2144
9c7a83d96a9c21a6b701ee8af2f2a41632218e44f0b23ef9ce03fec9c0652b1c,1337,466,1803
7c5214cd7004b7dfdec38a22c49b456bb3e8a5d49a5a2915b5dc731df2de6fc8,2059,334,2393
c58a75aabcb1c8e6050de5ff1e9d912f2d5d7c58822f2fe14dd770a2fbebe85f,1520,207,1727
bf5bf9679ab4383f15d0c2f88424c0b6658efb3ca1b19358df07b0bfbfc82cfe,1496,295,1791
9f0766817b4e16a1cc9ba2dd7e6c0ef7c01a781a5eeef9d9f01c31d4eaf7933b,1913,1520,3433
499f5b2a1d55872fb92da6e8053a53414408c375628f535dee634f68a49973d6,1414,527,1941
495bd1ff82bd77ed8368a4b4e41b41b7954dfee087ab8ad01e796484d3806447,1537,361,1898
e54e4ad14a566f92e6e83cd2b3f723daece811461a7ccaa654f042e42e4e8b3e,1683,962,2645
ffa5cec65b0c3c8110500169ee4fa9a3507c55a951d51750fa1620855fe5d713,1054,208,1262
018ed43aa9354a34354eab6443c5f338a96ac7bf306a45148d81b7bdff26b120,1900,1161,3061
cbf9d597a94168a401021cf34c02da54ec82da862600b306d90f55eab147aef2,2269,1842,4111
2f62cc2b81d59645a6c77c9a582b506b2e1ea1f025b21c9ce9c8f785f3b2b9c9,1135,453,1588
dc41e29c548e3be6be6762ffc785a030d016267fc4a89befe15bf1a6da154e2e,1041,329,1370
983cab946392ebba271d0ebcaa3c2cece4089fe453bc9a3c056c1347499452c0,999,383,1382
14fa75661af0b11168ff3b26b093f3721afd5d10cd6e33d5a0d564ac66a4d9d6,1081,367,1448
9ac957325f638800034e287d57e29c874942b8dcfbc13f0ab8dcfc5ee6f8e3d6,2283,940,3223
a17e41ebe34f45b7c20568a927f66caea8e2e0d5d047f3a3fddc7dfff83119d3,1094,206,1300
3608b9dccf28a9498328dd1cedeffef768c75cf102efdd712525522cb0d83c81,1669,910,2579
3110452dd4753aa97a26d7460b4d6efbce736be3c8df9d593211204af0e40c9b,1573,206,1779
1cfcb3530244d452d4ad0b391d5a6e95210bc89ef5220d7b6e3b4eb16b0a3f3a,1562,210,1772
0d0c3ce186bf2e8a265ee310464224e1bdcddbbaced6801a5f90a6ce5643bc67,991,206,1197
3ddd4f69e75c04984eac3bc3059b798f0df3132fdf7c2bffe68b123e3c51b6e6,958,213,1171
0e037d0ec92b890c1f5f975bda423e99e4cc8a265ffb79730642357572e336e3,1040,207,1247
868ebb431c93dfcdd2ecd643971dd595713d71a222682c6f39a507850c9f990c,1570,207,1777
983112d3e6515ba0090376b45218409c9ec4968bfdfe1dc1a4891158de1969d9,1115,205,1320
2c7ef7afdfa5b285eee924bc628381ac9cfdd32214f3591175e61a24f500187c,1534,207,1741
ffaa80de191111f8cd21e9a56671c8ccad8d626af2006126c23a7729c8e97801,1187,214,1401
38738806cda43e38b68e2b025a46e66755593014da6b8b417c81e58b5b919332,1966,664,2630
7914026cf4331617a39362684fef7c90c2eefd2f4a6cb2f084ff0f20040f9efd,2172,453,2625
398d8d295dad13bdf4829e1f1469592d7103d61e786a85458acc61e9c1b724e2,1581,529,2110
efd7a396ae06f1ea4e675f1bfdeaffa77d56526d87e7ae0b53d427a874867f9c,1513,358,1871
8b913fac588cddf01bc2f13c5d4bf8c10c6c98e7f36099d2150ab69b94d103ee,1433,689,2122
161cd93b226d192730aafb8e64241bdebdec1839b8e1fb0ddae64e7d9589624b,2377,1520,3897
5bca25a228e63e4091e19d67b4da6020494c2360236063dad1a891a2d4af0d8d,2208,900,3108
699e6d1095626f5206694691ea57b45c7ec1fa2ba66f66ab9e0edad0540a8c06,1610,585,2195
ade9544e422a1498255ca66a6c94108d6dd8d404cf205b485f1dfdcb1f840676,1830,539,2369
52c3208e16d44971e9fc4fbded88663ba7c868e844fa483a9579cad50dfd887b,1633,537,2170
3f180c19d95a726df402dc36ad064f340d5f7eff6f16101c9979ac80e1ca59c0,1542,243,1785
62d584a8086674a0313f9433e5dee168883d06ddb891de1919070f298d2b4740,1906,322,2228
9235cf4379a52f8f5f02f065c3ae850acedab40160b23d0e19ed997b107a9028,1381,352,1733
b0b5a542360a679bb87421399b1aaa8d26a7a9a6d58e0b655d8faff1a6d79e7b,1043,216,1259
12c9c6365aafb78bdfa0d79475b4bfec6460e01820009c54078e962fd7f6aebc,1372,209,1581
a59e47e6f1288f7492471314d0f89ea50c397b2d00ba7d7930e6eaf0ee8396c2,1153,208,1361
ca8d2b7a3675dc13d683399bd6860136a62d5841ee071b44fd46ab56e66e35bd,1808,457,2265
da5b42f9e2c99b0654e9cd3d0ec42b1c252a2cf91697a3cd48d4c52f4a87b4c2,1495,207,1702
a67003779dbcb9b6656c7e6fdb80713a2af8b761004b64696bf509eef4238737,1674,321,1995
04fa5bb1494e0c6964a2a7ea3146ae41ed89b707e5087823bfbdc44d33d00316,1284,203,1487
101f3f3f2b240756d09ad4ab94f826e48c7967cbc69900a13ce9d92ca230009c,1238,1514,2752
d088317fe99c446d27d852cfbd3791143db46955e9ada2267730dfb2316111aa,985,205,1190
34c681ccebefeda826ce23ae0d861aff719644a745fd8005e979d50b6fbc6244,1115,309,1424
cebee64da291a267828ef5c3ceadd528d127344c5d5ea41f575688445c9a3f8a,1405,1151,2556
54e367970c02f69ddb8349590cb4c46c1804d176dda6a84c611b5cf13d9da632,2145,320,2465
03746f88572edbce8ed4aa3247eb84f499c3ba1090e512f39e7aad2b8c43016d,1288,211,1499
913c521fe35e93896a541e7eeb6a21e69c22a6b9dd38b20ec7c6c8bbb29a591d,1542,351,1893
e489152e31e3c0503ea9c06875c4dfab001f80a1082f55f60f2808d0f29c5fc0,1319,817,2136
cdb971afa225a27e9cf47b20444d01fb161ad94b8aad2ad4f220fe3d0e1f358f,1001,200,1201
b585e9d4e90ae284cb83f902a350d8bfd0e02bf9e8c548ce41b5ccde1bbdd2e5,1128,378,1506
fb1c350b34eaafc63ed11732ab23a7c878fa7d079fa792e0bc6a6565f194a4e4,1012,621,1633
f90fb73d35b7e8c6a20b6001eade8cf8ea76e9ec72e16d33e6fa63bc092b4bc8,1115,205,1320
29ac3600846bca39b3316432b7c6a7ed9ed91517db9dbbbbeb6013ea1e417681,1066,212,1278
aeb357b8e8a093ffd4393b0c8d052cf2ef37f265c064e91f7fadc1234d8eb026,1514,206,1720
a2e397bc6f90ce6b3e6bb15a61c6b4cc7ffc8ec29fb006ce88bd7892e685465e,1148,209,1357
a253865d10e6babeab89681822b990e02dbdfd996356efddca526088c315a34e,1164,640,1804
cfb39b26e6e5a9b567231e3f8875f8789f3fa14c2f1bcfc407cedf79edc9ee4f,1683,511,2194
ff8cea703a198c0a72d9544504cdaed2f967d403ca7086654852a4fc9ac81d9a,2034,808,2842
5efefd40ee476d46413373fe6afa859540f311bae218acfa40b766411dad8672,1239,204,1443
786f377ed4e292a1cf18e2caf7654687f3d4d9b987639c6cab6b05a52fd223b1,1581,368,1949
0cfc121ad9746281d966ed5758c60cea261312afcbdccb65aed4e497ba434933,1206,755,1961
cd12cf4d555ac34cc95341b084a9d7f03105b6b10e4880941c6945f3ed447fb5,2167,805,2972
22e71aa15bbd484e18a6d6ffded3b1356bd34bd079fd564f22ab0887a7b89590,1270,204,1474
7ce88d371393c2c578dc4ee8d1ca4747004b459abc52ac4377134a6ffad0e03a,1856,917,2773
e08e3a34df865c74306e53eecc815d0a120fd71746005c1182bed3f5c3965b57,1552,212,1764
5d8c1fd06cef96a9ead6039e4269bb3a2b1e00468662fcafbf8b9f23ca01f54f,1258,211,1469
9add898d8ecd77f006f7bd5e9f1a7b0511859e337da59c023aa0b66012ccb2d7,1441,418,1859
ef27372562c3ca9fdadca0b6280b98bb310b3147cc5ced4111a73d34e862e87f,1527,286,1813
69c2a2d1fc8477003222f18e9f9c95032dfece1b562c6d4fc5292de03b1ea756,1509,448,1957
31f6aedeabe20f58e67f728e2594cf2dbfb77d31709ed5a029a0cd9d423054e3,1115,205,1320
9d7e1a5053ea5a24068e214c954cb8af4406b6e83670fc5bc27bbb1d4cd904f1,2090,333,2423
0b704306acdd6e9dcdffa7f05ece3e7321848b367ebb483520cc86f2732e71ed,1137,205,1342
24596108594ae180b49c3388d0237c7e680223c1a527c3cab84292fd42f122e9,1716,380,2096
8cb7dc3f66128d30fa56b1434145a4f5ee2dae6d63e69cddb94f32fdf43548f5,1704,796,2500
0d8ebc47599717807e8c522e4b1a6f459ef7b58883ded5d827af660e64e3c61a,1731,318,2049
447b01b60160816061fbde570a92b928c1f5023c050c17515f9d41402010c079,1247,307,1554
72075f3b69430133d30c361770de6b1fd4df77d9fbb602013c515976d56d0db0,1626,1885,3511
fc309901d91bb2271fbd6e8a6e497614e6881746eb45facade5e6053f3a32e7f,1586,789,2375
452797be773cc26bcb336391303ff5243f553406db7645bafdc19f56b154e8cb,1394,213,1607
7ba4f5d6f9b64af9b2b9f10ef799ecbb7a903aaead608bad7b3b19f7c71f3b63,1514,490,2004
4b55f7b60e33c73b94dc5d797ceeed6ba18a74e33798caf87c3f37a05a387de7,1702,907,2609
91234e3e780b48fdc7cf66fd582f0b040b44e20e45704f84525a49896ebb2d15,1522,293,1815
7662377d41c8578df8311195f98cc14a333e0497c46e325e74a315e3033ff71e,2359,1098,3457
55e5e151a93a5bbd60a3b5ba0491d589aa6d1f014651418d6ad121f1e16ddb1a,1606,530,2136
5a1e64e1357aab72d27b4fa81b1e3a3132b2d19ca1b368bf29d553a5e1bfa8c8,2272,532,2804
c2e7fa27ba3648c57c68d3f973ef32cf78ec32bf4d8bb4df9933ce554cc8ed7c,1107,308,1415
995cfe4ec317bdf8068a18993aebee25c9711c660ef74f9691a9a7de7697eb70,1207,656,1863
076122130875b6f29612e02da60750e32eb343a11c7b2a9ae57019797def267b,2182,1137,3319
97fe4102b5510bdf6cf97497ce2bead98ae0a660bde3e58418619c2ca3056148,1132,231,1363
d9f08a8da84b2e2a6bd57b77c5ceb056921c0618560970b4d8716663c5a5862c,1117,321,1438
f2826ca6a6f2eec0340416301f152803f36102d739325c1fea8ddc49876468c7,1662,996,2658
4af30c5c8edddafb457df65081da47079bce0c48dac90e05260ca07c1d937703,1678,425,2103
7bbe6b3f56a37dbc43067e9a3f7212ddc8d2a4097c2aa1bb15de4bf42b4faf5c,1110,213,1323
fe05bca0bbee40792fb6c38637ce9fe595b2ea16f0840791fa9b03a49508d2fc,1115,205,1320
2b560d23c6273e60b95bf617cea442384ee93307e7a9fe70788a275081898e2a,2033,954,2987
ae96a3de735ad2c211331f2067f9c66c7f7a0294bcd628968fc51e7365f8711e,1458,446,1904
d0b73d8aef386c9920ff267e856b3efcb063be15628786e9955085f462a491bd,1481,770,2251
4a35642d4cc3a2bd7d61a50526a783b4e09606338f34a37be891893389229b43,1523,698,2221
c27a1661fee279815aa0b4b4e389e9490b4c641865cc75565ef5ec1326907eea,2236,556,2792
29863c8825f3e52ae6eea81ab6dee84d91385bf90f9d126a53bf767306fbefb5,2384,1846,4230
e030aa3cfaa18fce5a1c2f279ecad34e164b80fc04954fde1dc8b737264982a5,1263,466,1729
d76d1bdf41f6585dd88a6724af7178c95edf66cac73e99f24c098f8a72a1fb04,1236,214,1450
0dddac1f295fe493a50facc50f5f67d7435e3913eeef07b8c7b254acc0cbd1fc,2238,653,2891
3c387398716b74cb36e3439ca2dfd6f420849900d5071ffadcbd191e653896e3,1390,248,1638
97b4e1866c817c213a381ffd182afaab96fd14503118f9d7e63afd47a593a790,1723,769,2492
742163d745d7a4e1e8d93e21f969c5ba0790e433fe11ff422b5fe35156c43a39,995,210,1205
1075a3ac17fe0cedb0804e209a0421cfdb6a084f6754d0134364c19afc7848bf,1115,205,1320
ad9ecb30d173e91be81b5e65b400e81b0a24ce2e09a7fc1417476575ac152575,1056,755,1811
80ee30f6b088be761c244af8c799ad7c83cad070192364c4b20d0f48d46d508c,957,202,1159
b2e5c4eca2bf06ae08cc679854eb4c1224b188be41f8c6e0527564ef5bca656b,1388,203,1591
c78c2b8c4132cdef17f3dc1cafa25df19813e982bc1b2d9a75ab8d509f05896e,1409,371,1780
e7f6a0a986e257140e1148cad7ef844c52df343313505a70fd054bc1d7d3cd14,1346,213,1559
356330a365d0705bd0b55e894118b48230d08504a7b70aeb77edddf24f599833,898,202,1100
4bf9aa8e5f845b882ce6cc327d0fce9754f3dd0a0efc8c7a65ef3f99157f23cc,1178,458,1636
a3b84f95639c3554ae89f8923578bf6f7d31b7a441cf0ed9800b171c622b0346,1322,465,1787
b5d52d73c4bad7d093774d8f90acb8c2b78e4f3b17102dee1fa346d84e0512a9,2150,1237,3387
6120cec8bf9802a4f152368db39cfdb0867080c57d1610fd8f587516e20d99a5,1419,220,1639
edddd1c2b559da80627888e03d2cfbeae8d5e3e2c6d040c029a39343c4609150,913,213,1126
04b786491f757bbd69dcb56a877b2ce2e59de4dfb3ad60efd0cea7b653ff2a90,1784,336,2120
469c3ee232e328c42048a028c92cb0e7d364947b991fe15fa46ed26a3ed8d5cb,1079,215,1294
f43016868405d5043cd262110c9897ad1705ff9f03b4e88d759b81eed782d32c,1458,204,1662
3f49fedb8baa68b257a4a313d63a92fa63751d69552b44e8f549e73a9b4225be,1158,351,1509
8a65a956c831ff0190653dd98042ffdee905ed0723cf66aa9d4790e090ca498a,1520,220,1740
079623059b53b9e45b9617ff19c7501704cb96ab28488d8fc6c49f733fa93e6b,1413,364,1777
f91c82ac7791b6c48bbf3a109ceb5cfceac5ad42dc10e3291a0e45607ec24585,1116,352,1468
b7806a3b3f7013ec31c13d750a230c70ea9482083c162752c6551b93baf21023,1242,212,1454
be35047cc82d743fcf67db0c209a4ef766b992df52c06999e195dcac2b05fc46,1443,546,1989
95e92d6ae869c9bda95bd2863f136f5be820cb7796e2d4fcc4bb714d4ef6ad8b,947,212,1159
4f525646f5afc179fe0772c3216cb0da0e8845ac888c9be39495e560551d841e,1115,205,1320
0b83db64ff150532ce28a53c775878292374941d9439e2a1a1a50a43260e90fb,1431,520,1951
4ddea04e3971fbbd9b1a26f2ee395f43c570cf1c5d528c67a0d328b4d7639f16,1218,227,1445
8cc12bc6f8c7a7c476a113f9c3a770e83b1acbe762880efeeeebc8eae130f485,2276,1209,3485
0d0db787776f58d714d3fd844d76acd2ae713bdf9dcb9293c8dd6b38b4ece576,1069,211,1280
0054901d5f6139d1ebe67bab8e9a9f72570ce860b70750546befbd7047f5e38d,1372,253,1625
9ff7c70271c556c05e9871bdc550e9d11b32d5c35e44af6b88796637787b2aa2,939,202,1141
3fa2326ada5c0c1a84a75e99cde55b02aebbbd40f137f71640a5022ed9b76a28,1431,199,1630
55ae5af7a30ccd6d696ea6911d4980f369c673d1631066288c909fa7ef35c13c,1015,202,1217
b52c719c70acfe6671543082fc4114879cab5ac8d0f84e884db37291cf70548d,1457,390,1847
412254a25e802b7b41a1ad23968cdd7773b50a4a8b994aac6c02fa9b4b71187c,1428,372,1800
4bed5e7f6dcafb975ff8b6f143513c9e81cdda0a6720bbbbff298cc4c473be93,1586,205,1791
f4c740fcc9fc7d68f07ebd2c5de00e21f6c8a428fef4e73fec46c23266adae23,1075,204,1279
7da9b646dcf8fa3615ec9592cc90cc36447a8ff48f6f7d08ff8d591468a9f5dc,948,206,1154
78f9eb93b33f88604d97b9ad3890f8ce323ad9328a390a600b193557cc4bc49c,1130,208,1338
28124ca843a464efa599054294ae8f7e359e5455ff3b289b9a7d8ab57b451920,1105,209,1314
1cc5cb9d9237fa36ab66eea9a202e597a49df044c5d9115eb968c4f983afa057,880,202,1082
486411c84ebdbcc856038c8f27353a6989120d3f3c7266c56b53a100e18d51d1,1859,1509,3368
6fe05ec75619517f3721186b16533e2b272f19bf9e09c7d8e963abc5d7e206c1,1192,204,1396
8dce653e4a7f870073df564800dd6ddd274dcc4f853f1a37114faaf256bb59bc,1442,201,1643
2b2fca6ba46e312627ffe26d1f41398e85fa5e6fb701928074604357b0a789a1,1016,204,1220
28a42df3dec6833386ca29996793f259f9d825ae6c84072786f73ff65e970e2a,1887,872,2759
8ed53ce4558efcd1a6abaff43cf66fb64610656798d13bb8dc8704aee1c8d22d,882,207,1089
0145fe1d5f6be0a87532a84352c012be403747fcdbfdcefd0a55693a434d4a27,998,209,1207
94674ccbf610eb4a7666b8cbcd38f9ad32bd6718c88efb9d77f2f5c054948575,1724,618,2342
72e93072011e2a9268b05fd5bac5661423cf6809c2c9f21b2a18c474fa18a910,1789,894,2683
e4026e1d4912482379a30a38043d0de2d0f1f029c0875950f70544bcae1b6765,1455,200,1655
0db078f388ec988458870e464358b305cf26cf26b4170530ddc279cf741a0f76,1353,468,1821
45d82f855c51e72fa4b9549756cc1b34dfcd9fb228476acc88cbb39c5763bdda,2208,1035,3243
d0c8ea89c6e0d6f2026a989f44cad411b0b4fa9916e65a6f6d90bdfd49855e47,1643,1146,2789
15cb61d3b1e257c0c454bc13690602116372536ee8f84aa7d6d230dfec169729,2398,1654,4052
201ee0a50871922ef1aefa8e6f754e5944aef2d0cb42ee58e74d334429d303d4,1140,213,1353
1cf63985910071a0be7a07b2df7f2ac7e008d5e0a878332754a2a4e3f675b6c0,908,213,1121
04f94bbc55e75201b1664a89b9b4af62582c07116949d35baa1a40163089e140,1566,204,1770
e1c37b8a9b9a5306f9c48f6c6eeb38aad2fd675b2dc896ce55255c239d3c8fd8,1008,205,1213
d89f035ad19b3dba701a4c8b6c7e046320007b85d8aa3a2564014d5e80642a2e,1263,754,2017
3385f011d52c62bd9404f83abc26961c8e3a47187173e59f7d291aa8051cb05f,2332,1002,3334
c5e243fe22b3b89b0e7dcb36fc8b00db3ef6f50653af5e31832761304f671619,1154,305,1459
bdf08911c56b7ee382bc007fc79b6fc5250b2cc90b7505d1b4573376e02df036,1195,213,1408
cd14d5c9aa5dc70522308031d9e907900d02c5bfcd1febcb18a1f7692a3816fc,1425,210,1635
6467c165a800f069b0320273a67bc006c8243dc5c37ba3ba0a2b0158cd7f17d7,1527,290,1817
5c629b6711461154103bd9aef2fac552bf81abb9f2387d076513801600c0f0bc,1273,203,1476
17bc1bc118f453648f279d34acd19df6c9a05b7f1a8b66463d3ed8e7f63fef73,1589,596,2185
040f8a0d384c790b19206946bddac3dd0cc2dec4bdae9b69ba30c5ee561a23dc,1115,205,1320
a45f33cd401573386c080948c9eb0d4a030324ac5a774f2645e73790db18bea3,2156,1032,3188
05245cc00cff2f6a961f7ebdf560e2f195df01bb7285db5ae0302e94f3c67d07,1018,215,1233
8b64d2d311ae9ef26a92cfc1db1412fb243d9d6c8cfdbf8421488aaf912927db,1104,209,1313
835e4a8b1e55e7c38e42a8017249110bbcd465d6bf4af847f90806e93e39c983,1029,217,1246
cea192adcf63cfd58e1e2a409fd32555b8b412496257f31e21ee1656c0f0271a,981,205,1186
afb9310e0349a564ecf980a64f41d979436f15f79a8742ddd1a61bcf3d5b91b9,1553,204,1757
8f4ffcb8c88186b92e6e3040651fd9afad1ae3a4a5b4edf4d8dbb26dba9fe60d,1604,448,2052
219f10a4d90f4bf36dbd995cd6c4f2cef893e818139c105000fdec4c9fb9d786,1500,204,1704
db450c6323eaee2800117c8651b8780a8a9652721e98ad522e859b389eef46aa,1342,535,1877
c49f4ea11b86ba586b153df097ae2493b7b50253079bfc18434cb02d559b7d37,1607,457,2064
ed80b0671a5b8a071d46c8d32b103163c46e0778d7a93e3acdca4872bd136549,1522,213,1735
7b2c8d1d2d8be07a6752042340860e403326ed2f603e47fe5b7578aa2252c25a,1065,215,1280
237a20c9c2db86e06cee99d7d610de4c27a47fbb067f7830aaff44134b1e5bbc,1115,205,1320
52b0e9fd4f808e2ce2175d4b7df31e6df6b3185c72cd6382f585c86dd51f73f4,1910,645,2555
23e8f92480393898b981141dab346de250906af467093b415d84b4df8feeba24,1294,704,1998
94bf4fcf7840fff630f6c69deca520324c6fe360cfc854d4ddd0ea8f3c0e55a8,1371,214,1585
b41a717770bce5c1ea55b7103a40417ad1f2f0a161046e1343bc03ea06d0988a,1738,649,2387
57605149ae0925a74c2d7ac9907f404f0cb0d5f40b62f6ce56f5c4b74f6d9ea1,2028,313,2341
101cb0befb463eca9724398369e5c32e0b9654873e1adee3e838b7fd8e915741,1360,433,1793
5813541c2570a3f8ee49bb69d19146e3ffdd5b424e551307537e2d4ed247debd,1078,211,1289
b3c4ae6c92e51e082b15f3042e9065d20e6755d5c9f04c9e78cb867278c369dc,1451,1221,2672
b5e8c6cf97524416789302a13e5a7219ec533a175e3a384765f2bb777558e626,1350,203,1553
e771f65a0126e5289027672d46a97f0c84f3fed8275e13d489cdff7c4d6ce0e1,1051,260,1311
8e6ab22d4c6ae2624ed415b49f7080844a1475d3fbf36f126d8fd1bb7ec60216,1070,292,1362
430a648a30002f7d04fd6b8cdcc498415bd7a67e6122c0f195b53eae9caf54c7,2265,797,3062
df93936f269e707791c02b009f73a7685c9b64833888ef98b43ad8ecb65d93f2,961,203,1164
8cc6c926141af7ceb57aaf32a3fb7b3677d31ba3a8a4c53b7db266710265000f,1409,245,1654
8346d320dd2651f7a3136b38a53c66dde45b65e9efddd9e2fecd43011a494450,1001,211,1212
3b6b5a156ed430101e8b5d73e2da2713549e2105a1033fe57bddc34ce99d3e38,1005,209,1214
12169da52d21b928fd162896011e1624ac7836a683a9e839a54d7d0be6482f3f,2226,1207,3433
85a622a32ac1c9832e00fdcb13cbb38e49beffe9ed5e9126d736a8ebd77d2899,2354,1315,3669
3e87f181a50bfb683fa972303368d77374b9054d7b8a2c97ddd86ce8ae38137a,1927,312,2239
4860b9385a9af1e9743ef8f7acfaac59a0770166f838fff1a97fa863c1a1db11,1334,207,1541
a4a57d9f377f03a28d546c466418bf5dd7f0902ece9d8e84805c39173fee9b7f,1432,547,1979
dbd750b1156f813ffe8855aa6ca2d289ce3b01b29ca2eff31b44be817de4d713,1115,205,1320
4a7216658b74654be2146a03826511ff39b05498a379a180aa6a9dd764924410,1343,201,1544
e5be93020e8d972dec0cc0181da0c95abeaa66d47830c0edd36cf8c4e5805bcd,1999,800,2799
4b9f3706149c8d4c473c8920a8c70c10c8a4c86e340eab78a0f3e8f8edbda20d,977,214,1191
40c179d20268e51b54b4daa8e042cac5f4905b1c7e7ef1ee6efcfd2aba1f984d,1507,270,1777
882c4b19081f1fa1f09f0cdfe4ce47e909bcb0694f787c60069218fb15f0e71d,1364,376,1740
2dfc27d864ed7e5423de6f53e435ff3cb2e65b6654df1d54a4b94d8b5f0ffaa7,975,217,1192
4196e924bf5a9709f2758e519ae649437b6aecb7fb3ce150f560e3f0e2acbb21,1087,210,1297
c074089166dabd6102eb406236049e43c90f15df89432db479e3cacc977fa6c2,1433,620,2053
36d875974fa4c567e1cbf67918f3b1a97307b3ecd5653b0acba1f012806fff0a,1470,527,1997
27dbacd2497c6c3d27d5f6e648fa6158a2ac92bc37f22c6e848b83bc30e251fe,978,214,1192
94b45952c88f887bd478da1ad6cdc4850c4827b8de19179d43ae54644397df92,1161,252,1413
2819e14242cc12b702b46ff1c88148e9eacd06d2c84b5d8d528a56d437e27957,2348,895,3243
ede23ac3eddb33f8e116eda8ec068674d98bf18dce38fdf5d38cbc4fe5360a74,1115,205,1320
bc6a44d3239ad35c32a95b2b2922fb441406e601bd4b410222921c1d900fce8e,991,207,1198
34939f315283b7ae584bcacd55d01cecc596f36a827fefd07b574d21d5f6227a,1025,216,1241
bab30cce0c6281d7b6f8038606955330b53dec1a74ba72628fd10649bc9a83ac,1226,206,1432
8a35f819c414bf3ce505f9bb9621cf700c0b958018ada776cb43456e35588f3e,1032,296,1328
7e66c3f8f5e40cd6694c15c2eb0c43e24d3475ccada0f088993158df10245f9b,1545,289,1834
25928c7cdf8cca4a908fa67e2a8a78f5fc76f83880b8885c5261d1a572451633,1178,202,1380
df2475dc2c67634c4102ae84bac1091c677bf46d87c8d9ee382bc244ce3ea123,2109,1151,3260
e61d87318f8a9fccd368100572db5d0af8106df91f617ab13905b27bf4d0db17,1645,313,1958
63fbf690c9490cbbfad9200a665e67980fcfb501cfd00c01ac16acc497690575,1404,464,1868
d2fda39e8f179955fd66df85a72d2c2f9b623532b613958ce4af8e582e0f436e,1272,206,1478
b11a6d688a6ff83e3e44feaeca36adea58f29beee3bfca749f769409bf51238e,1268,132,1400
995877c482e659d36cb90ac1eff776335ec2b258db9333e869b78259aafea112,1111,204,1315
ce079ad3a1b530dbf2cc2f900566ed328488d39bbb22089b45e21636e90cec80,1424,203,1627
1f7e7d709eef1784ea5a9346092a5154e5eda5f1d5e6691d0ccb95a8e539127a,1361,216,1577
bfcc4fdb5a02ffcb52e7684287a16814a240421c2042d17a3f4adee6136bbc47,2431,1541,3972
6a41f39d3552b033343866ce585b80bb79dc466b5f73feebc735e072826e6c5a,1418,696,2114
4e5373d87c38bd3f161b797746cdbf03d44eaf49ed1fe549bc3841d05ec0ebdb,1688,1033,2721
1116f9c3326c2cee54f848caab75b0f52b3ceee759a4b03732e6c380222ef34d,2120,818,2938
1372c37938cd8a23f98c97ef2633b890ff84fbed94dd0ea66b98d563e31843ae,1017,206,1223
896fc57bf2606dd4e8d93c616f9cd7d640cb416e25020602ac1ebd3edd0cf07a,1312,202,1514
7d44c09f1106d94edf79f1ea742d4ea73f0dc1e3a058ece58926d84ade3b9bdf,1891,320,2211
16ad046b15e935bf43b7d9f9f59ca6a7b3c9d05f570e0bb91a0f3d7546964c37,1552,1392,2944
2b3d564b5faee44c25275f5cdd3023f3c1bad1daaabef68f653573c0bfeb1bbb,1379,618,1997
f7448b077f78e86b924434854ac099c9f4a1a267912b352c4894c385d31f8233,1256,202,1458
3ffecb97bc0098f6513241dc0573d9fd57dd7b30605cd895e94860b6db1ca42a,1041,210,1251
8df4879ef94753ae257dfce65f8d63a1c9a5eccf327bffc244c865aa64c20726,1465,371,1836
4fd7593d7ea833f465f08fdca827bb60ba2886d8d5a84073cdbf02d5f10eb941,1564,208,1772
82c6352aa25e335074aa93767c89e529cfb90f18aabd11e72f06d5cc00667b50,1630,315,1945
7c29cab997ca3ca3379abf5ab71b601541e6f4e5edc65c114de1765e5584c044,1063,452,1515
1c80ca089fb13de2c3ad6794c8f7b10d6a12fb2fc99c416f21af47b6fa3f2616,2131,923,3054
17fc67aa253b1d9b00a3f5e3f5b91035d3e3ccc1311ea0468736316d285436a1,1297,208,1505
5f117e2cbb840a68d0a2f983262ec834591f33aa11da981180b8176977039992,1507,563,2070
6efda047d6328f2ad77e9b828cb768b175edf4e81a857ac30ec88dafb2d10d6f,2281,888,3169
20229064b590a243a21552b4f9420c82aa86106363fa0f64638394e084f82d76,1119,210,1329
55570e5c5fbbb0421a2565abafe0d457d3f1324fd2d9446ccfa86a1071791de7,1473,227,1700
35b29587e06569e225a7a8108a5880f6ba8895d93603fd312094344557db73b9,1614,782,2396
23c74ca336457296217a45d5580b1b56127f83428d94dee42fd21a4a87d6233c,1774,313,2087
b66e179d0550fe233835e6032d0e2e8a605873006852fc1040362f84f922c6e2,1431,209,1640
6c26561b112b40bd31db3f73ec8bc5a4db2c43d9e91dc1ccccd9e5e91a14b71f,1115,205,1320
7f901b2f05fd76b07038a96c9238114596bcf18d5e212d0603dfe2f083f7b6a6,1281,284,1565
e5c37dd97731a80e6c567e6264fa84fa6c484f3337a9129de8abfcee745073ef,1379,211,1590
765a1a2f5c76e84b1926c3a45ac85036ae91ed1ccde1e29a2eb373e5d8b468cb,967,208,1175
4e3ad0037204e34142d5ed538164bd4956de4b58255db90188ff21601ed51c56,1639,313,1952
71acc60de847eb96eaece3e72088cd426f055d5b6066947e7c6d436cfa0dc8ce,1271,615,1886
e908c1b627d0da695ba6365bc861d92a5216379003c9adb486b9ce138215a672,1191,204,1395
572f1ddb136eef5ab68dfd23974ca0cf52c219725aab74eabc72f59da8e07a53,1692,975,2667
de7a58191bb26f60d966e1d1db21b5f8af66874293e92b4b957efb14d1ae5adf,1115,205,1320
d868fb7e715b5c80479c6174b4b8e8811303230c1b3c1283e67fc4f055f6b6b2,1180,209,1389
3fb3c6e4cee80e2ae6606149ce118bfed65fb7f5cc535a5feaed0b58282a45d0,1137,134,1271
daa9b5ddcb2e1577223e7c679f6c367147804209f5a70950754392820a9a7cdc,2276,572,2848
6e2510568a74879f83f801d404ca670f23e64a2ff1ca7e3704c37cd99cf0bed8,1151,208,1359
096d6f4808e768fa9502eb4910e64061cada97040c9791b620419c9626691b01,906,199,1105
03772b3d7d4f585e922c640cdfec5d604c21bcef7822da06320ebd4e1d1b0ef4,1052,208,1260
685a1ad7534f25f8a4c5cd79cac67c3c33dfa250e9a18c389411226ab788889b,1811,447,2258
aed38a77b9930acfc3d752ff0e619eaec4cdb1563ae4f0b0baac2f59085d2e58,1115,205,1320
62fade86ce45eb2fcedfbdc0f783c013a343057b0b08d92e0eff3e34e95538a4,945,207,1152
f56899dabd62aaaedb2c108d2eb90c6798c3b6603aec7344b098b0e0ef64f99c,1285,556,1841
9ed88ab52aadfdfe0640c32065e79064d789f44e19882e15ff73f0ec5b7022c0,1345,753,2098
5221ce90bd149eb437271120cc9548cfc23ae3a2932f34c4a4896ca37ef64dcb,914,204,1118
ba5fd999f4269937a5ecb74234a49a6f96101c6d5fd5b8f0b6faa1eee2946354,1237,447,1684
c2ec4b854dc20ab405cc4d0cc663ee839fd70c3a1b5b827ee773b62cd7ddb6d2,2254,917,3171
cadab83cc2b116e0be170b71e4b4bc4a327ee29e2d02022be00f6853975bdb7e,1143,209,1352
226acc582b7be3a0be94ae563bb11f50394ca99d31709f1db49de61dd0637ef5,1105,208,1313
564b7dd9ac4d043e2e3c87fc3fe00d69dc087d809b6b0611f2b33b85d720a9f6,1638,672,2310
50059618288629856945a6344be112cd9df320bbc33c62f070a9b843d56b251d,1070,216,1286
c82ef96134af33c50203012d6fa49c8c1791d8c0b49402d7a02cc80238877fa3,1875,851,2726
c5fa2a1bc727bc6566d8b5a0d0288c6f2a07170ae2b110d5d2d7fc931d057f8a,1677,317,1994
836e9bdb9b543ef0a9420dd34495c8e7d4511929fe45629935f79d98f6567dfa,1117,312,1429
15f3fd65836284712d1c81ae9d0662224a5ea0f3db568f81a1a2972954187b6f,2083,740,2823
f638268e1258e5f30f139c12e1852cbff1ef525f78db72a529ec942c5e87fd15,1489,203,1692
9d96b873bbeb9f0e34da12adffaafeede77dfb41a0c305f8bc994e617637d233,1085,213,1298
3272c154deff9655e8957fa1c27cfdcf162004bc0961b5b64181d71692d0079a,1115,205,1320
03ef41aa5c85aa385df175d255fe4125daecaf14409390a216b3c865ffe1a4ac,2122,1373,3495
fbc3dfa86b3154faeba11f8c57f88bd202d6d06d82c648232fe99df0e7ea2a48,1340,213,1553
a1a13e9ed4969ff62463d93223fd0e5e5bac4671631fd9a8dc5d70fd650c13c9,1569,381,1950
8272eb18ae7f9de1ca1484a57677f5eba5f730ab67543397c4f309e9f05d73d8,1268,211,1479
7db85d6bbd8a7c5dfdaa3af4dc5a65d68bce0fd67f36793ee43338215cfe01de,1246,557,1803
51e497e4c14aff3057d882075936b279fde9258b9ee1a0ddd57eaa1c329a5d42,2234,552,2786
c6b3228074b54fce91a4c68b852545446ffbdf2fb065a4a0fa7542a4b3365c91,1672,442,2114
0749c330d8e7631958b05e043e30597ecf62ed1630a16f09b938816604eea3b4,1430,522,1952
0185d9804d1236715d6d8865b3165f9c87f35d2aaed49ef888f1475e6e410dbd,2074,942,3016
f5b75fa30d61c4d086c36731085525bc757d61f2b38cac406f4f57c021597394,1131,528,1659
ecc6804fbbeb80d6b7a9d7b88e4a3201f5875c870ddaa29f3e3844ddae8af415,2217,1281,3498
59a5048c2a89d88f253fa590d8d87a40e5bfaa50bedf829ca9557e6f75ddb1e7,1325,851,2176
38b3753c49a0ea4971d42acd8cd7012382f1209a334bad792c3d9cd59092750b,1676,691,2367
4024b5be1068b6c01f4e751de795ab767667aaee50a8a5a712393d550d1b778e,2154,1243,3397
fc332b77ce2f95407f4c6294f9432d4f1d16b2696c76d64a108cc54f76f039c0,1795,1367,3162
bfed5611e90f12ee1ee09ce591a0e356b42e4805e7f31a07fc554aa64359240d,1899,1098,2997
f07a2820efc6a75dd719a934953a1eec7b78aec9b0a951a45fb3fbf639b26ec5,2433,2692,5125
e4383830d67e5a33b5dd77139d102c4061eef4f33c16e66d359cba306c09cfdb,2373,2259,4632
6085ed366fced74274f9230519f576440cc83e58159b933a452207bd6034fc2f,2081,822,2903
