id,prompt_tokens,completion_tokens,total_tokens
6a2f487ceb8b9c90043b17ccd7d1426acb6c6a73531823127f950eda6d8dab24,1522,222,1744
426bd125901588e923add0d6508e32bdffe9d53b019acd7357e21a3d08d6947e,1127,204,1331
5b11e82e49af2bcf79fa71bd5b4fedb22ae01389bddb186068b0bf677c029910,972,204,1176
11aba5591767a9816239ffdc66df86c3a623869503fe5602f17e13224a1cd2a4,1128,205,1333
f7f538c4a4e5c72e37a59a3cfb187b9a58ceb5c1731da2276470e6ac04e07fa4,1128,205,1333
000ab02e7745e30d7327765f81f4f86b9daae53735ca98d097f539c0ab875d3e,1527,206,1733
02326fd39585148514e9bff3c4d1635f3a80b5e3bbca65a8ef482f30f988b55f,1589,209,1798
a54e3b70b8c2ceea0f3a9c4010f5a65cd70fb16e15c1616841e97f104b9d1050,1403,209,1612
fed1a9758163733f2e4feccffb9e404cf6d1d514651be030c28c0c8a5eb01cdb,1160,224,1384
c24a07bc5f91148396a9a79531c6001957a39501eafd1b3f4f5f8d43348767cd,1271,284,1555
5bc86ff7eca69c411de0dcae3ee850a82100aa9728fdef7cb223f18d8049e7cc,1202,302,1504
34357fb3eea63a7d431db1107e9980c21e55b1b956c9a14cf40cd774b7dad3a9,1201,303,1504
8471c579c12102db2f636cc9acc2ac90a91a9c0bce5e988d5a3cc2b7eac57017,1128,205,1333
5e5d966826ff20e6429d51c21d5c1ba1f11fc76e3916c880d738a91774ba8351,1179,361,1540
c1c12ed01ef1086ea922b32d53f1fcd8989c37beb0f8860b9c971cc50b252b1f,1238,364,1602
a1ae818f529241d5e38da459d56ab971cdb3530aecb025fa01b4344138eeceb4,1128,205,1333
b7f8cd75f7e2caa0c6f1273abdb2802de1ff6e978dae1d1791dd9aa2482f5b67,1400,210,1610
a5124fcef2de9cc7248d8a980ca5118363a13f5eab1d7c1c90b55b54d0100e52,1128,205,1333
33018a8c5dc120c434ab644f4629df70001c153e355b3ec372fc7d0d860d9980,1738,315,2053
5da7d6c1fd32515a7924f9ee4b44f32998cd0d6ea832b233df9b27f856eee7f3,1310,219,1529
f3c7863977ed87cf971081c0d70d426e2e1799c084559c2f608854fa2b8c11e5,1128,204,1332
b94628669a07fca293919a903a0d38c67fdf977ad1cc33b1b52fff6f9ec5b7f1,1657,314,1971
a661971b26d757ab9fd29de73f16eb21c7dc54d87739caee24c8968b762b9dec,1180,320,1500
e5dfc9c746548fd076696acdceb46e3e9b3e689c2faf33efedce7bedca322c1d,1431,216,1647
9adffe12e3f3d603a1a23daaf42111e7bb9fb618a526fe566c2ef614116b5729,1154,324,1478
bcc61ea16d8bb41fbf7e46ca4ea570c7ff4a911dbf78406063c70c6ef7d6f432,1289,221,1510
61a8e4371f4b0dd23179cf2d6358ab7c5f3a861b44b45d14a539030673f14b85,1220,357,1577
268ed0ada7afe9854e54d63f0242f48fa4bc9b21b090c7b58908b1900df2e51a,1012,223,1235
8a6c7e18d95f39000d33ad3e4ff65cb0aa2dc1f7ba084b38845ec0912224ff17,1287,219,1506
dfd51de7b2ef54550009fef5a04cefd9ed602b1cc11e9b6f85b6e13311b2d43b,1568,207,1775
fa039a55afa79f41961e8c22de917de4904f5cdcb6abae557ac2c8c4f9980a56,1128,205,1333
9fe5a6b2827560332419be513cf394cedfb78cc8c1ee101f0c58a19ba49ab48d,1641,530,2171
8fa2e2047bfd8dfbd079eb7e833e1a05b7b156b1166aaa7c39340c0c0316dab3,1607,281,1888
00ec01c5eab62683f1db10c4ec537269573bf8381da5685980f994e254f3fbaf,1399,211,1610
3c123dcd0ac866d9aae55b4d10a62cbee3c65ccfbcfa90819d10567d37fbe3ab,1137,221,1358
a312777c224c385054a6e5b952caac34d26ee8f582b12cc3d0de45b5e1b073c8,1132,465,1597
b662a32cbf1edb483e9e6cdb73591eca4733b0c8dca61ea960914ae4ac26ebf2,1561,278,1839
37619086e97bce183f55723289c1857eeb94a7ab789a644a4b1a7309d0146b8a,1629,457,2086
acd44656cd95e24c3f7f348e52a196d9eeaf98cb7fa9932c54bf39d9672cce9b,1804,884,2688
6483796de9748a73f5240e5d0f2420e5ec3c9ee1204e3a375ceb8036e7ffce5c,1212,310,1522
f6f96e993f8be0f1d1c2e3f960ec99f942a35e310e25ef62255121ba306229ce,1386,211,1597
c56158680d408fd424126fb4c26a8df6c64bfc8c9e169b454262e5a04a925ec8,1128,205,1333
450e8c5a98f1f587b32143c9fabf79b89bf30f47fcb904097726be7fef3acc6c,1128,205,1333
cac3297c3203b3d1e0636e99dcbaa41bb6c01b35cd9772c15e4ff7c61748dddd,1151,298,1449
dd741b1e6a83b8dd578a9bc92ff0db12683977979ab8c42991b331c6d91574e7,1091,204,1295
2a7c9937793606b4e938a0a2680a0d9e9c36b9a43742361e0501d52ba98dfc5e,1531,293,1824
0d60b87f013459425258d157c7b984095cedd5a8d86773dec7d0df50a2be3066,1266,219,1485
1db157c184d37cf16af1c23e91161e1226f2a1bd0a1b5ca35a4de27c8177d18b,1593,219,1812
5cb896e614119f75e548a5333fd8de94497dd4d5c4343e874b025375011d7805,1598,284,1882
f21aeffff24e8373959176b393928e67730a77db872993f02788d52ec4453b4f,1726,1143,2869
dce32208ab881a2b3a944f24a765bf74d648b645545e2e138aec968ec1bddd32,1408,353,1761
6c924b079e1ab80e1b3b80789dd52cc8006b06975212fd40c82b2e94dff6fd66,1705,1174,2879
0557aeafa6532929d04587da59a20ab5074a8b00fe00e517036afc98800664a8,1128,205,1333
74e52c21e9b0b199bad816e5b8c8e4f33273c9a8f4ddb8ecce4303588339b59a,1787,773,2560
83d00be4bea03b7c2795e2920ccc548f7df98a1ce49154824fb9e9fb2f117ea6,1265,387,1652
95ae6e5472923d45d296e9a600ea9798a81716df02b4d20f3ee1671138d1fcc9,1559,207,1766
7a5026d741bf0517d089fc8f94dfdb9e6b93d4399b85d69fe6a0c234e1873ce4,1027,224,1251
729b2d005874a819daa8a352fd54eea0350c15c4da711fedfd46064e502d2b9d,1296,217,1513
e6237b4921b99c1c4f611d5de68c80732b59701fbe9ef210048efd9157f7386b,1424,425,1849
8a88869257daad5b0406877f8e238b8c4373f4ceea404b8eca8be03ec2128127,1642,315,1957
835d06b4c63717685cfa8e7fce71ffd8430eec201cace3f50fa373025160eaf6,1082,205,1287
cad064fe3da3eff53e97bd8ecdc111a6ddde33ca195e8d471264a494baaaafcb,1796,900,2696
8d6373f182527b4f8b290ac8434483d3fe10af69ef3f0b384c57addfd0db55e6,1198,228,1426
c2e9fe8596522083ac83438a783b235631572ec2973b0e1f9cc48bc18345d904,1211,208,1419
416593ed8cd1b34bb9c6daa5b6575e008465bdf7a5f9df61540f7224f1cd6131,1533,367,1900
765a0490dc7a3345bef49913a15864ce2d5a34180d73a7be1e4113ab66ee2992,2272,541,2813
422d6880b9bf2003dc60d5b45d424782f6c5c164a18704bd96856e05c0b0f511,1829,1295,3124
c677866b93679e9fec3b5970c5b11487007f576265c89fb4af287d550655bcc0,2086,341,2427
e63b1a212e6fc13a391b8e39d7e373d70c620f65205c38d338d618651d25171a,1397,211,1608
bab06c98437e4d4bd5b6e51dcbb0b28fb89cd61c149f1618029772c810983a6c,1128,309,1437
d08d8ebbca49f83c8c1215e222eb8ba7085b61a0a9c621c0d20119a690f7654a,1580,291,1871
e4e57bc6e08118362415264b74c8fb279125a13083e9c14763994759b9a79ff2,1494,431,1925
0684b1efb8318b9d84e0c97574084cc586d2baf70dfee5f3138a81389c7d324c,1128,205,1333
1b05164ec9551d525a7db61a2b6c0ef04ef009066c4531c23e86b4a1dec613da,1590,282,1872
b41d8f026d45f99253f3faf2795d8daee9cf1f36c7b2b258d28cb630a8b82a0a,1128,205,1333
8d7fe549aeb370e5772b907e992e13518b6b3ad77a22022b07e66988115f9fd4,1386,210,1596
c96cfeaf671ccff932d9cf746751e0eb0e89f8e564d47955cff47935af62c450,1753,318,2071
2c01d9e13f0e7da24a4fd3b6e50d391d9a2b120422bce5fc2d0b4e05f144db1c,1595,287,1882
2586c09004d3cf41c89a805df5182ac5733743329e28311be90bac41465471bc,1378,215,1593
c2b8ef27122709c23e52e4c2550a1c3536135681c937f903af00ee5407420823,1238,315,1553
d86320103089764726bb40c0af7d7d3b1ec311c44389db49e91ea963cf5ccdbc,1426,219,1645
b82562cabae2e37e3d514079ad97def933053d7530bbf67ee8b06d942369ccb3,1049,236,1285
010a6f64486760cec9bc290a5e2dc110c8e109e204e0b8c5b613cd2d51f47474,1404,221,1625
84335e486a7880f1c340ab2d4643efb91f1c6d46bb7f81ebaf3804409721b8b0,1291,215,1506
d3c51ef54eeb9291e78a94606dff2fdf33d1af9e2bf3f84fc31a4a2075b157b1,1454,237,1691
d1335c6adf9641e1bbaba7b72457213dfa4a082e9dee6b5d16070dee526914b8,1605,298,1903
d4cc298092586f63d4e8fa9d715ff9084340a825379d37e72cd4eaa39d909e92,1639,1510,3149
1d1c9a1cb03dbc3e39de9e388091b8347526142cc385000af3da07b301cb23c7,1566,428,1994
8967f9a64ffeba262cd6b6348641c692192d5e11e5348854326d8e9586ea477d,1128,205,1333
2654c49e3c866d21609ab7cc89637db0b0208eb12f0053bd7443e2e6bf2798fe,1507,559,2066
9541bee15e221f8ad20364cbb124dc8e120da2dcdb1f1a501abf4665db0b5313,1399,210,1609
5084e923789922f9ad4173d98a78f38a5f24bcca1271513eaacc583a1cb10c42,952,205,1157
abf8f14db172f0885437f4da089697f657ec80dd278e12359dbdfe1fae8b521e,1282,225,1507
56a0b9827fdf57cc3157037830653c0911cba9faa9cb201132fa2e9197741ca3,1384,231,1615
17ed205541300dea6a28d1dc80fe57b9c6a94ed69ddc567635b8d12327c239de,998,201,1199
d1ef2b4b384333d5169b1a8b3ce2965a12ad6a4f8cefe967529e30d824e0425e,1128,205,1333
81ed139d850f0e9e925eeaef64ef9dad196f6c7fc38a3967ecf3ec78508db58b,1593,206,1799
2f5ad913ea27cfc78f591bfa4c31ca70fef59b46b03f4f41dedefef0211e374c,1087,289,1376
8884d377d212dc8a6a2602fac35f4ae14babf99c0de426b434a6f0257673af07,1246,222,1468
1fc4eb765e7523bc463c7ae21421987f4b82d075d4d898a30c3914544c102ffc,1161,219,1380
3dfc76dec5af9152412b874fc119bc31c1a7952a0a5335ffda1bce3cfed799a1,1487,223,1710
1a32d08694731ab20ffd19ead950ffa614a1ccc9818e18cab50ddb719ff49913,1039,213,1252
4c4fa5f7b2e13d9b4e199093f9fd687c9985d789bdc4b20a999b7f879b268b8a,1637,309,1946
7893d3622fac254d4a1ac52f76465f5aa0874d18af8a9f06b0a246f61ee81a87,1647,314,1961
9eee52d19aeddbda03e5d9d46ba2fb0efda75147157caf791082b10572a405af,1909,1360,3269
60c5e1f9d746aa4de1a11f32cddd45d97bee9aa9821f3308b667c3d2e4c0f3a1,1565,289,1854
14f4e39765676bea6a75e30c9c2bbe060912212836640de6d9817c6a5725d4c6,1634,432,2066
da16d89159fb33c09403d58fc67e603abcd33ee48217b1b3135b559724181257,1290,223,1513
644a31cdae4ddbb435f0f8591fe819ef88e0f292fac6b52f387f48c36af74820,1239,464,1703
2cf1acd95b234caca404cd6837a2f0e67e2d8a948c730e0f4b9a16ff7f5f9650,924,212,1136
fd268d1842662efcd260a141510e063b196571121b3047ac8aee0fda25898420,1128,205,1333
3d98d8e2908e71c095f973f53184c12bbef2c97ed8ab47823910cac529d73341,1397,210,1607
0be559534afe62e1d8a94190da1d0a6e1433fdef1d17d1fa2a4d8f2ef6025b29,1104,208,1312
d514c6ca057da2882067ae1daeff89920a1a920756ab9850ea854e59d5536451,1583,211,1794
7c0236c17f18318dca01d69f2bf7fbceea435d490fb289f3c92f3ca814dfe3da,1128,205,1333
eb4905b216a9ee8ecf836a56c208a24d631ca7c572e2da63f9b2a6f4ce1ddcf8,1128,205,1333
e79685d001370a9c64c665f7b6a6ebafdb1a387a6b86cbb76a80322c8bbf7b85,1093,296,1389
5326a887dcb435089fb05e3288d6555331892cafc5899152217c7b1983e11788,1149,301,1450
bdbee0bd4444567a45069029cbaff417d6d7089a3d200296e7ccf36d52aa7879,1559,206,1765
bab4fd2079a04068c02df573320e811530d63421f3c2acef49b55e4535e886ed,1517,225,1742
be1899a7f08ff356aaf54ce8c8d706bab7332bbb6cb5f9da27098d04fb9a25df,1147,211,1358
c3416418b6cce71d072d0d5b2009f89a2359940a47260ab3d3f6f52fc2419f17,1851,1514,3365
35343433c51b2de499a4ae79f83e4f86c336026cfb0cf98b46275f3307c879b4,1602,234,1836
fc064cf07340861c04747ce4bbf69dd1871c96120068a70b59971c455f5c31e5,1343,233,1576
9da6c1a2862c26ef740d03abbbf4e5cc2f72c8b5aaaa5220574a4d2b37cf6493,1386,210,1596
ded52d70bda36ab72b782ce526a378f3ae9cf6980a19ec9499a247107dc8f075,1400,221,1621
1e3b3c50175b493922af4b513fa4514f88750f3e6be33cea92e6a427b046f398,1625,598,2223
837ec1ce38489ee8d03ca2da415a5f008c3e8a9acb708e000ead587f1672f7a2,1431,215,1646
55d7433a81d44e8e5aec3fb8450ec62991e12d3efc8040b34d56d791bdd6ff79,1145,133,1278
2d7921fdbe820fd2281455269c725f3c21222f9a871c304ab0eac2692e0e7494,1509,270,1779
152804a9998a45321809d885f1c727ed26636482ada2c4480ede9ba2ee4203da,1128,205,1333
50d6c93ecaf9e7d95dd0134ec77f0945b941bbe5567c03dbd9be828f9d498812,1203,131,1334
1f54b221e618ae21c324b1547779b9d18c3469fde0f8b0c464d44ff1d2df1b75,1128,309,1437
75e9464ed5a520c2c66e36957601378b2fbe273ab007e51360fdeb915dc7855e,1554,206,1760
5ce365a42c52c1e43ec5b09050ee2522e6ae890efb39bde39dff59e61501026c,1128,205,1333
8010866663447cdcfa114715d4ac577539b5f1b519efdc156f9cae6ec1f00538,1287,221,1508
268710d8e09220fe8f7a3924f87480c60ad5e3d99c87062571429cb6e8b8eb5f,1594,206,1800
17fb39064b72f2e22f6d57b7e5e4103b720063cec8cbd077b6d3f0411ea712c7,1400,211,1611
da5e70e8c5eec068fa4c3071b5431c1b3eed9be1eee1effa85d99dfdda8415e4,1307,220,1527
5358ca665ed133102be351ecd124b537f6a50e2c58fe5baf368f28487e15fdaa,1136,209,1345
afcfed43451bc268cf79baabe9660f9482a89cb22fb45ae4324a91cee4b8135b,1577,364,1941
a32c485b4ff11bf15e0e427b2abd6334172fefca80ae1d6256311bc983a63950,1591,641,2232
5e984002a706ade62ecc36306d3ca11cdb4bbc49032ada3a9adf894b5887254c,1128,205,1333
f362ef2688ceed3d583537d83f6d9159fe4a7f09819fa493bcb31f19fefd13d0,1384,225,1609
29e6aa2c25dc96b17e1b40953b9dc6cea2ee4054d9caa022cf0e19fbe48a7c79,1617,420,2037
6ea6396187d869d532ce480b562b67bc82631e9d4f1664c84fe9031f640e1477,1144,301,1445
5a753e7ac983f50e0413a09ef4acd43d7b652152ca4780b552fef82f378adcff,1477,220,1697
369d6d22e70b6bbf395b6a0d49edf03e2e6776521e205bf3089e711954dbbeda,1268,217,1485
dc92700fd597e33d824860c74f757f15f06301b3344166a1f98b85cdaf86e833,1128,205,1333
9cda918669824e838eeaaea81a3b4f9debf18b2cbf1c8e373b19a5ecc05a8a42,1128,205,1333
7b8c2916761ab47700443ce4fc5b06ca2fa7cbd7fd7e52b04a3b1642d12fe6a7,1506,354,1860
5831f856fa29fe23983b08592cf9fed4a8f0c2956f2b3f84cfa08d5539fc0797,1400,210,1610
7a2d83d569c2ef7921c0cf1ddc3a2e544ef43b5d078c43d95d4b1b4642154fae,1386,211,1597
2617a323ecfe51eb57576924fa2aa8cf10c52bc57138221cb70d6bb1fb94073a,1562,363,1925
c8a4197946cb195728c5db980bf972cb9bae34741c2536a82c9b43b100ce539f,1257,647,1904
6fe23031c3b612d25cd57f0c316c33005d41f58f8803f45dfb3a847f2104d04a,1591,210,1801
0c61eb94fb9982fd4eaa619fe2559e0d010e1890c35153a47e6e0a62bd520b97,952,360,1312
01040250614d7f7ce6a283f51c5438d8a952624f690a4060c31cfc2ac1eb5df7,1243,215,1458
4a0ebd4824f323a2e67bc13300b436a2f47405fbd696ee4a1f18b52bfd488da3,1399,211,1610
4f3b31630c049f56a1ba7dbfbd3c761315985c3dc0c9f56cd84e58028861e75f,1158,347,1505
e68f083eaa1c10c03e10e5db90ffaeeb569308217d14dde0b28d3334375de969,1289,207,1496
a5035a5146c574fce2ee5ff4e33e1aba8289711541477155e9727cd013bfea7a,1240,281,1521
401ba8570aca7bbdcdeebb3ecca0abe18dea1f7f4fbda5e081683b619d732b8b,1477,225,1702
76364b87baa29a154478101131127319bb3c9731664c06dd2abd5be32a06bb2a,1564,361,1925
28f694cf4fb6a618aa70b6b7fbc3723677e49fb9c5b41edfc662c4127a41882a,994,210,1204
3034688a36c4b6c78d710307f3cb934bcfa9f5db1ed427e7710a3590237eb5b6,1342,367,1709
1372e674f25c8d96e0c51605b400f59d10b9381db1a767ff636a54c22c063dbd,1517,223,1740
8662cb39734298e0a04308b97fea3ce20d708c0290891516af57d5ab2f19f693,1383,210,1593
c0711ed8c0055a8d168fdac4cc937bdc6280cd7a10db61462f0bebd72e8ba79d,1128,205,1333
40fbce3ea099ae1db18b638e6e641eda13823656171499d7bbad3cd174a02800,1199,440,1639
656d666cff797b936cd528da6c24943df179f7a3c32eeaec5877de2dbe794a01,1322,646,1968
ee859b9d3bb4c394c3e7917319ea74a5eb2ee727e11b2f01a4bb0bfa44047849,1099,138,1237
7fa35c9e1bf510efb8193350b73424a8cf9d3828a78a02debbf91a152e4cbe92,1128,205,1333
570eac81972ecfd96dd5adfbc5fa202efcd9ae2dc2c0b66b0f698ad23db698e4,1266,223,1489
bfc04a9ee5cde7f212ca51fe688f6c14ae92db6d7e67c30dc877a7c9e907e53e,1323,216,1539
3a79981b500f887b51e67b4e20a878f8991b386dc339a0c71a7cde2c0d4e286f,1386,208,1594
4c3643c494431784b1b39b147cc9e1c5f560e965d409046e0840839e9db1d030,1523,375,1898
6a97ae1f5db414cbb442176fb95854cf53af11e3f0dcd5d4e337a100074cb1f7,961,128,1089
fdea43e244e7d5630339738aca941e798e43c1eff94fbd1adc3be54257e677dd,1527,371,1898
fde8d7db3e00eae52a7f9baf4663c6a189a92aa65c4c106db2c441fb49f9b7da,1128,205,1333
b3faae47e65560590f76ba2ea5fab317cd81457951d319dad35498890e4a02ba,1128,205,1333
44c2b9d4c019d771de0ff97ac613a24cb75de5138262e0c69f2c46a18d243b70,2053,308,2361
4bcd51e76120cb855c04a36cd60b64890b11648eb8e38c8de9b55215ebaa43fe,1389,209,1598
53c8ad1a8233adf83b4ee4942a6dcaf11c4a71f4ec5cce51a69594ac177b34f0,1874,1517,3391
d59444b05b5d74ee966902005c22c8896077455e0e85b193306b95e5467eb891,1434,217,1651
42ac199716c1df1c0cc0722f5f0ab74e1d607f3450822ee0cf132965dff308cc,1128,205,1333
502781f5c018ac42f5825bb03c3e32df6b876a3330dd02efe93efbfdafd6be32,1273,201,1474
73d1a0c7addbf72e6b586ef5b153128a8bba44ad9b6dcb8789e6914ab345cdcc,1127,205,1332
bc15639229e794c14c0e872c77db1afa5c3b5822d9f57380a55b471ce211886d,1277,209,1486
8c17cec785e7ec68b4c985ef8b737f7fa8bb7c39793d77d01f4e1c9d31a09140,1091,205,1296
3630d3ecbf3c5d6cc82b316c82ee1588f21dfd0559d71889130dd8aa1dbac48a,932,212,1144
22bb20292532c3523ca66806a8676f58703bc02e662808078a37b2c5f262b0e9,1903,1531,3434
b879efc2664830df56943d1eba81cf11f56dd5131b9e6b6a86fa4c3d9036c38c,1525,208,1733
68d5d166e9fa55d97e4ceee772050160ae275a6c6eef8fccf4b8b837256393c1,1128,207,1335
4c95820af95f574b03dfbc0ccf4d0b878c8ae4b834ed8942528e61a7f7a2e5f5,1404,354,1758
827e8456ef90c995288265e811a206191257f837726f28f6667f3b29744e81d1,1128,290,1418
6403fadb54b37ab8c09e5e87214b94a40f778978be936c7dadc649f2ac990c09,1837,659,2496
da0236427da0e1e3cb3ebd519b9fc0da2fad29a05749918aafb9106937bc8db0,1078,213,1291
809977c9840afa85afd73975c43bda75b4dac820c4647f0aa572b766a844d489,986,205,1191
852682ac66302cfc43869010008739db1105f27df1ca049fe997a574dc200a7b,1165,133,1298
b34241ecaafc162e959c6dbe8866856c4720cc3172f4fff940a23ca603a735e4,1604,208,1812
1959991964f3ea00749838d442b82810e208f019cd91d9d782dc3fe8185edf8e,1541,243,1784
1144826cf652ce99f343a066e159e31e450e0b26b6e7e36e03b7202a7346ec01,1393,211,1604
7a4c0b5b7221d1cd8b7db754b81125b2ea5a89b284a8cf084b6e0075d0e529c5,1578,313,1891
d37f237e342fd07e19124859e657f702733e1b21f044e68f69f08bcdf485025a,1128,205,1333
0e6d34d89bcef1eeef7dea40472eb947fa8a7d28d381a77138e31c86109511da,1501,552,2053
4843a64e7ee8abb6cd6be4347a10f949f2828f0dd46723c276bf5661a6f32229,1269,409,1678
e3b798cd3971c8c29e3b98947e5e9ffd07e69ff3d0d5becf7654a170e671d664,1406,209,1615
1914f8f5e6aef6af1b8835f551867f10bd4b394a9efde393f01ed6899bb01d01,1042,477,1519
9a6dacb228459fa6139c098da414faefa85aec83741a5f564e2a5667ea2ad880,1128,205,1333
1b92224da991759f6580e8e04c09b76c095d057484713c462775e5e83d4390e6,1268,244,1512
c5dd1c8e87e3841ff5c7b31586985fc986b6a88dd7777301a8671dab6dce9afd,1334,212,1546
91c91b08728879a6a50cf01cf7ed07b77ad12843705690b94e78f74ecaf079ac,1579,519,2098
08d89156d92d4d10f9125d0c1d7b4b2cfef1fdf30690d6f0b1791855de567636,1512,430,1942
d1582a8712f5d38df3cb91de922db1c2098d6081d5f43872b603fcf80fbd098b,1572,288,1860
6886134dfc3971426c54802990275875684ca58f8dc13f2d31060344cfc62c65,1584,209,1793
1ebb540dcc1f1fb3202c6d052b5740e452276bbc48b5d987f332e0948b1f8700,1567,360,1927
3e2389ee883223dc5fb24b9ee3b9e23eb69b0f5168ee6187401a3c73d870b4da,1415,448,1863
b410e0c9e82ebcc4d3e1d1a22c8531360cb5e20ef4173cd9359e13715e545e5e,1971,2739,4710
b0e0179ab0a25f5a7a9a485dea320df281ba80cb82fc7993c75eb904c7c518dc,1128,205,1333
889211d414d7ef95855d72829e888ec2c94e8b1952f1ee2514032f40db59af4e,1417,217,1634
bc4dec1b9f28a38fd7f567289bb0ceea0305a2ae98c343f4032135c5ae2984ac,997,210,1207
a347fe8f7bca3e6917051147d423dfa03d3d5fa70b177fba221ec28c007fd03f,1128,205,1333
38667edfa14aed24a2cac091fe958d2d6490f5f03bce6731d91669ad5920f5d4,1582,368,1950
42c0fbdb50addb65c21b9c80d1d53cfc2f7743dfc0c19ce41fa4cc2b7f486a1c,1128,205,1333
5291ef0a634ab136f97078bec864728decd13026006ab908ef7ea1ac5278bc2f,1466,432,1898
4911d62d4aed0e59f01b96d055f1622aa47829d7e039c43737b012afc4650c14,1583,493,2076
638de7076322aff3520f649942f5be46e09d6625db12b1144201e0cb3b18d5cd,1395,243,1638
0f4d58ca7399ebd242c930fb325b073e15f42b73fd503367e0e6189d05875833,1633,738,2371
f1793c03bf59caf1a7f4ec15bad09b1286f983e64c5c034052702e8b77acde70,1557,208,1765
cc106704586ddb21afc655e040a4b43e71aed0be5000b6e3cee2ad1d19156250,1399,210,1609
09400102e894aae00e88844a081b354d900108f6f5900c3019807d540dc63b85,1304,222,1526
b76b67f3115daebb4937c6edb679b34499f7b5a6b19d007f78c89f45da2313fc,1135,226,1361
5fb1b8234fe80faad2f1e08ffb7f646080e861b71edc62509668dd1537c22ba7,1386,211,1597
89a68ad7a949f79be4a0c77b7229a3a1663f069ff0bf2d3c5d20e30a7cc2acbc,1564,245,1809
92c2dda8ec3ebd6829853c77d814907cf78d0abf459b129dce71feea46ac4263,1417,218,1635
80346edbbbf7b0d1ef793a8e45dd0c11b4f166f4ccf1592a6b85235ef9d05347,1128,205,1333
8d7d9b5a443dcb6d3282905c7e2966546c09317254353f67f09c7b342bbe37cb,1001,210,1211
2dc7c9283133f63406a60d74a9d7b72dc11770b0f8ed3c45250927adec7a7c5e,1087,140,1227
83e83246b9466362ef530e00426a0d450881d9a727c606641747b6c67eb63767,1386,211,1597
4f34fbe2d9d961033cb3d6c5723a1eb8ee39108a63ce68887f19a7d811402552,1128,205,1333
14372ab2b5379ae2e705315d30bda17cccff0f02f9c0800b942c8ddac65cd044,1128,205,1333
0082deea8691ac417e7026e26c4f064ee15c92de3048116826f6fa936e355164,1568,359,1927
dab70a993d39d5896933fe506020eec7b4d088a75995ebd5083dc38a0a5c3ead,1028,426,1454
a14c113c6f090d90dc24d8b8a61de82377a51c1127067339dc5815559d6b5555,1128,205,1333
84d0c8b6130cd53abe7106179bd06384385fafc970473dd3a81ecbe5fe2f4854,1166,219,1385
529000948911373ae50434d8156bd422a41da7d29f3dd87f773b0898a2afd564,1405,209,1614
a298ab349ed02404582fb9117a884d387f4f3e4bcdd8f92cedc6ef0558af55e2,1518,278,1796
c2520f39d92a8af5ea1d6b311496b5319ad68bae8dca24d7f15b4a5ad85cd5b6,1528,212,1740
7fdb89d251b2b389af5ff12bce4a69ce9eebf91e5d21256b7e485cf2a339618e,1345,215,1560
a079a473897aa04ee22ac7bb876e4b1539411d368120eee8b0eb9d2d084bc83f,1128,205,1333
8dd5e7ec9b947f9fe94c08aa8243f56c992e06716c09912a4db611fdeb5423c2,1451,204,1655
72bc17b8a751e797d83ecdcc537d1c14c91f288d34a38fc670b184035cab6240,1098,221,1319
01d6812f5631122d6582799c45990d144e1b7fc6a24ed253e30eda7b8c8ffb0a,1078,207,1285
979224f2146094d1191da2e1c8c2a2ab4da65dea5a6ff644af6b6e69d2abb9c4,1069,222,1291
fd9def6ecf7969c0579f19ca2859d6f29f701dd0ae047241dee747c720923dea,1191,548,1739
698a68424122dd0a0c0b1794f10a216f837ac07ba9cffd720de639212d037cab,1112,205,1317
13d6ef588f545280ad141eafd0931ad801d052ec4baec9077cd0caa0d011fab4,1023,210,1233
8831dccc6bf0e3cb66f57b72758f8b9501fb084cd8eb931f98d474dfaf4597f4,1587,207,1794
6242695d43fbdde1a7f0162e78fe229a0d0dc1a7a59eb9fea213cf5480504166,937,212,1149
fad9d26df5f582d2109f46530ec98a9cd6e9ec5c54b4ec4ffb4a9cc0045162af,1251,204,1455
041b435ea8506986e27f9be5138b78792f61d0beeb88f9d9289986dbe0e5ded9,1386,211,1597
d4d9a038a0da7276e23d0b8adf13efda9724c405532396faa7811f59b25a11a9,1520,282,1802
c62141565a873e1edd4f4b89ab3e1109774b1177dfe5086856fa83170c6885f4,1128,205,1333
90381632fc7d27422973d66ceb98d9284a68c632fa642ca4add17bcb029a335c,1245,223,1468
f5f6d18dfdc023e6cc18c1541129d2d95f2c0098b4bdbe733fb6805f9eb3c4a0,1129,219,1348
cf2090b7e1e56dd54cbe7fb8ce00b7e8d32253edd6646edd8c8c71fd5ef0000e,1128,309,1437
3f6c46e5002ef15e8b083814f0c565ccc66e0aa676c26c4e0e514a55a56e2cb3,1142,431,1573
d9133c32ad6dd9b7859f06177f277db6cb71c0cf659c4352bce147023f8689ec,1579,277,1856
8c4bdc0a5f64027764273f9022869331ad98fd9ef29c4cb5710408d2bd3cfbc8,1313,222,1535
898da1f4e0d8905a538b598ce741dac938f638a6c529ba6b106fcb0ee7244c2d,1790,748,2538
6e8605a8c61a04a180e79ff3a36074a2428287fdb5d07a29d0a2bb7bcffde260,1128,205,1333
0939f2e25988488eebd93a7ebe1e9eb0ecc415a1f54682869a76ab849102c6a9,1554,277,1831
031557b43deccf3f3479d93eda5f864b5b6d9574fcd1f0700058a4d3f7dabe0a,1075,203,1278
ee4a9b87f0ce300a80d764215f3f2e508b1e67b3a9d2b99ab3fd87bf07e2c68e,1386,211,1597
5a3699e877f35aa10a431f09711994aea3ab6c7c0813883da9629e6cc09c73db,1391,223,1614
a0874bdb43530ca8c130e54d611a9232a280e7166c1a8ce35093ca7eef6a1fd9,1162,210,1372
80fa6992dbad4545bc2156291a6aca3920111e85aad221646f46b5c8e8c1ea37,1135,272,1407
a01b6ea5c09d3add1afce50bc0a7ed31bb70e11822ca92b13cc320faec485901,1215,644,1859
0c828eba9dc824357f95f0e518f5ef78f63880458d72abed25765015569d9a30,1505,358,1863
f08e916d7a958f42af4c191df981ae8ce2a4355a55b9dee09db5c85ca9c2c9e2,1404,221,1625
436f9fddf3c9edb8fd82d63fc064f629cf10cfa0e78a4878b9fb8b2d0d676558,1597,376,1973
c14599097d88c653e746d4f10ebc2fdb39a700915afd0780b02651f6d8d5a7bb,1383,209,1592
ba1552f0b2d2f5792151b5012acbb986d30ef5f3bdbc5835f89ce61511c39bc1,1128,205,1333
763a594b7263937c82e3aec1b4327cbd4c97c0c403e9908f205508fc0195f5e0,1128,205,1333
85c64460eebc1cd81f2a8af858252bbe7b772d294a604a10a8378a1773f9861a,1088,224,1312
a550276b6696fa7776fb4f619ec2a575ea05cf76d05ef654109dfa71e5bf9f72,1158,361,1519
c36b2222d79eb2477ee856df4f72be7f549ef70be9c8ac02d70459caf875535d,1307,408,1715
82a39eba8699fc6d54361a48ce0c633df6d47a31634906cc0645c7658e9c705e,1098,215,1313
ec31915f72809a16a78be48a72d956716fe510bb53fcf8b50f37728bf167c64c,1568,223,1791
4af183ab0a3e40b0c2bf73a701d4261214455b594cf7104f47a44bb5a3fbe9ca,1256,217,1473
a445884a5d0888d3eae970bb7acdb67071c3dccdca25f6e86bf70f5ba3b22eb1,995,209,1204
9f4ef4e9f99f01df3758fcbf59b35274d1def0519295ad3b359f81ee7c66a0e5,1636,315,1951
0432a1f6412f62199b6c31dfb03db6154cf5c46f34949ee21bb0e0725b4b014a,1666,439,2105
d86b155af767219b36ac6ad3ea0ffb1fb77fe9e816bb81880e3ceaa8658a2927,2101,341,2442
72b5210a4473cfd88b66eeeb62e4a512b4e6008991c29969eebfe1fd99b3b20b,1128,205,1333
b2085b3e43a70eaf014daea45b0f29f0cdbd1990c2ef2cfb0c97f558b724f98c,1378,581,1959
256dd459975d4237605f81198060d4329951f0c779a15850f1b299642cbf5265,1386,211,1597
2437ee15dabc8de15979e58ec5c4e35b1633cc5d559c34690f617c2817e813f0,1571,427,1998
04babc4eecaca0d2b58d8b7b666bf62ba9e541978d8f1de1149b7ca437d75ee9,1128,205,1333
6fed59cba25ae1c548291807ab6063f1e73539af0a9162084ca7e6027ff5df59,1267,644,1911
9302fea652dc5dacfcc1ef4f25a8a2824bc0b21d6fea327f432233b4c7acfef8,1543,357,1900
edad9df53a11539b948605695ac7f684fdd5279a5ff3d9b4ecdc1adaf3376b16,1588,222,1810
7feeaaa68dbe8b44ef315a0dddc8aa43a81080064d58f28799e5d76af7f2ea96,1575,379,1954
c46a74cdc218b39e2e9d3a56d852a1fb5cce9c533797315f3dd5ff5ef7b01ba6,1494,235,1729
713e13620601e1979c2a29a527e5ff6bea706f966d5c7a5f61f4baa318f4ab0b,1137,234,1371
e885e6ffbe6a734526c1ddbf54ef72fba4df7a3a9f1b5db0d9bbc2ec3ab96d5c,1593,209,1802
74d5bacb146fa1be9beaf778df1868a4591a85527584cc4ca6a2dbc36fa8399f,1248,326,1574
4394324a00bd096672a5e7eec505b14fa42cd56491f24e546285fb79e075cccb,1386,209,1595
ba6d0630433d8b921f7965c9a78739d56f0aa3956a1b72261e956cc5e3b5aeac,1305,228,1533
40c20ee4d785495b76f692324613f1d946ea90c7b5896d5fb9df991e02a5c1f5,1517,292,1809
07d7bac8b551736b6762a47ddc1087e5825ba245a2f64cdcac8a0ba70b800747,1568,222,1790
d6419b0ca09f24627a412918ce28ab7210e52b05129b6b9a31c794bf88271a06,1855,1528,3383
8e992021242fad312ec18a508e43b35f0c61372d5a0881bb1c13a721c70d171a,1042,293,1335
34c8e56b69d60571ff1f7cf1e8d781bf1cd608376fc53e04c7bf1ccaba4ff103,1128,205,1333
2372906a330c47727966ef86771a54ecc750733e39ec8fc9b045f4670511dbf5,1796,1384,3180
c4f777870a935ce6214386133c4d9e810821f6f50ae2c05554bc492ad5b38e31,1263,306,1569
1bf6fcd5fc0445d1498b50e23545e1eccaf43b5bc15a5f1af0b094badbdc3ee8,1378,206,1584
bf0fc8bf836481906c1722ff3e67b23d79e3f8c8050ea3eb66fbce347b2d52df,1128,205,1333
3d8686b529b77a7419cda8dba6fc2133fd26b901c1d67f40ebabf21c627724cd,1581,323,1904
e17c1f2b41f491dab46aea9808e4bdf970ea2344b65297a3c6acfcf00c1c6389,1561,289,1850
efadb6fff7a728625fa417a9af2bc7579d5258d5a5753976feb50845c0de0588,1828,1526,3354
21f572213c6ef428a4cb3e81d85d4ed67c4702f9535176f06abff11a1f03c9d7,1586,244,1830
5f257b5bc1778edbb5da38c8de2e068835aadedfcb6d9528a011ae388aa6d4f3,1629,548,2177
ab7d591d7bd524767bb358061c882730fd3115d836e31bab206219068f67caf5,1586,243,1829
7ab19f08c5233ee85e4cd9fa7f3232699ebac6d69c2368e94e9005e9e46b1905,1137,221,1358
40890cd1a7bddd3ed1545049ccc9b97ace9aebf6fc17542320a9766038882968,1128,205,1333
f0e0ef771b1e42157beef59d6fb9a86226832e41b4c47b713b677ea02ef0e0a5,1128,309,1437
fc7d750e566801fe6cf43d032eb994defd92faaa941b3d32e888069d591d3ac7,1414,285,1699
3df296858bbb362e063ecaf3aa340dc7121a7b0b0f0b2da7b5ddbdf73d5bf0f8,1446,223,1669
6284d22b037fd3fe2efaf03774e74d00d6763864f0c7eaf370daac4cd6f40b91,935,208,1143
7799d052eb073aa43c4c28862782f94313eb7fe8844b3245a0f9716a02c9fafb,931,212,1143
1502d9c0e6391f516d1b94ee7792c2bf25b46f25146bd1c750bd7f18f93114a4,1387,209,1596
e50d2b17741b16271620fa0e477e0b9400354e1b97c29cb6c0b32ef86a4df986,968,205,1173
29dfa9ccf84266dd5e12c137b07b99da44a3507dc1916b6d6f0b6c3a2a97482f,1266,214,1480
e41bd4a89ca4a3382fee1aa979e0a445f2bbaadb2d47d80ee055f4bd10739760,1589,206,1795
cdf624d983842c113f7e5ca5f2c45d13a1600411b47d1bdac214a0bcb949fa89,1242,637,1879
72fef38391126c2b34114d6c6a72b238187dc36ffa64df0662bd64516c0c8d6b,1104,224,1328
44d053f40ab12879b937906350b1f39d8fdf2a71a7675085e135697cff6cdf1b,1128,205,1333
7e927a664a9f6779a48b39cbe5b4108f9628600e16d6d2a4999745d0396f034c,1386,211,1597
e925db73dbdbbf5843f752f6eb03d5bd4044b72d68de0e2defb4ffbf7ffb5485,1128,205,1333
517db4a2a4ef5417fa0833c00be7afef9a8ca518f7409a3f870af0d42c474135,1763,1605,3368
a0d472a230e25aedba00066c88cbb06d7ff06f0510233b5a9d2c2409c678fcd2,1132,208,1340
9d4ff663113d0e9e0c2504d14376d93a9bb85944bde987077f157511a74cbaf8,1799,692,2491
d3006452a4f6a4837bbabdb0768fca5ed0575ad33559f74dbbe945a3d4bd7f4f,1128,205,1333
2503a748282857a99e12be173152686265c4b22f787d44d9cc047a88b3bb3364,1586,244,1830
7a06d4e5e3d1c02c2eb920a22e9af48b5244f93b9e8bb9ad437a0ae258df0eab,1586,243,1829
19bb4e3d70584a30ada4082ecbfd0a27bcfbc8747035de202c46dd6667280904,1128,205,1333
725fd223c349c1a3caac82523129ab45d3cb81afb668e118e91fe866bab3911f,1128,205,1333
19efed0c8d399e867bb48a7392c28f0015998f8ce4f4cdb3daa2045f82692f05,1342,360,1702
58c9e4c0e22244422da78290abc1b8200b6ef0f9a60b2ee87264e812c908f501,1401,217,1618
821d97cf9908e1160660134a66a1b612aaede4442ee129c602f5f35bfefab33d,1386,210,1596
a3a545f89fea640632f6f573d615a05104b10233f674d451f59a9d5181ea7f4b,1050,357,1407
e325cad4e83be209eee87996587076e9491ed586cb12469c13263e214b68d3ae,1611,302,1913
e69fc6cef48ef57e6dae717120e80f87cad0f3025ab263edad3414f4e3d29e3c,1203,305,1508
0e8a8738895196a3e0dd4a97d34109a97044d74f124cf417b3a083b6c30906fc,1075,217,1292
bac07ed6638e8a4f22e2e05843b538ba78fe371ce25893be1c737a5921f7af13,1417,218,1635
96fe78b9b7606b90c53413b74b836479a9313fd118540c5bc2189c267a6e21ae,1386,211,1597
2075109acb4b27fc9b775071b53d0b15737a44e0bf9ab7a1e26c750dad5e00b3,1355,378,1733
43d3349c5e3530af49f7e13c1a2b359561a4220e35ebd5912a949adfef7de24d,1420,217,1637
b2c0f914bae56e3568fb9e625faafa3ecbfe31f06c732100da6f8e16e6347e1b,1620,312,1932
dfce5e435d67534487b9dcf56ac6b1f970a905289941c36fb659a7a512c403ce,1128,205,1333
2164374b684a19a33f505a1ac474cc5dc38a29cd589922c99d1ed0e19ab67f69,1842,908,2750
94651a15f60eb58546ef54d4f27985c60101280a592b7a88f4eac0f4381363b8,1303,220,1523
b7299fe1268ffacb4707ec60a4bc0527f9452d00ffab500302629f5f0ddfb714,1128,205,1333
9cd9957b2f91c4b60522878ee532c1c4d289823a19f3821b6d199ccb25164854,1595,439,2034
1a3b476249607d4da3a93e6c98fccc2c87d4e388a016045d75903e617dbfc4f7,1128,205,1333
c556d73cd51ecb77a9bc96abe84363ac78cbe2a6ec5f2c29ca7f919a8eeab262,1794,334,2128
51134792ed64850f186c4504ff930111953da6d34133e3a0b6a933be2f69eebb,1661,627,2288
2781012c7e1e369401d1bef19ddb32d176a80e5f892a48c9e321a0e6bf59e132,1509,230,1739
4a4e6b7dcc374ea262ef37486e6c3b588528ce149108d8e5eec8752cdd76e34b,1169,446,1615
9e8fa8f11b904486beafa1e1b14d8fec4d2256e0ec1819dfef31fb580c30e575,1150,219,1369
1908ab4c643018809a3cdf692fc1c7241b97c82288bc47731bac2ee54bfd4ab7,999,211,1210
b12df03d9cf247883c388ecc999ae35b18f7779ba15e7892168ec6d58cdcc7db,1128,205,1333
82077baf7ae21bafd0b07a29963a23431396ac25383571423f3adb77a351fca7,1580,368,1948
ed4e8d8e3befc0e8e1a21e6a3d1f68d9b27f2bfcf1be2695317af9c0e5da7453,1388,210,1598
d25720a81d95bdc0c49fa9a2b19aab9a93b8d0b823b431fe38af64cffbf4b579,1127,207,1334
423b3658f1de6bceef9631287dd85e4ecac0577c4b06334d7a3093991699dba1,1446,359,1805
487add196a4286455e71a757ca6d8e6533e631092b1ee5af4d45821e5359b048,1127,204,1331
6f232d3de6c8bdf7b33d3d8c75946c0d093047bb91e9ecc31dde6452e77b0b54,1150,219,1369
4520b16f616f21c40f41e3031fbb4cc6c1c07ca583112a53bbc01a6c6a4e64ec,1387,210,1597
a43f6e7e28718971d07e9984c498e8aa725193dc6ec3411d3a76ea0c363bdc6d,973,205,1178
fd9eeca787ce4827627f0bd6c7636115370239c50596db299f04b5e364ee23c0,1244,464,1708
51b6ed6ba377e3bb3fee2ae07075b3183b6b6ab05b40b0ad05a7b09140e7b95d,995,206,1201
87d27ef06c56d055efb9ff4739cc501a9a39163dc02ecaaf345b8b50df258f46,1387,210,1597
af936ca7c53c32f2c5f323a9524012f51c5d48aea59c67b65a2822c67371e0a5,1558,490,2048
9547f5c98714df3421b49a38540a8455dc2ab2353906e3928f9a250b4689562b,2005,981,2986
0c57d4edb059a1066def0f76882c1d33caca7a193541871a9557149da48f82aa,1775,339,2114
9b8e2e549ddbd9227349e026368564f33c886d2e2a9e88422cef3c3b06221665,1048,204,1252
acacdcbd63c05ab3aadc0878743dc0e0222c7c1bfb68f000d3c8e8c6703855bc,1537,200,1737
e6425b46a39bc0758605f99ecd6eae62dc4423066694b1af4cd36abbed160b0e,1615,435,2050
caed6ec4bf67804cfd406f734a0b78f7d2ca8946d7026cd740061405478e0d9a,1144,558,1702
1313a60370ea0a7efb6996e94a0081e49dcd1a89fad8f34ce89311b4e077ce6f,1450,215,1665
5e438d82ca5e7f22d5ecd7e76d301944d789fb6e34ef55135bd198247fbc164e,1127,207,1334
a2f80256a7ad0a593307a776c4ec6e761cb0e34e3c6bfd5f23b83cb2add2c35a,1300,216,1516
fc611396e86c4c15c615bb97d4462b4a539beec2ffb1d78a12d36b0ea9353b9b,1127,204,1331
f11150ee6975051a93598a5474a2e37370d0f9a4eeb8a0b072465f92db32d394,1554,287,1841
20654d7385bf880774ae7b54e582b1dff7dac42930aa7ef6ab003cedce77acf3,1878,1513,3391
a32379d4b855abe670643e3393746fc095d05dc78db88a0cbc9e8946cc6a981a,1127,202,1329
cbe6761af5f5f59407eceb2305731ff3091bee385de781fabb385bfdc90f7aaf,1430,215,1645
a075b7b6686e25db8fe35d3382c2b06fe8b301af82fa8a9c2a51fb387747d956,1444,428,1872
dfe5aff660424bcbb40ea7f0149198c759b262e1e2ab09ba971e1e4de8737221,1527,283,1810
0646872bb006e9a4edbbf80e938b980d78e937715b08209849b7a10363247183,1128,205,1333
c91e80479c6c6c94b792eb2a18abb9084f268c9f2c01f4f298b079f42c8235a2,1014,213,1227
4c180fb30288c1af5c8038abd81cc7f838be7d1dea5975ab8f2f3c98899bb894,1386,210,1596
b299acec9c9d3e1f6012737af5fb4875c166fdddd332e8f045abe7addf279964,1733,313,2046
e0870d3b61c6a4131a384a2ad8e53bcb86f906259ccaf9dc562330bc66aebf30,1601,206,1807
0e37ed8fc6c49504529bb263d435c6fd2c5834189c7f2557289eda3f9d92f406,1671,599,2270
c4b211f158ffd0fac19ccbaced01ae5994f9677289b98eae02ee6b371f6e03bf,1431,208,1639
25a10779d6b40a3a868e48af53bb696cf2fad9bb1ede3c643b5b7ad99bc5b7db,1647,650,2297
052d397c7627ab6d80a50c20a1605ae6ae3457cedad35e8fbc0b14de942d0c52,1127,205,1332
d161215e2911c98441414b1570e7636889ed0122b1cdad3e41da8811ee4509d8,1605,359,1964
06906394864f0638ab39a816e183d0d5e5fde6d3c1042bbd4c1fc1978fe422b4,1110,218,1328
8af16b3afe476375e181118dd35ea93f61d494605bcda8a22375fad6994fa1bc,1667,422,2089
ac84c9af71e1c7c23b7f7c95e0a97479ac3ba9091272a9aad96b4ed3886d1b2a,1128,205,1333
ffd750089e38bc5902dad23d2a45b0abe5c8c542920af01b77efcbf8bb0eae80,1589,207,1796
33e82b94bb53e8b148e1d7bd4c980e3e325e44fee3992942ad4b5fab82bba09c,1544,206,1750
b239ec5b50432e2aa85858969989d383063031be87bf1c974fc3f001fa1d33c3,1387,211,1598
b1d8b39cbe2046e19d3f0cfe173233b1d4ee929b1d5f2a08b554cc4241606b14,1038,297,1335
331d9e912faa1c757e23a7c1a3a6f24445236f5a677e4aa23c7c777b78342e41,1474,497,1971
efd85dfdcab7d51e00dbf10dabb7913f908c472bd43e521f154724634860b05f,1764,312,2076
ef1bc24a3e75e2128adf608b5bf4306c8f718e806f68ab564682dff28b078267,1300,223,1523
c722af08f70780fde65bb9b43a2ed4684e4f09db4cdb1e1385709014480f4cc0,1184,318,1502
ed2daa07fb04a65b3c6eb620a514259c2c282df05e0f49af8fad9aec662addad,1536,367,1903
7477d85f0a362620b82ccb55c001713119fa1ae6174af7f4734674624c473bf0,1126,244,1370
dce7c45afe53a1b71c7b3af5ac4a76d8052fd32daa96a05a9e6638aebb7f7e34,1293,213,1506
0d568d1ce611dec4b67575e6be50b065b4def3d1cf8bc3de2ecec493addf31c6,1863,1071,2934
cff76649b7b9007b8f747f14d4acda6be356153dc041111744c4dcb012a4196c,1341,204,1545
2f2990cc72a0a39b0502df735fd799cc9bc4e1a83a7942595d8226ca5203e0b8,1755,1526,3281
9890dfc9d6e84a3764e06b3a902e540b623875dfce4fa460f76dfb18d9bb43fa,1310,213,1523
945f4e29933c2b01abf84d46cba35d56367a643d5310b41d7d7273691dd14ec8,1138,244,1382
9bd9ee660d1c17cc0cefada522ea28356c251324da328ea8c3578aaacc1cff88,1775,337,2112
d882acf2d6ea12bf63e8f3db5da938e03bd1d3c3ee4bb7fa3ee433ac548a7b39,1609,215,1824
2ab80c966ecafe8fed4c3e7bbb14e3c727a9e2ceac683fd672576191b97e59ff,1762,1529,3291
19bf93099b541281263adcf8660247ff0aa77d5c1c52e49eff800fe59862d50b,1150,324,1474
50228aabc8d16b45549102e77a6d78f6825ab2f466554782b2c4b57b1bf0e172,1569,221,1790
f484634109ed791c9bc675b8244c96542faf730d57989a2d77a8cada9a889e9f,1232,223,1455
6a6e074f43c4b18da6da5778af9911fe200d73f8bedc07630fecda29d8dfc329,1289,239,1528
79b889d8cfaa966875ce353ace793245fe751546d8cd0d9c0a7e1b00eea60951,1128,205,1333
e1d1206da49f3fe6c38eb5e255267af459abc28e905f1567ce53632c3961a7f6,1295,212,1507
580769dc0e38eeb63e503e4cf4c2bd61493895b72ff68a1ca1b0c1874fcd667d,1159,222,1381
eabadaff2cd722cb0e5302a36c7051353634d47322b76a8945c9a6dccd536996,1939,1282,3221
53d41482e5fc1cfc300bdc68b38257543a771a6f32433cb0cbe470594271957d,1903,1379,3282
a8b0dd9e4697831e4b2a03336bf8fed52578806264fe061b3da3601cb0856d73,1550,202,1752
66021637480850a84f344dfb142838975e619ee04829442362acf9346ba1863a,1705,1071,2776
fafff239e5f164ad5db79640a5209ab8bead275a36238394ccc1459614b32de1,1538,367,1905
85866aa7ad0711fb5578b35e977e44ec001eb83c589b47a2a580c6320f97c7ba,1388,209,1597
41cf2597f114f0fe0025cc84b557c896be933f07a67efabd6809227f1d1b4507,1114,230,1344
31a2f1dd368b7eb0e16c63abb9532c26afcd6bd2cd41efcf8aa85d7825ecf82e,1786,1507,3293
3476d923682b7060fbe24b163e8228379b840aa35ec74bf1f10752ab61fdd655,1387,209,1596
fd701fa76a997488f614eacb9cd4ecacc80e20091ba5eed230f09783f3b9d71a,1128,205,1333
4d739552f1489db4aee1bd58eef3152bf55e0ad9151c38d01c67bab3554838fa,2022,331,2353
b12d2b2fe48a9b7c16be54466475db8b803cf33e8298d6e01621db208c97d27d,1600,207,1807
aa77f779805b189f82fe5d2c4aaf06e27ef02f884e877d737216c2aff9d2d0df,1567,207,1774
480cf00906f28c04d25edf069f39b16c131954fc43cdbe6714ae6202f8842968,1554,204,1758
ef74588da7895d477bae00db911cdb4747b74b73d6f979eafd55072aadcf0b63,1643,419,2062
3ec5af9bca8b692fb65f20e7f4a091bde039404978e64114e1a1d1c80aa1fb77,1387,213,1600
15c9c0dd77accdb82572ac84c3b8ea70ed4ee8ee9057e81a778bd79ac85e2d9d,1562,221,1783
eb1fabedf70e81cd40e0014c632649e8cf8a5f5c2cf7b5965a9573fd04fbbfcf,1560,216,1776
1901966a443a9a1616323a03f4749ea209e1a09e16d07990026a4c745e65cb06,1301,219,1520
da31dc865c225d9db676b643f15f98d59ad978305c5602ba87015a2ed83955aa,1080,212,1292
bedde71eedf418c8625353bfa9716a14496ab1102f20e53fcf2a145ca78e18b2,1014,207,1221
8c344603159338798f2be50f821f07f61166dd149cbcc41c573bf4e552da050e,1851,2179,4030
392eff1f7e97a07a2ba375fdc4ce20d1542f6b65f7bd60ef0f91b1026d0b3991,937,210,1147
a491f93539e3b2069d3b7b06a3ba664fe15023156e15983460afcd232f8db76d,1444,427,1871
f38be8ddfdc69d93836f94e679ea8797aacd0763af9cbf9e612c6907aa616e85,1531,362,1893
bd6f8bba36baadd53053fa81bf7f0c8d7098559e111d712cbbb6b68442849e9e,1128,222,1350
c08c37407c308a55601faa2a18157433d933bb1ede0c841b9889abc8ce6dc799,1401,209,1610
47cd1627ad25550e473778822d23f7f5667cb0784d47f8b641bd5977ac62163f,1128,205,1333
f35a0ccf3c4d0841ff26c389bb15c6288d02290722e9de905a650a287af2fc3c,1128,205,1333
4035479e7db8dbc17af20113ec9d1f3f97171687193dad29511afe68fac0c220,1387,211,1598
5ea8c7a90f8fc6a20ac291891e49b9836bd66c6d47b35727d9a3e485a4ae9a4e,1562,215,1777
506ef03c3b87a94be6ac61cc2e5aea66dbcdaab748818d9499e8c8e0c91bfefa,1137,220,1357
ce29ee0694ef921b38dab00db208b79eec2a8e0095827afa096e68da85253398,1593,357,1950
2f1acfc9545a7c74b67465d17a7052c73d0294ca3527bdf535a0f04e0880dec4,1218,210,1428
dfdc4820fd0204cca00698111467cf66f93bb6bdf378b3b9adb3ce784280f4c1,1250,420,1670
b2ea72491c54d4d2d8def0fb2e0a230d7bc7b37e77adf0c04a05878459016400,1128,205,1333
25d5a8b65fbadfface822f7799df5ebe30d8b5073491f135a0cc664730646a93,1128,205,1333
94b5381ef07745c012b74854f28d3febf0261ec4d1298d17158d71770a239360,1282,222,1504
1e09cb82460b3775b70b54196f70b37ebc66aedceab7825ad63ad66ddcd97974,1690,789,2479
75ecd9828d326cc205ba26f28b0422ebb512d14fd1e5dd3ca64b3e80672c07a4,1145,219,1364
32d78d8bbdf63da2ed610b858fa4eb42d145873ceb588296467f26947e6fcd37,997,201,1198
3cead1e325cb0c10d6916900f1739f67da5aa481522421d0e6cb5c296534a538,1605,278,1883
2c4aa52b72635aaaf34503555321ea0570f3691de4019c8ea01c35828d3564ad,1385,209,1594
0740c720849c6514e2db75be4a6462ff82b940702fceb793a16d116bb88e43e7,1560,450,2010
7ba359f0f6734a23a57e14c185e2cf8fea270e0942aed28b386ef2b2c5bdd4d9,1128,205,1333
e09bade1dd1dc87330b43d139413fee50f151af3cfd73e7d1d373cfa70b2cfdf,1495,308,1803
261a45d93ae96e7c82ee4824c064cf76bd7782d4c3975e6ba8eb407b2f82a206,1125,205,1330
86a6b27af0e5067e6173732f281102d37ecd305692837886cd9e76c9760bc5d7,1549,208,1757
13999f520be5d1106d13291b1413626538389f0ef33d842f8f14aaf1c6bb4214,1259,218,1477
dea2ef6ebed301094c95ff70c50a480180ec83f7fdaea68e328c213f23ad848b,1051,300,1351
1534bed5dd7a81d0d5364f914d780f17303647e0c371f60c5cb11a4c7497a594,1267,212,1479
8103746832fac90663e9f5fbd7a8b5c241a227c16242e51fa7a0af50f4635b83,1014,205,1219
970edecd0a1353f62e937a5175237941f5c38ad22c9a7897f381da03e96681db,1481,430,1911
c60bbbc3c22f124f4b610b833fca8b2c69cc8620e15933af04d999755cb45559,923,218,1141
a4fe3e92f0e44aedc86744e2f71fcf8da1d4764cb4863d195d217f062bec86b4,1128,205,1333
7d0d1a7ca316d0ad788d611dd7216afd4d30c18fd15da12eb8f40c73bb97de2a,1539,355,1894
508f51e65f2a3a54a701743a5f71c11d2c5df8e251a9279f31942a3036f4e642,1543,216,1759
31a88f15c11840781f5b08e8bf6510b0cc757a512b593e23fba13829d74513e2,1574,206,1780
8ef48eeb3c04bc79704d0328f15ea0a8936b188eff4e790c37907a4f767b58aa,1789,1192,2981
ba100e116fd322636bc8ecaf214115c5512c988832f2708de993f5589c43a944,1543,217,1760
02e53458153070c72ba9f54a47a8c94fd9364262259ad19da3a0cf3d58edac25,1105,323,1428
15bd561717c8bf1d76755ea9ec27491c8a17110fb6fcc76e43fa5cd0ff93a336,1683,338,2021
c9e5465132754edfe1a6b5c136417a214ad3834bac37eb18f86b530b29ffec29,1296,216,1512
2be7b248cccb2280ffa6c311b5e7819ed1cd6a50191147c7171eea73815df921,1114,205,1319
a6ccd91351c12dd12bf003412ba3d9b14218c1807cb224d5b86a653168ef0ea6,1128,205,1333
a10e588f47b80027fc2eaf1f64019d02f5481138147b359c044c33a6f6cacbab,1458,213,1671
1788688ac4ae5e9b47c84ddab5aa0594c17533cf5b2dca497b50e72b643420fc,1387,210,1597
53c10478342a92acda27bd7444673dd1b908e20706bcb7a21bb4a20b43b6e033,1164,207,1371
0cb2455d4515d00352329e41526858fb5d6bb196b2df29fbdcece822efcc3c6a,1721,339,2060
706f896ed5c1f763f023ec948913a652cc255991190567d56f35ec140f21b92d,1268,221,1489
8be5bf719ae7fd4c392dffbe2ec46c94a0d60dbe4944448fe45725049aef078d,1520,214,1734
af46d7e934b4542c1c1baeb026b38afd31a78c64e9cd3256ff66db7e13309229,1562,215,1777
cd7b4053515d163f7793f4a8bfad3c43d77525329c80559b0ec4a26fea4d9707,1114,205,1319
01527aa989c11d64e60c173e7a58ad7861104c02f9b112a260460d7793453574,1652,335,1987
3f8673740a38714f07b86d8e3dff6cbe4d88da83240d18c6e4599e523045443a,1086,297,1383
7e1d42a531f9dceb4b86c6fa017e78c430d35acbb8d009b15c995fc3a32d3f20,1298,225,1523
dbe00b8cb8cd21ca57c1790837aec71c7b1d8786dcb499ac2f7a3f6a3679da03,1036,243,1279
5eeec1d0a009779d543d4473e88bcc5423e130192ac40c021361c18d6bf2d041,1599,212,1811
4d2383c40a6ede97ef0cc51eb73ee6b39cdec385ec5d9d60beb93d2aaeee5e9b,1063,215,1278
148f0a97fa4c7eb33f87a49c921b571b21a8f503ed9ae10714efea70f53b5593,1114,205,1319
efc0069a75c146e8701379eeb306d8b9484ff19674f8cb75bbf818d1583cc815,987,293,1280
6d1feb9591d4f9e2dcdc491becae9fcb8347057008286e15945d9a9f8abcff22,1140,219,1359
7c41f42717f66aab6f6f7a7e47564d2832c7ff2f35438042c9b2dcb4cbd84c3b,1401,209,1610
cd8b9eb323de9a602b056449428b3ba3c72979d639d3ac47c07d3e3f714feab7,1130,298,1428
eaccc8fafa143994f7d7d215344c0c64716ea924caa7da50299b8b6076380283,1122,218,1340
5715f3e403996f50b335ac725800205f2aa7a143ad4085381565029242ec0f39,1114,205,1319
5c96b3f3e39f32a63d5ed5d5a8676aefbd0df5cb24241e6d5aef7b8f6dc77cfa,1462,234,1696
fabb59143cd3ca1e13a05ee9e78e57c8cbcf22de0dd68c813fd82f1904eceaba,1462,215,1677
2d9f242a9fe1ff7a02549848b9d4afb420ee3a3b7f0ff02f8a0b7f14fd458f65,1258,219,1477
2446fef0a0464f47332ac5919dfa6c818a0d10b75f7f712ad7679d054c2cb345,1058,360,1418
b4c3df8ea2b5f12d1dc1fbef4e82cedb101b0ebeb035d166b13b88b74cdf9b3d,1282,213,1495
8063a7962c5fe4e4ccab22904ae9fb438060715d8f404638ae97e0ced93331bc,1600,216,1816
fb5d907c80d43d54957e4bd1e4429f3827b1bbd1ebcc9dbb178c686a80ea1d1d,1232,221,1453
7fc78150472b54803bb47e5c7f5acd20aa409176f0521c6dc2498826774974c3,1950,1505,3455
af3f43a1b2c570b179f0048d6574da15a8cd426919474efddd19ba186dae3013,1114,205,1319
f6a7f97454c6677e02337a6faed5ba682682657a66eca4c075a7a27520f8eba1,1102,302,1404
2135abb1dd9796cab88758134122d51728a362558dbb884c2dcb9b4bd939a354,1401,210,1611
8b815d8bbc2b8c8641baa865de9c5f363c47e599f274ef575f39a50d33f95c0e,1197,326,1523
59df8c0fc68b58d9dc283df152c308ca18326212f8b394cf7380d7c435e7acd0,1133,216,1349
16196af81c0331b5fd82b6c037f59ea48a12bbaa4c90b570c292ac5cd7ab05b4,1773,344,2117
c19aaa78d9287506ac725ef91ee3668da9597009cd83af870367b6573524eb6e,1584,215,1799
990c58ac166a61e2fceaad55a373d9a03074cb2bc718fce4239bf4665f56d219,1289,221,1510
eec7e25aca4e59a6a43619aaf4b71201b6739a2a3796f8687e5e486da6715e36,1114,205,1319
c87be8e10ab2855122473d7701704f6143723cb1d75b657e191cdb2c1fb34ae2,1167,220,1387
8010804e29a14ea889526069ea16755cf9f6b97e4bb572a4b263529ae561b350,1169,215,1384
daf6003733723d408d5821992394a3fa8435a836c756c86de362f1012cac3042,2370,1152,3522
808566793b6b111af56cd01f5155e3efdb7baed2984047284bcfd625fe81edef,1876,1359,3235
35d50e3e507610f2310d0d0b876174f137761c171f730e344cd35fe60b75daf3,1581,503,2084
c2d87d25a086d84a9bf4fe3359eabc80b1e993aae0764d743c7931c4a692edf4,1627,321,1948
a16924daaa2f8b4ca994168df461aba1f617fa895d4d8c0e24d90537c143d7cb,1078,514,1592
3558b17d859bf8f5ce8558c11598188ed244f90b741548435ea30feb20791aef,1586,308,1894
90dbb5c1a097d0d2ca84acc69051e36a35cdcdcd51f682ceca84a71e18ceb0ae,1114,205,1319
44bd2332113695cd20763653b7e2c9ce3e3d11994f1531334ea55906a3bb8db7,1114,204,1318
ed6da10745e4c0cd4ac72ce26ca36e9d7dbf9b75747ea3f7f32d01c1799800a3,1462,215,1677
5d0d6057632d8ceb28384ffebd68c4ccb6977946ed93d7c38b169c8b138fec37,1585,220,1805
07a305f4110575ebc30f13853014aa0d7e12a23ce12e9c60bde1ef69ccb50bb8,1606,361,1967
3bdb9f81fbf198707ee477392291b3b33c091b4770aeafdc83c341e111324650,1593,362,1955
ee2c3d6b3833abd5746aa86f8255045144fd10e4f4ba81d30d23484f06e8dc2d,1258,220,1478
fa05444dd6175c7d011b58b1f017c6034bb5b2eb4de1d6a9b0ec80b9199e73aa,1516,212,1728
2ac285fc8f36f8fade8ab521e8638c912ed07bd52cb29b6b1298a4261df46966,1085,286,1371
88763ad663c01f35cd832ecb9fd610e319b2661dd3d17c7e0f357e4980e09884,1585,221,1806
31d42318afd46f2b812d85b0df9208c8f4dd61b3ae100cf59adc55cc383d8927,1086,220,1306
793fddd9fea0e43d9ae9a94d72a4cad19e84e5652d8ba88144d4d2cdc1d38469,1094,218,1312
61bebe586d467f3b4d72bfa389a96ae324c3203fb3cf948e50483e4965139c96,1399,211,1610
be2dae0f4da2ab57fe5f61a44d18efc6e5d59de8721dab7af8e0cc6f180e9533,1767,344,2111
9d3c5b2f6f9aa27be1202c78ee65da9882e59c7bf179d2cc6b92bfd35bd049c1,1657,327,1984
0eb84e35296e625bf01ca788772ced81fff8392a778b3a282aaeca6aa2ca5565,1390,297,1687
31970c5cc7f57b46e6a1aff76060075e8129052b4bd59677b78aa9fc2fb2edcb,1124,324,1448
f57282374609990f8b5e2921d8ea8b6956f65d1585b61eec609b9782432ada44,1151,250,1401
bf7768b5c8d8e392874ddc2faad06553caeadcbcc0a196aefdde2197587f1bae,1132,221,1353
c33e27b65d6cb56ecadb7db5564b75af77879b04fbb87320a72a63da98c963dc,1552,434,1986
8dda4060bab7f7e3d838208821d3f602e390835e03b4d522bc106eb782ce2f97,1303,218,1521
f706f8d522451c1f18eb9a63e3a2bf4b416847b732c9130e31ca91a534ef1ac2,1114,205,1319
1f1dda303e6bb49fa5a435a98c8e1dba0f84f1c7a9f90f0d0b3defaa016cbc32,1582,220,1802
50063b0f27fafc196089161e935dcda26c3fa93a3f0c35631120d3d53c5d5590,1665,501,2166
488515632d56969ea2d43d1cf2e9f9e3d0f93c87580ff3c5bfb422da40e75fdd,974,210,1184
4a288e42c85673082bc2229bb4b8bec66b6dec2d8df7fe46fde97c272ee6a169,1741,327,2068
da8ab3d3e74da87a5bf653fb1de633128fecd3eaf9d22aded75bd16097d2d4ef,1114,205,1319
d6b0432115c52f01badf2a7e27e849abb32f942e9def493daa12560102e4f909,1126,218,1344
24c9db071fad6bf541c27bef0fae6e27ae2ae2bba2e5becbbabb4e879a38d947,1500,211,1711
f1e21fdc724e0a7fc248ae38ed91f4f702dbd4461d28b6bed4264a377406c743,1342,204,1546
f3cc06ed46842647bf56dcc6a4dcbb3c648b57f759538d8b2eaacc02ed5265ad,1443,217,1660
d801def087cdac12999eff3ed10d15ab057acbcfcc668ddc66b0db9e5ffbb44f,985,293,1278
7d288c08901cf312a955d38f270372c6c45cd06d64f538ea3ef5dd5e7b89d4f4,1581,284,1865
c0e49dcb91098be550c7121cb63ae2b272cf33225fc08548d504c1bfca9153bb,992,219,1211
1fe2b1523b28d94049ea239100519f334883063be10978378c1f9348ebb6b94f,1114,205,1319
9fcf0b08b7ffac5b9ef2c5962dca01a5acad5bc18a0e4ac144de0b67685996ba,1068,373,1441
4a7aa8d016b948360d335c9ecba78052f33ffc43c8690b6ddf5ec0240583443d,968,205,1173
7cf3b0e49d3dc6e7178facc4d97b8077db9df8b828a0cab72a447607a629de49,1318,204,1522
564dce67d74afc1d47791cea62ebad5d840c7c33d70b32660b0bf2a757a4c286,1082,209,1291
955022d8147906504eb0083450eba68dcc9fe979ce8da1656d7fb6651f8fb213,1461,428,1889
1c2431424e104bb511994160671f1251af5c9cdaa6340953ef86ed55b95c439b,1095,208,1303
b68cf6967c8c6b4b090d939f392ff1dc4e3b45a08934f4f42adc18b9e7d5b6bb,1166,238,1404
a44562a1ef4a111d282539795016fd84f958efde508907e48439a0a9fd9384b1,1014,226,1240
6e7c342a5f044442d3d8bdf0cff5bc20f17892513cb917cb4d4e83100680ee59,1102,373,1475
8a04da7ef9d403bd34675b7d1ffe4fdbaa78ad3cacf651e143bfbf36a7f7f027,1094,216,1310
a7726fed88c420ed3e163f9299a6bd03e2e69a65c18dfbd5c5ef721d7be8c93a,1114,205,1319
24c8327ef48de095b2032612598a4110bf20064cdeb5ecf1a1a55eeaa8ee3007,1571,282,1853
0ea9fff1e0f010b32451f6503d8f5408a7f1d8720a9867452a2163aa30792e0e,1619,323,1942
41e111d30c25763bf4adef8275c5a7631b28a6990884c05fe0c7ad6bd4cc8471,1244,238,1482
a4324eb56889ea9ea32a14bdfc45f1162bd53e7939a63c6540b8d086c5819c0f,1125,222,1347
8752e0a258cf416de5b0ac74fdfb3382d36f793060d51e4a434b8003d0bb05e9,1570,209,1779
5423c1d41b5dcce3472c9c0706464154294969c51c94c04bae98d30d130f59e4,1122,224,1346
b804882acf2e24edcaf54902a6a92fe30dc04974c56fa5a2c360100e76a1e952,1142,249,1391
e6f8bb1afa843b45d5a9990f6d4798e75f0a2892d55d1286ba2d8a9927466cae,976,205,1181
23818d6cc73cb31434462a4d4583a6a93486a867c8a9bf0ef1f99684f66bf640,1202,315,1517
34e29e472fb63b8fb970da1b5251c84479830f83ab38c793ec47672544eebe6a,1462,226,1688
5ab1b9e08498c97885293ac77754a62715340b510ddceb3cf35c9d09358be545,1462,215,1677
cfaf964307a29e168d18f1922ca800007507cb82d738a341c0f01a95ea24a343,1171,244,1415
1dc933ffdbb8db45d8cde25e483c8c62cb35becfa3d736304df801be1f80291b,1528,536,2064
f910f05f72af1868e1027cdcfe248785a462ef27315e3c0caf0c966f9576a5db,1297,216,1513
faf9c278044dcf6712c7d9506ae4fa26d74de535ebe2139fba77893f7f276e1a,1548,316,1864
177b39c5dff4247bff638008fc21c4ce2a24177012082ba84e6bff9fe195b48e,1447,215,1662
2834fd8a0cc518f4e30faaa02d69ab5e242a14c66d6930e2466870a6183a210c,1244,243,1487
91d6d12c102297f1b97e8f45269fce3880eacfc710f1fc3c9b5832356c989eb7,1298,224,1522
771512d552b8276b57e784fcd37d16beb9e436662e256a86e63a108252e440b5,1627,322,1949
dcec8ab8e5ac6c74a72b85e8e60111471eb0d2988f5d046c7279161902057bc9,1301,220,1521
960962c6ff847cbbd3dc4e306304ccb55c1f3812b897c22411e7576a677c0667,1233,138,1371
08aa1dfdc4b50dbee17c54901b327bae88b8fbc74df780f54e2ac46119893108,1505,614,2119
71897b24af99d38c00d14fe764c36d37f04a10d7ce4480e93746d2cc93b3d6e5,1113,216,1329
1d212cbde54e79a3c2b8d1c9aec905d88482166fb47c3f2dc30f6272f00aef8f,1592,132,1724
d458884392c0430212e902e9f648e1af80f8fcb42c933ca70db29b142ea8de7e,1826,1193,3019
09229b19cc22c82c01718c0c1f138c62ad76800faec8c35ded3cd8560a8c9e2e,1700,1067,2767
4483af78a51a4c74a4d96e8d894a2d9b896b9195be99e42572a8b7bc46a9a51f,1124,220,1344
cfceaca7cf62c36a4a69f621fd7c70da584569ebc1586ef5179e01e2e4dbf3a5,1619,323,1942
38fda3fef266cdee63ff6fefefd2ac6a84964a39a412e475eef481fdca0185a8,1582,218,1800
d67560f8fb8ac84fd4a9de6797f4f7ec8812e2d24f7d371a1833fb26b8730720,1125,222,1347
0d7853dfd682134bae3f9b3ad15f26f73240626d6c62095ae003e46b468a0e99,1568,221,1789
69b6a1f91d5742e8036292bdfb91d2a35fa8b9ed18d92715c57947bd27039d84,1767,345,2112
c14486ebad4e880bfef68713b3d66458383c0f34e8e945e4734163f173dcab0f,1084,295,1379
c5115146649d99ae9b59048f3362286b953c8ae0ff707af5842aa4037e1dbd51,1305,220,1525
3752f91367e9ec8c50a5cba007644a30ca0c6ffa6c0c1bbe3245f5f6e4b65185,1280,219,1499
ec0bec63c4f1ba6fb2fda7c8ad88429cb920e6cac59dd702284f04112fea68a1,1429,426,1855
92f8c2767f7d18df74d1fce0152c951b53f893a2541967591302f5fea108d9f9,1518,539,2057
a4ceeb362a0a62a582ea4c4650191242f6dc720b9efee4f80231a29a85dc322e,1534,211,1745
093ebcb92ac0b0b808fee0bbe0280b2662983d39687064f443933a1e5b4d0fa7,1114,204,1318
b6feb51bc18da8731fa2780fabd190d95d89b14bb5bfe93ed86d19445a65dd35,1686,336,2022
b69deea10e1a583bb3b99b41da728fd6d10caa063296bb4db5fb6326116d9144,987,202,1189
5a844a1283a8ad741d82723cb7e0e8c91b03c00e2a4fc843b7bc6fe14237dda2,1633,327,1960
aeb8a857670433e7ec394d46259cc8d8d4ef43a610d83ae5f489c757b371750c,1635,536,2171
2d03550f95e5902c5b9478b88aefc135462dc877681df1f951e1a6aca8248a98,1447,213,1660
94e98d14b354fe8c0649dfa297a24637c5a244736d7da6139b0ef7af2e586e40,1114,205,1319
df7930a611d5cdc716ba161081b68caee9f15c57b83a29eebdf6e354a1d742f9,1507,222,1729
e7d625682d997fec9039e83b953a526a8fcd70b623d0a6969fd2fe45a653b414,1571,210,1781
e45a779b83da2a607f9ab1f02532dcc26799cc4ff1e00ce3f04051d564ed6c5d,1572,213,1785
a55241270e176fff9add5ccefc22eb533a05650832ffd4ad434763e3df9219db,1557,226,1783
8d8058eadf0aa60ca463df275f74a9d1407ec45ddb0716ceb225cf9d3da82fd0,1114,205,1319
cfeb1f8af6a1dfca4ea0329aa72bc6f0f7b61a425c990ec5b8f1f30c7bfde2b6,1571,209,1780
3b040bca12ca28b55c7f1a66202da7abe352708638f17ebf6f690c5e1f0a5fc1,1663,323,1986
bc5d7ee86eebf2683c89630886ede3d0775080e9e94909f61489fa8d7f66a7ca,1460,277,1737
5a55896694ed0602546c59b115ca2c5c0dd0c0988a66ead1af40be787cb41b33,1153,202,1355
92a4602c1c6c17ecf942275193a1e19a05053246ac0e9fff865911544cfd276f,1119,221,1340
10d5280975d2d0b24a2e8ac5a075b4b35f054cc72ec936a71bbc9bcd15fa7b4f,1062,374,1436
a6a52f773173da90c2e479467e96aa51d83859b61f1cb51bd428abcd3365fcf2,1261,220,1481
bbeb191883064d747ece1b70c947212a5c3d0d54a2808621525b54b7e1fb673d,1114,309,1423
0d1067e80e91302f5c1537214dc5a9571cf08b22928097472e2758b6433c80d5,1094,218,1312
ec84b1e2b51f68b4e0074fcc50c7a785c3640392125704caca13724edd7c7820,1928,1517,3445
f38dcfced61d86057f0dee6ce383c897ff6d558825617cfbb1f9805b72686861,1074,301,1375
17deaf1cbd8dddb8c7c0ca25076f0fc7687c12e0c03a531725328064d8313157,1114,204,1318
0fe7280b8dd2a1cfd42c0edab008a99474c1fea9c58c1e30ed7f2828641ea0ff,1534,212,1746
30ce2852639bdca6b0b31c3addc154545c775a54994d15028c8b0cb75a1a700d,1699,336,2035
0b22aeb846148909672b503437f5b67abaa22ca5929d7cb66ad9007f0b3e6049,2213,309,2522
f92d2b850fc088249da8e5c13739816d738db5b414f32e57aa3c77f8b71c8d0e,1642,328,1970
9035f7aa702aaac1930d174a35206d45803acff25b93369f08871e7059577e4f,1571,209,1780
9a6b2357757a1064218b2d59a131f3eb87bfd475ac2b4feb176db64558e275e7,1046,246,1292
d19d038079a6a43dd21a5f8aa6370bab48b50b29c940e7da6b3ec4a903a53b42,1643,331,1974
4fe5c4bf8a3be58b8e2f03123c91d44688b8f4545a70c8722b4b55c67860ec8d,1179,231,1410
e5669d5e08add8115d6fb8ed46bf3380d681e504265c84cd596b3d37895f403b,1113,205,1318
0ffee1c8f3cf7b248c7594c31e310781da94f4525b1c606a12e3216fc9eda8d6,1598,201,1799
440a5caa3e7f730eaeb3b1b0597472bb6a5f8e413ab48b8314e8c93f0bfe4cda,1566,234,1800
4aac70176de2ecf579f31d9069eff47afb573400a76da9dab034f487bc33fc54,1092,223,1315
ecb5a759d639e16271439efb8cba63da348fbbe0cd06a6c2c02bcf0c3da0de8d,1766,344,2110
8b2b87aeb13331fac16562aba9ce100fb1ce92d8d72b3f048c1ebeb4bce56a94,1584,289,1873
dc078e158457e6ca34c61a2cd3e5c57fd940c007b2555414573970820da2f5c7,1236,212,1448
b830aafd28c813a79431395aec9fe0cff112d2347cdca362710c2e84deb7ddaf,1087,201,1288
2bca72483722106f2771aa18c645d14e08b90b6833b586a2804c7fdf705e21d8,1459,427,1886
eeee867401d78e8d322c581df21d654aefab94cc7112e713bb8a2998288860a5,1124,205,1329
4173a3e8d11c3dbe3df8763233269f0db51ac414bc02af683ebc40f814da8200,1932,2194,4126
6c0405f8c4dbd4cc3401d5eafc9ebc90ac078e902014d153c97bfb496599660c,1317,214,1531
a03c625664c205080c7d5e50a2ea1f6d8950dbd1010c45bb155caa5cf321a780,1251,216,1467
512dbe8c95fb1d6b87fb2a2b66b636e54179b7108f8ce93fd82db26b11d917a4,1076,286,1362
04425c3625e2c9479ec83271b7bb1cd58c4b5caa31682f14040a1998cca0c796,1571,211,1782
507946cc00eb16f90e2f8ee49d7e9f36203a000cdd3c061d6efe9637ad29d274,1114,205,1319
1ef679059b7dce2017d173f88b27e20ec8b539f04a248fa3eddd246c898530ff,1571,209,1780
b6b8947eda2ad2c07852351dc545ce730b00af61c4eea372a679ea89edae6822,1112,250,1362
9689a85ceecdd135b1258fb375b98884e57971c360429e3e96d29ccc6600ec40,1264,221,1485
830210baece30bf57fdcdea2e68cc28ff769ac837dbfdce506064ba0d3ef7a15,1113,205,1318
ce007c343748cd8bc6006246651e866d31de15f59caed1a04e82dbe36105750a,1113,205,1318
3819359fe45969125b5062bf4429310c763bab19125dff98679aae675bc06fa1,1115,284,1399
44e8a93aedcfec8ca9ef9eb046e4d5c18dc2e97c5af5522e3159324511112ee6,1124,213,1337
9ddd89bff4f473d9373d19220ebb89c5aeae5e2b4d466f0d7b359f2dbd5d0d5e,1118,213,1331
9e9a26aec42c6f0bf885257e73294580b67a78e2aaf04321127ac467d43856d8,1503,360,1863
9abfaabdaec7ff6366bcf80f5d93202bda810fba61111406b955e3aa73151411,1124,221,1345
67832f9749b715ffc119950d5edb0e3766c837dd72f4fbed32e60d5c3e89fdb8,1210,647,1857
36501f7dd0e352edd40654f6faa479401f03aeb927db9d8e3b1235e66ef006e2,1581,207,1788
c483c2532c9ae39e983ba93bd189fc15801e38a8291327bac9dd71ea68adbd0f,1611,517,2128
492ec061e2d63bf2dd7e8fc9b56de3fe1865a546932fabb56364a8ea96fdf8fd,1243,342,1585
a25775abf7925550d6625963d5d4c8bb7d03149de819df00ac253b1f840a2f44,1289,222,1511
3f51f359ace3c33600ff5b28b710a4ccce7d4de13ee38fbe06f6a04105b853a3,1541,753,2294
40f52134993a368aeea9fc3646dde0e70e04324c9d9214728fedae582f3de8c4,1275,219,1494
76e677b872f229ec84f0ba2dcc8c1b2abc73608c36616ca5b4a73ca776da7d1d,1589,287,1876
dc24491c23113aca2e7d9782b1ad5d0dd18e2314612a4daa36f99573f6d191bf,1142,221,1363
e853fddce8de7144ec8b376e3e9b1c206040e321f0cfc07127dbf95f56cdc6e8,1528,335,1863
e66c4d67b99008a25509a55ed1682e7c273378b978852989421df7c610d560a1,1114,205,1319
018e7c7049eb1d09b1cc40fdbd7eda6f716960c339bca11afb22bf3c91e2515e,1319,220,1539
a0ef5420289da6c1b1498b6c2163fcd2068593fc1d77c0f3e0256631dec9398c,1266,243,1509
5f5dce225f6eeabca99647e94ce7b13306fb67f35953a4d54c9e223b619e4cfa,1568,210,1778
d6841d5dcd2740b290feb0ffe9119bda430e8c1ac9b8dbd729cec66eba909dfb,1494,302,1796
8866b7174bae5155f3280f768a15206aa43aaf130a473b765de6ecc2ff49911a,1245,221,1466
ba91c38a023b0b9634c9a904d30753947bd1f98c0016adae3570041d1315d219,1114,205,1319
5f07bb6ed2e7a3c2954a32994b3080e1f26e6ede94dfb238eaf449bb40520be5,1114,205,1319
4fb6ae0438c3d10f94d4c08bcff1a067ae26104713e636eb217bb7430b57e2b7,1558,684,2242
7df090cead93f0c318d35966a58be2b41b5b00168f2967c6780b3acbe858b2ee,1234,217,1451
9003fd9d908f5afd870add5ad9ae5b35d607114904f1fe939feb6f55e3c4556e,1614,433,2047
d41633d74f9144b2c049fe492bd55534d8546b6861ed2447c63c5be88d174d69,1585,206,1791
fabf42d402142120ffaf0eb0c7ab34af153adc3a3de70764a7a3fc049c7db52e,1591,207,1798
9312e15f00ea6745d74994ea9ef8fee13255871f84b9c2b6d2d0bb8585bd5d6c,1570,211,1781
ac0a7a2ae91431c8923d70a21267e2e1edca453be2b9d405554a0507b95f2507,1110,214,1324
efadf7d051853fe8c9742a9b5fba43a43ed60cd4ead42934874d9c2e645f8eeb,1576,456,2032
3bb6a5d640af57a544d9ac092d8d04e18debfef6e28fdc17e26033536b924976,1336,429,1765
df49203e8a185bd25029d48b36bfe41dcc3b139fd8b6fb972966085d98555c40,1156,218,1374
4972c2464ae08eb8e1fa513f98f8173816be568f8140e350509b6742fea02b42,1114,205,1319
351f6be98dd604152dc4ee4aa6adbd8ad0d9194a887ca14dcd4ddda280ba483a,1114,205,1319
9675925a17bb3ce3c1a7eff8a2376c301785711903a91dcf6b7d8af55663c91e,1457,423,1880
b65e5afc2ee85ef0847988a1966977654ddf26cdd0dc792cf5ae1cc2975d6683,1591,284,1875
42874c647fabec2d6a897309fb605fd1bc8edbbe7db6da13417bc3e9d0424fa7,1615,645,2260
a5fce811d52b114f3bdfedf3f203f526422eee10e9c3f80ab14f73c6e69d7945,1385,218,1603
0ad7fa61cfdf8595ace68006df1c6dc795f62d436a66d2aa462a4faecc623229,1568,209,1777
5af3c0bbea0aad1ead5300b894ab8e051e1b2544fd97c458b0304fc41890c431,1114,205,1319
1c08e84adb7b18522d2be2c376722930fd7fd31d84966d5fc3db2cfa72b27bc7,911,206,1117
bef3c6b3338b289896a8d2298c5ff8e3a2fe2b7b1daf5618a89b7b1f3333fff2,1571,211,1782
2a166262eb648595603c091aad217b301858615c73e5c6d8d5aaa3746a4e301b,1648,449,2097
4f94799bf4e53e740a49ebf44b67a54c01e06b6873a451f5c332550647ca42ed,1258,216,1474
eb7ce97c3100dd6ec281e7821c4cbd1c492a6f4fe841df8d6f014784cf134360,1585,377,1962
e2e698c2fa380fffcff8f56dbdf43f130e5d09a6108c28f115f01705c5e51b4f,1273,239,1512
bb4933a50bac40f19015159691ac4a93f128e4799b7d5a0b6740a7d5e126f3c2,1304,211,1515
2132ee108b15f3b764816c6917cd086f5368a007861d90d504c806f1d5c141ab,1114,205,1319
45ce68ed35ef4dcb81e924034b133211b6eaccbdd8c5c4a849dd2995b57844ce,1100,256,1356
221b7d8f391a2005f4e3e11ed4343a810680dac002cb325b3b889ada6f371739,1108,222,1330
e6a001049cafcfea465dbf25ea666272a5f7872716be0baa6c8a96af56cab04e,1571,210,1781
d6ad3073f904d3c4b5e5c1eb40954048e70ac7942d33a11541c91a10bbbaf2a1,1546,203,1749
b06eeca25f13427903aef1f9f2ad26facad4ad742598af17dcdc51730bbba1f4,1344,444,1788
c7a342e0387d087086fc8c4e50df5f4e64d0f9e982cee24635081cad112097ba,1114,205,1319
64aa6d2c7b9f0990e36dbb2e20bf40f4fbde72573a9be96b52d12960dc3e17e5,1114,309,1423
159b734c9c9a892bbe9413326be9a83432ed47ddb9681c7c2ba90e62cb4521f6,947,210,1157
f8ba19c64a2fb2803a5375b830642320336cd3e8a4b3ce1457bc80f61265f935,1069,448,1517
bbc45c441449311cde7cb2e4a6a4d480cdc65905fc94b22556dcb78df286f9bc,990,212,1202
7a39ad1655f759e9bae5a3db0d4f895fdc60a82df27f2c4d57098b6d0ebc40a3,992,201,1193
d134f422a7ebfa939dc299a8f73f209a9c6ab7eb8a8f85df0a9491361f956d23,1248,213,1461
db33a8300e621b9aca7afa6ed14268009194a2718435c064a087c42df6e674a0,1110,220,1330
a1d8554d73f50919235ca0744b7d7283e61832161d257eb4bbdf00a080b19cee,1167,213,1380
5af2c34b4c9636cfb2d65afade641949e28796482ae5441ae8443f066723d859,1567,209,1776
744d35804585d6c1d4c9664c26e6f587fcf4ba4342d85f6c501036327a152267,1114,205,1319
be2bb3556a11ddff089618b89875116bb1991bc3673e6b5fb3275d9b4e638d50,1128,216,1344
22cd988c64bde40d3162d38b53dc82f9ce6d6ea48e48b268011373c59925d569,1254,227,1481
2fd184ecf43680951ea6d19a9bba22a89966c7623fb580fde8587df57e36e404,1131,261,1392
2638e55084f8dcfc93f5c31b0179e70068ca5fc9628e3cf636fc94d42b136b29,1571,210,1781
37cc7a0b58aae127db7b410d202160f6e8c1b1c9545a5c1fec284faaafb3fcb8,1079,214,1293
d4d69480c540e66e76e8335b71bcb6c6872e0eccfd88081f60ebd43d56a3e6bf,1169,222,1391
ac1972912a428db0aab2599f139380a962a21a9733b2b21061414df11fa9eb0c,1130,213,1343
05053dead354af0110eb8cdae30629c2f617c2d1e65f6c9cbe6a1405c046220e,1273,244,1517
b6ae42797d9c7d116d3391379a0545da401463f26e98430233cb59db5f3d04ac,1275,224,1499
293d0a4265d0f16d337bad68b9189a6bfd1c11b296f2b2681a908ae94712622b,1231,344,1575
2f8ff0af3359cd7709414dd4036f2dfffa4e2923e8aee9c0d5d39809e892fcc9,1150,214,1364
109a084b34d1159c64a438f830f5fdc37df88bec5921bc87eb46704ae1e21c9b,1217,210,1427
8821f623c9cfd62d1f7800a77445d17af3cfea4ee24b5eca835b36b865985502,1402,215,1617
6a4bf60d236f6305018b756a559b7cfac0b6da33905f91c468591adb750396d5,1182,242,1424
ba1cd98f357656c5d881d40345a60888ab1a1c73cc53212dea6b92a09aa28bac,1563,209,1772
e2bd3f2b5e91265a178c4d54d54b0d5e22c9d775b65ed39e8ecc4276780d94bf,1243,215,1458
de1c04fb0091c4fa0130f49d9d7c498be3eab7491942d29b15d8b979a920b73a,1178,219,1397
18d26da30deb26d637253c1668a83786128a96edd9689219bb1e4ba920f58acd,1114,205,1319
fbe70cafb2f34f8d4f391ed454fe33b74937469b21be32c9aa9f541246ef51c3,1114,205,1319
a85dd1d5f53eb9a51256c50c391cef7d1e8c16cb7de80f7714dddebc800c23c0,1267,302,1569
5e4ebbc8732ac79b779c0f586a1553ea057a86160a42499a5dd561943d1566ef,1575,522,2097
1db22e20d7a0b5d528936219bebfb2d3ad0a8d067432390fd796dd5d7538261e,1079,214,1293
235bfa0654c4059f99325c1d98728cfd5399409ab8cee4676b6a3b68eb7f26d0,1092,222,1314
85cccd7363db86b36ff1fcee27a743c53d258f5e7019f2b0fc4fe23e3aeb4a3c,973,205,1178
cc4bb26985b285f7177d1327165021379f58c5dc5b634ecc93a1b49367067138,1305,219,1524
df8e8d95774ad1bf28c9b625c05739f5f94c623c20dc2e7588244029728534a4,1113,219,1332
99ea8ddd3d99e8fa6305284b71fe2663774325306c618aaf9baed54748a580cf,1121,214,1335
231b02cc6698bac48070e3c4c88a072fff49e4d048a51331f491b1af9edfa0fa,1618,315,1933
f9caf1da5eb5f2318f3f65124f6a68c9f24aa9be37d16b48f4165a383dd98ccc,1508,210,1718
806ca4670aafcccae7129ae08b08d7c56ffc69a7b65f1444e03f2ac94d3bc96b,1566,211,1777
f31953c35f4735d57eca5b9e0b2937875925d7071dd28df082dc6d0db1604de0,1194,227,1421
b3400c6ea7912dea691b55d92b5ea8bf3c6d69621e764626cd75a58eef0ac988,1213,215,1428
2ab3015a7d3573b870dcde244f1eaa31c461cd28f054d6dada1fb61b97a2f57d,1113,205,1318
c4108957d49f48bb3a9a77c7680dbda3f09f9e68e70ff1a133126f77ac8f3912,1113,205,1318
764b98496b25be99f545a3e934f0951a4400e72dd3da9aa47b879433e1d75033,1590,208,1798
4c4a258fba9ed5cc99646650e771b64097de97730d3f6f1a8eb08c9a2e65aeb3,1114,205,1319
2166cd4ca3ab16d1d055e487fb4dca6b9365f1b6eb624d859f70986db17cf7bd,1116,250,1366
af9064a143bf7846f16c313b63056604365ef5ce68c1ca8a72e1db391f1824e3,1255,218,1473
ec61041223358dcdc4eb6dd223f2810c395168dc74329fe0fdd6b17d7ee90ce1,1566,209,1775
d909baefe149d42f5c360643d0db16379cfcf6486e84a9eba4d360a43f65aeb9,1570,317,1887
989209b204c4990cb9f2a2315a389d3acb52a310f0cb64b5be299d7998757a55,1065,243,1308
c90496a551ad08e1b263a3241722fdd3d22c4b0d50ee1c873e64e5b13422d9bd,1398,219,1617
5b6f3c000d04189b5aa4b9099cdc27a25ebcef0f35dd41af9cee576a3260e870,1258,218,1476
c97c48ebf8dcfaa8b1ee93bd17e16cafa8d22567575789f5c07231a8fdf87c32,1564,210,1774
3becd6b910947c9e2acaa9c8e2287ada27f2034a6c9c11ab4996835f8ead5679,1832,1514,3346
5e02f8873b86041da16793632ec555bab79f59e233edab459c0b9e629e55868a,1350,231,1581
acfcdbf262f7aae9b4949d6309f4f88cf585d54962cc3d56f7daad552252f893,1855,1541,3396
4071fcf432903b245ba0dea3a659e47d148e29f32810e11f7244d9d9dc709085,1114,204,1318
bba48fae34edb5f859e8cbdeffb906518f19cf8e7fc4e1e866f17523b24c76d0,1357,359,1716
dc77077cf5d1f3e29d2082fbaf0c38dcaddf7c6ab5fb3b7393981d4dbfdcced7,1485,357,1842
0407328635fcbdb47e4c1bcf41ac3fb236c75139128b8c0c83edd6d0e447a27c,1509,289,1798
4d7200d0abfa00875b6e4a8f223d3cec2dc4b52662007bc57646e352aee330a5,1355,584,1939
720fb6286b30bf0ee6d2c2c0e1c1322dd32b5228907a53cad87e2ded70ae8dc8,1096,226,1322
d4e99650faa9751d28bc1c1d80df2fa70b3d3733b78d006b9f5822a9e3ef34ec,1621,315,1936
c083084af5580d260396316fd97512cfd07a09cfca8a93246bd79cf2c5411031,1287,219,1506
aaf2a7ef778de55ba71c06ce3501833140e4c44d23770f3ad9f39bfbeed2f821,1634,468,2102
aa4df65c9d696e1a85d49558dea5cbdba9ad19b108bcdbddefce91cdb2e8b0f2,1114,205,1319
67254e0562df5f4b00b5cf1492319d9bba2bdb237b9faf72adc2e557764cacd3,1114,205,1319
42deae459fdfb64f5830ebc5e96e82c073e58a4cedbc5da011e6c1fa3c0b6ea0,1256,225,1481
f0537602074e01a5073db4c1e38654b9e5c67a2b1c1519c4ef656853c7ab5389,1566,209,1775
af348c6457139be0fb0cc2cdc905d6198f58cd6c3c3b2ed30173cbf73d181969,1495,375,1870
c9357f0ace17c53b4cadc8ef634178f291a005c7d60a55d605bdf28cba28e3be,1800,1522,3322
40c657f54d171a1e7b743b5cd446fba847383627721544b5aab0645f80fa8735,1113,205,1318
483175800b78964661356a284c201535472df3f952edd4c799f61696387b7c97,1361,217,1578
565ad1121f2b13559958c732fed159636e68a76da7595c3d790bc1ff470e8c30,1089,290,1379
b67a940f13b5c1db96468544babe68253a2870d617e5dd1472938d1c78cf83c8,1400,284,1684
a74af3fa1da2bc57fdb74068a1a535449e382c62ca4f4fdcdfc05277979e46aa,1470,427,1897
ccbef43669a3b4ed3665c02888800b27dc81be46e2e8b8c1de869b6b6a55cffc,932,210,1142
df931cdde5e4e7ec7e2b4bac4715f3f9df5b5c0b24fa07221ffbdba66baf11ed,1480,243,1723
a23962d9965e308d3452611ed277d01af27aafdc460ef5f362d33e2725906690,1280,219,1499
c126113a790dc6a3acccb907181544455e95b1a1305d57927f7cee9b03efed76,1098,285,1383
a0e23e66b3b4c8fecff628a88fc402314110571c90d68675e30b04743d72169c,974,215,1189
28d527ac50102b04210c1357e8cd53136bfb9159f28fd22e03562b2d3a6799c6,1564,210,1774
9b235c422590d766b4598c8e0e892c3ad3c669cdffb373b465047b7e77c3af4b,1583,375,1958
09c145179afd867280106b16b4fec34e717c552aa884c238a5a9d8e422a987d7,1319,219,1538
54a12bc7b45c45014973ba1f2ac1fbc536ecf9b0dc0b07790cdcfc333d718362,1060,201,1261
072e2657154635c11fa18f4dd7bd16a0985850d66a5d1e899d85e40e58ca886a,1556,657,2213
5a8ac4fcc86176b4a0b53da938e31d9eca89ed4ac6e9ec5be2153d31e9f39cdc,1447,525,1972
e4d0d6f7d1c1bd389bbbf158312f2f7aea1402135dfe51c5f3da3a505a09c669,1540,549,2089
8410f0cd5ef46904e56a472a9248401cba2231b25bac88877b98bcae60b56cf6,1407,219,1626
19e18e5fd40030cbd025e89ede0b3c202e0032d4301d631608f10c2d62b0b626,1114,205,1319
bf3188ec99b0f88df5e0b3c91be7e71b8c1b003e874fadc5742274e9bea0e86e,1388,218,1606
35ff20c3da294181c26578044105027f08bb50dadfd6e99107c5097ed6c5c252,1095,290,1385
6cd46acb37433fde03d5527a64aa8e86a49f7f38b2a1276fb5eef9ccaa23cb33,1569,288,1857
736a931179dddac51e7ab7ab5e854cb05b08fd3cd8f648770846b39e85a76345,1567,209,1776
b107666dd40b14b4903822d3e735fb5c02974081761516333c2be867c182904d,1146,290,1436
2fd1e3b07b66374e592f967525357e21e1df59dfa405c8eb2daf678677a431fb,1141,366,1507
0cb0a0633568c3c8bd217c7fd689a42b72f07f9ceaaf286f0004af00963ad6d1,1114,205,1319
6a02ae7b4e0592e47255ad6f0b67e02b487ac996f51e294b188d91d486a0cc09,1567,211,1778
d27202f861b816c3f8e85dd019eff4dd495f3e929b04d2d77d556d1bb3b60186,1568,359,1927
269cb1574721e0b68e1bc5a88ca2293cced7bee85a177aa2f33a737a59524370,1070,204,1274
a4925d21cd19bca5e3d496a5c1c167e1d9b0bd86e592e7592c788f6e9f6afece,1442,214,1656
738fcc9711175d2503037d8ce12c35eb01f37ec1ae570c8c0cfae10c2a833bd8,1637,315,1952
1e9dad1285afb9cd1b04c4c20c3c039de99e141d3b16920b130a34cfd4bf3499,1270,213,1483
7b8f27c01ed56749447b151403e92ff675ee59b0724ee2033a49134648049c58,1114,205,1319
a18a677a2da384fd9c44582c120c5fed06a2d6833fc983c9d1dc45503d9b8008,1202,210,1412
9795252d02a3592931c6a9d637951e9d5c510f4dde1bc01c4bce438bdee381bb,1194,435,1629
efc78e174219915080b10f04fe3a9c1b458e2833c17c695d8f6c3d5cd186f76a,1501,274,1775
d13b98c2024972ff7f22b2511148918b870d25455a411a3c18709e87f3b52651,1553,208,1761
babe7b8596737ad53f6cd8e99ee28c9bd8b37b6f47b69d700ce45d7502e1ccd7,1821,1410,3231
90f6be2d91383def0d09a9721a4b63121971198c180cda673a4c2c409d509bf4,1001,201,1202
a2363636d763a0376f40bcb958d61b66b72558a1e8c89c30371b2718b3eaa6b7,1023,216,1239
f40df88ac7c99abb0c57ef1d61196cf19fa5f119ac6805c61c9b17ad420fd6af,1301,220,1521
fe87737f493e99bdb1e730fbb657ec361802d6cd96b22069b462ee5bb482c91b,1114,205,1319
38078b27575d3e24eea6e945f61b0a6196e5c1beef177d0d8a82405999b6ed31,1310,219,1529
9e918de3ceb7d102ae42d3179399294d177f7cf85489d62dc66f7136c12c5b83,1114,205,1319
c8f015808b042196d1a9223aa62d9f5d87adeee6b1d81783144212cc29930995,1605,384,1989
ca2e53403968ba954f6f2687bdcabbebd9a61873abe0f3ba5f4d7d1c00a48eb6,1420,218,1638
2661a980540310fda7fb82df2795048973509720943a6cc6095f22d15e56f221,1273,243,1516
7a4a2837ef55cd52c2329e1a3cfad9851aeab194874fe5d67c0dc89aef9c80b4,1169,367,1536
e739a4cff5e83731d2bcc1996565d26740774967ffbb11eeebcd491d066ac4b4,2224,938,3162
e75ec8cc8d0b5539d63a80b2507d18e344b99f8fa03413102bcf92f3b02e8bc8,1531,555,2086
0dc9f711c3e7c785432459e45ed6568ed786d102fb18e82f54868914fb7a336b,967,206,1173
d91b497d9fb918ccc13bcde6706d0ff7a2fd2bdd819c526ff1b1240cb6b31d1e,1466,217,1683
827930aa1bb300c732197f36261bbbb312ac1ca4820ee5308d1a8ae6d6520db5,1671,530,2201
fbb6b048f12e8c2398d3b59193277025efb8d7e9857f1c54a052c6a0e596b4e8,1114,205,1319
ecdc15cb68fdfc74b2630b4295d48fd5d6ea5035cc1264809b23ce8e491a24a6,1114,205,1319
5a7e6e33bef3bdcf1ff0a46161b9c4fd18a7dc0b90479cfdaa5674601bc3312f,1852,1519,3371
39575f18e5a62140b33918057db4f4ede6ef807769496be632a0556583b98c2e,1540,207,1747
7a786793cbc0c7dba09057be7e21d9ca3c0e0e1b951d0e34db1ea2f80888345b,1273,225,1498
50dade27e5a238725e3463d886122d18e97b7a5edaa3b17212fe3c70a1a3f916,1480,428,1908
c07fa4ec381269d369b85460058435b3dfa334e7a62a225aae00ce1fc4caddbe,1114,205,1319
77523cdab578a9d503bc7081186fb1673efb59bccf99f19eaa80bffa70576cb2,1508,214,1722
cdadef39e0050bd138963cfe01b8de93bbadd638fb93817a41843a6428d416d5,1117,212,1329
c0fa545d3b2f9e6d5b178a36383fea9d5e56b879693f85d63c36bdbfb6d4c24d,1613,553,2166
e12646be12783cd3678a6d7ebad4f9dd9aa97af8a796fdfa72f3b85e552b70c4,1800,2135,3935
8dc175c1b6bd2dfd88e02e528e21f646d48bc79e1a326c99fe15afe7f46e0ffe,1079,211,1290
7eff256c3b12b68ddd5b922cfd022ca3f52c1b2c4b06672b470f56801e90f542,1744,893,2637
66b120b21ea7165dacf87b66f8453a81a5cde81c2e3ae94f3359e3f22f85e2b2,1567,211,1778
96f38b6ac98b80ab353cdc3e8d543e04998bbded6296245fa05a73947d6934d0,1629,314,1943
bd772eebdedb78b22c6fae75a3f37192345f51cb65da21e7973f50674e903b6b,1576,214,1790
b3256ade66d2d4095ec7e903e6e0ad4acfe368c3b9be754159da173c1a10bc5e,1120,353,1473
c14d0e81250b337e8d63bbdbfa0ab1a8a3d27864661dff7f86d19ce70f486474,1203,217,1420
e929bb84d635b63c1b015bc8c70d2379cb79b5fcc70a38d0cf5856d97036ed93,1917,1052,2969
9d1a04c04fdbee2c3244c445f6c6136bb36b6c9ef038cb71f79538b0d377ed72,1302,218,1520
d0ba5de4917da920dcf7215024ebd4bb2d04a786d79a8dc8603fa44c1b39e4b9,1284,219,1503
e720e2f39628cd262b74792fbcf090f0781df414cf625a6fcb1a1cd068e12bc6,973,205,1178
e436c8981d2d23b0b65d883fbd815f5b4326b3a1fd4369a9a6645effd1392856,1625,647,2272
fbcc5e9e96434f71f5e14395ebbebc977d5874eb9491a2b85cf399ff679f4238,1453,215,1668
8e06a857fd8fa2f147dbc5ddb0f4c539a7ce6ced1faa8c49653977a2c8de5e92,1446,584,2030
32bedbd0f1df7a2e78836ea41025c9177052456c79b463684e4ebfce4e411aba,1114,206,1320
e7c49d007e5eefeb6a73405b5a754242433eba06b426269869409b309e469c5a,1280,219,1499
ad3f8dfa5438cf5565ba139b382d51e99b706596c24ebae6b5efde72b119c107,1619,315,1934
ce0e4e3fe9c240e2de4894192e71e61baa6c9bafb0d66b74741c4b2f37556f03,1554,244,1798
ff3f65d2eab77af0159ce20e84d2e917a4ace50fbe5fc60c8003cb5620bc100f,1084,213,1297
4e092183799cc3fc7d354a7001992728908548ada3417e5611112d5cc799ac12,1192,253,1445
50ef7851649d56bf9de2a41038399105254faeabc526319ab0d8b1a0a47163d3,1565,211,1776
44fc3556199d9dff366462e41df2b109993a706d801ce5a0f9f3ee065a7f6de6,1196,219,1415
7d04e38aaff730f48dda94a98558a1b275109011e7253fcdeacd803cfe59bf8a,1418,218,1636
8641f7ba5e3843feae3d2c6dee4e134631de06b43cc929c3b491baeccff74193,1211,364,1575
9edb8acb6fd23a1eff4ecaaf9bad6ff3cddfc81c3f47b5e1134c0019aa66146a,1681,424,2105
c39eeaed13b5158f10453a1a1610dcdbc7a0bc23f7eb66d06425b8055f45adfe,1114,205,1319
4a0e105f8761f49d23c97b3258ada2f7f3212a406bfc68cfd31bb23723008756,1129,222,1351
ad25b447c08fdefd89674b4101cc2b1f4ad533a91c0568440916531d30afad76,1302,223,1525
9f76c5b5053343ae205b1a69f79040767d5cdba16e575ecf6616b7f20fce82ef,1090,214,1304
687b14d586b836300f17534654bf21447c3fd6ca0a14da711117866e0830a356,1464,428,1892
fda5f286c83877d36b30b2c228a3f8458fd5c54e0616b5b616f91700dbd3484e,1565,211,1776
e9d315416801ceb588ae3dda16c0cbc393ed4a60146e477351b0b068795c0bf6,1405,216,1621
bacbb3579d7883992d846db5039cb883c8b00498a42bf2be211e0d66c3fc6f8d,1289,240,1529
61fead6ad438783fae80207c9a7dccbc8440e33548811d56e45c89a767084488,1585,356,1941
3e9c4a10ac3c9ee1efef782ac599a0b8089402cb80e7705bdd71eebc45f48c7e,1114,205,1319
c074599cf8a251001d0d8bc371695a253d3728a1890f3ffc2edf2acfeba94e1e,1603,208,1811
a1fe6b22ed846c1224c827bc583366283fe11cf33fb8516cd8e313e5f206bd94,1652,1128,2780
db42eebbd9684486c7afd9f44ea357cf9859d0fd20500fcf1fe9fbb68cb3ab46,1148,249,1397
b5cd205f897bf075b8d60220ce277b6baacdbbee26fcbb802eaf21ff3ba40986,1342,205,1547
3c669988d3feff8e526a9e5e78612a0f7457176afd5f611b01ed94a05a69ff69,1866,315,2181
d6df6b81fb80f001ec2b62e89bc0abde1ae47518f993cbe3d1951e2a8a463775,1006,204,1210
3c5b364cbab99fe4d80777ac19cdb02d9a96cc3a263126e75a7d7fd16e172cd1,1300,222,1522
56615fc5d37bf90e9e4a016288f54ed3c0fb4f759b4cf7088ad9056aa337991c,1736,314,2050
6d93a4e43cdb45e2ccdfa30ecead6137b13b5459f902599b797cc8d1569fdcf4,1422,214,1636
3a69ca1973cf7d039782b82650d393d21eb9198f703b608f60ec9ec0841487f8,1300,220,1520
4f092b6dfbf0965df194b7a25c2428e932d215688af7f7ea2539325bd72aaeec,1659,995,2654
6fdaa5b23397694d34c11ba4f5a541d6834823b871e9d7eeccbaf42e3668acf2,1723,1026,2749
c47c543a79cc5640500deee853e501157efe4149090fb36b660294937eef9fbe,1825,1526,3351
dedd852831281f61949455c6d45fd34442411da61371559b643c37db1227cac0,1305,219,1524
67f4d58635447d06da6e227a7fb206f46554d0d1cf72a70086e552dc184be7e7,1114,205,1319
9b5f1710a03cf6d3ad87893a0ef32594c26e6d47a06746ff91b992f519eb6632,1912,1523,3435
b81bdba4f7e0cf82727dedde6abf4b5f25e37ef37d909182748cb9fa5392990f,1407,217,1624
d3dabca6a408041d885b805dc72bb130a7944e1cdf2b146d28e9d06b51917756,1567,280,1847
535a56113f7544057d7ed8241262fba8d4ee435ee29a4daba392fec325235be8,1495,428,1923
2275d90f1633627964d34b18b9fdd8d5448dec62de3962616c8e7d3f767964b6,1157,324,1481
d1d0397e55e53a7380ddb23d535960972a3a5a6537943762750660604fd8eee0,1222,273,1495
810e88f835d82938408ad6f096748a31dadf10f800c20ee6d513f46d2e35edbf,1114,205,1319
4f038d23bd9090c2e3fa874b97335716b7ccd75d1e1f8bbf49a163906ba3d962,1114,309,1423
bb2cc40b11e9a462838791126c2fc7e8dcf2d6ccad0a0738e0cfcbc80f56633b,1585,206,1791
860096a0ba25f6ccd8e7e6a438d302850c237afbab9e0e57246b66b0c3f31621,1598,285,1883
f58bb96e1dccf084e7d563ad93893e0c32902dd2bebbf6ca6e4684ac90a952bf,1247,318,1565
9a31d846868ff8ecb54438667e7c76e138f4fac6f1b9a84d6742ca5f59ec2212,914,204,1118
c89dc5406cfb571311be8b5b2508f8460d2281e3b4085d9e2a77e52c96be5c67,1561,853,2414
d698cbafa9a7cb760a8f3a0210d90598809d90b4cf473591a262d19dfb5909fd,1114,205,1319
dda282ae8fde5918ba68a7a4609ba38bbab8ceec55e15f7c7953aa35638a3891,1712,1045,2757
8772407864048889434988747cf4f8c742dfe5ce213ebd6c4b500519c4e6d4e2,1566,210,1776
40eb4cdccfa9c200a9fb6b6a7c1d526075039368c5856beb4b04d451a95b9b64,1230,1353,2583
73ae39f1d5a2c42eed6b92be1d255a60ea10b219973a499ae0a67cbf4040dca8,1526,207,1733
8f47b49418cbbcc4f60f60f6137e0443a78ddf3f9efd987235977fc01de6ba7a,1114,205,1319
dbef1836fd03298107169e23cafbcab9443a784e64f8c0d7b023ed4428a099de,1114,205,1319
8dc26081c2f39561ab195406b693c3bacd04152635e5434198d0fce2fdf57667,1535,208,1743
6207e4c8dc772fd7ef66740ea0df77b3e0198bd93ef2fc1ec7c576c432a5d187,1020,204,1224
5bfe3dbfcd336f0fd5b3e773bbc33ea5e041dfb74761a75c725652d0024135d9,1114,205,1319
b63ca229d0a36b3b46a53bca51d60a0021857f157d2f22822e4371805ffd6701,1302,219,1521
af0ec9068d292d974e2b21971e5d6923ccf64b374894a28c614a8da711d393be,1259,219,1478
8f84d1a4cbde08c4aca4ada8e11cc2e9fd8f6d6baa60d691152fdea453d13ee4,1466,217,1683
80cb33959048686b21250c8134d85cc2c561e0c8fa6b4b9033c681c5ed2f9658,1034,204,1238
5273211330d51991da6a416508eb0db55f204bf1fc5cc85e48253c27e0d6da46,1034,208,1242
19b010a61f6ad37fe1aca4e577a51e70b8c987e9278788d765ec6c663ce0830e,1564,211,1775
30531ff65d8d42c6803c3d9fec6d541bbb504c60ede1a74866dabf7b701d6369,1138,220,1358
025639802cdcf690b6b2c3befc5691978f9421237a6f8ef75a0526bc87cc482c,1304,211,1515
61c0164a9c602e120e039e8067e7551840172437749f4500005e820b7ffcb287,1472,428,1900
94f0cd3495f33dddfa760f21c47d3c8478975af6f18670910c77408f4d88b780,1091,200,1291
bc83dbf28005bdb7b0743e27822949f65abfbc194dba785c6f874b217072fcb4,1503,219,1722
1d051395db0fc0856ec911bdf877f9030e4c00b78dbf238c2707645e764a4ef6,1114,205,1319
1482f70cfaba76bfc94ecf3febb4a47551b19fad2b5e86570903124e75f1349f,1114,205,1319
c73988b460c6b498864eb71676dda57ef7eeca475e02d5141c17ce1a50965d6b,1857,308,2165
2ea56628a1b7b31be92a615cdc2a8d5812f0817178f4e8c5c7d70f8f06443f81,1917,1513,3430
51843f8c25cbe04df0e7b9bf5c2c79cf554af97b755cffd0c1cc620a715853a2,1584,367,1951
9e3094d46575bae8fdf09a52e9c7f5153d01726f726c7bbb31e25795963d4bce,1022,293,1315
a2161442b363dd0ab56c3ac0f7d3ebd51d092566eaa688c42f3adf7d719b159b,1456,218,1674
d37a207ed328864bcfe35cb3554763a0aed52e5f31cd996de287726446c1c397,1099,226,1325
af787fea06de62c3404d0c00aee7530cf624f28a0d0e430ee8b8b63640b53a00,1273,224,1497
7bead4a84a85fe896709f96ac062169476d1e26b1bb10408fde6cdae6226ffca,1114,205,1319
521163667f554d5970304cd35e8e8abfec16ae4e5f623fe58df2ae8de2c231fb,1097,514,1611
f981aee8677700ba3ab5040e7c788319c4521bf3abc2ad8091718fdf849c3668,957,206,1163
8febb641a0a8fa3a79d45b48bb3c08d52898ab365e009df5af3c57d5228ba90b,1114,204,1318
801bbb004fdf7f217712ee02285c5d72e2a108439abe94373f4b72a847563cb5,1123,224,1347
e00e6f2810c58ee8dc424a908f043a14fda56681138a225333b20a939a98afcb,1483,210,1693
368620ecf4f93635c594e5e08ce078e7f3b69ac022651946ebb6a7e5b4ba1aa1,1466,213,1679
781d18800acccf705e0dc74e493c5a27a21217c41225dcc1b38b1f94e8a3f871,1223,203,1426
93c1ca1526a9ab505977a5b6409243a7bfe378826268531c01288fd83b720d3f,1652,424,2076
daa29e2acd06760b34c86b02ba8b8bfd7b55fbad4fd928f844e5a471469182da,1511,258,1769
d4c40fbdd58eae4875dd773a76460f437789165c9d4c6189f95758a52648f9d7,1114,205,1319
359251a83b72f297e1614fbae0ff974dc9e8e232ca3f25b97a93745978cf4173,1582,360,1942
9baf4e46829cc7bf2d52624e289baacd83b6ad6545eabdc9b845167ab7ac09f6,1576,211,1787
79f6f778db2828d541f8efc47ad0d382e2b4fbd36fd1f63ac23ceef2106d17f5,1302,222,1524
379e95a7df2e52d60fa76f83e7b75b400e582ff3d4a94670f12f291f7c9b9984,1464,308,1772
b67afcea80687d446e4f7959f7df857bd39e3af1a44b66edb4a7df3ca33231f8,1280,219,1499
362d3a3c18d0a98e7c119f4d7574d7dd3a75a75339cf08f82f65030c45d4c0e1,1462,437,1899
aca705d8185bec6fbc754ac06af5bdacc37f0b3701b06e579e455763500f30c2,1580,654,2234
2c6c65a87748e98b4b6991d5f66d907c2098e3773299eaf7006aa6eced35e734,1501,431,1932
c6ee5fbed70be108dd454b9493229a6bda781f50e453a89571726fc243eecbfb,1114,205,1319
44840ac4c0d981b1132826214cd0754a79330e13d9d8c0e882485f6e33f7686c,2256,1040,3296
414a33c82a1e4cbb0d8cb5231b8bda97c599945593e7119fa6baefe893851557,1559,420,1979
4966630f19bcf89b2e9067cd929eb4c8479b5cc76ca6b62c2b3d32830aba67cb,1739,671,2410
671140f00cb5390b3251d79eb7b6e795eb0f55ef87f835ce2fd6071728085013,1123,224,1347
7cc3658fd1f7aabca74465c0c752171b60248ed0ed450a1b9f0eda07f075deaa,1903,1166,3069
9f40dee7bca532a154aca6a4290654e3d754daa4f12a4f9ab078bcd97fac5f93,1752,672,2424
4a3981915730782cc814f1268fa15cdfa1c55dba0809f922ad611029f2637f86,1904,1442,3346
