id,prompt_tokens,completion_tokens,total_tokens
6d87dc1c04c3db18187e160df61a92082f78f214b965c8314ae108577fcdaa7f,917,137,1054
3fa30624801209735ac0d4bd3ca246e43aa196a510c6b4eae3aceeb5436e6883,1084,204,1288
ad701dfd6ea52fc302011958ea8b67423a1b1796ee63d329f6856d6baeef6845,1124,205,1329
8f097b8abffbdd60aa70c35186d7c49047a665df31e8643d3e4c71986ed316f1,1213,206,1419
83c0c8e0aa8026fce8f8a22df95291ca374639e65af2cd09efd0c341b73927c5,995,215,1210
0d9ceb4970c4d9c976bade792f73925a091d87b42c5b09cd1ff7af4b0deed092,1124,205,1329
1a7dac4c79bd218bb98422078e82737e51be1f8ffa642b963940d4cd9bb21282,963,206,1169
8f5caafe7b61f830b319118c959449e547435336c9ca817df567211f8223e591,1603,249,1852
57ad778b858ea9ad7e09d021cd86f19b60c4998a2213bc1554902f7a2647466d,1066,261,1327
1f3ac4eb694d4abc601074de29b7dba1ba557d9055499f16105cf593770eaf3e,1316,206,1522
b9e935cbfb4d1e868ad10aeff18ac153f540b09725c078369fda27ba25fca769,1155,210,1365
14c5a27a8e1e1c84c98442210bc218d480e61e328f01110244569e133f13e5bc,1017,209,1226
6bb2f8a4179f2f860b5f1d5755a8ad805b1616b0fe374e8153d82b5bcee62096,956,204,1160
d79a42bf5032df1cc0764b4eca8010c19c02d305277b345f481afb6309de064e,1058,212,1270
6ed5fc112d5cd8e91dc2ec5a36ae82bc2827ea5fc4f8776e71d9e15294b76620,1507,211,1718
f40fefd2fa4f0ddd8b0826da107418fee4ab6dfaa4fdf24554525c297198ca5a,1090,222,1312
c4023ca6335159038340dce0a6ec2cf5ea2462fa02f2f6d819ec9992ca664488,1078,215,1293
1190800ede2a1ccaf5ed9ff9c357025437eea0374f4f0f9f0277be708ea52c4a,1426,219,1645
8b5ee905d186f59ff5ad0eca98969a43a64cd0082290f334f2a850b9ada6b27d,1264,200,1464
4c6955af134583e19122e3017ef351035a9ace10a8587722bb931f3f9db6dd46,1054,204,1258
3d4f93b1e377313ef1c47f224078a7ea08549b92641af5299ba8e5ebab134c36,963,211,1174
6318c1afe2b54ac941016bb9e3ba4df9e499ebc1ed5bc0c372246a5db1d55071,1020,379,1399
07776cec1b7f88cebdfbb28eb15e7116735e0eabfab9eddc572952c98da6bead,1206,211,1417
69d0c85f52c9f5047c9fabd0ac6da9c91023c99a3dc6c70c128588d70f5bd85d,1490,215,1705
420d02b232e9b2a75f1d7f18a09c96c537067400b465b7e30dce6ff0afb8405c,895,289,1184
cbdc520bfae9a18baeb9c365279ef13e5ad42602aa5f324a16d07938c12374fa,1034,295,1329
78fccc6924b81999336407f1bf5636eef4d0b83ec3c8d93c2c23835b7ac7caf6,1124,287,1411
b6c9167aa232ce83e7aaded92c4605e3673f0b26e220c8be4b741faf2d0986cb,1077,431,1508
96802f2930f8882fb40c2a83f2269a370323249ad6d0f840f5f578b6934e2d24,1017,293,1310
b787ef551df2eacdddce488422292e8175005564c354cc1e88725ade0536af4a,1335,289,1624
2ade7375923be83ec045e120e61c29142ab26c390cbb00a884e177bdb7841344,1252,213,1465
465b47b45aaefcd1ddc6ff288a7d4c07c02dc1eb35aeca6a5784cb62d55909a5,1367,293,1660
8a51817ba31ae84c5283a8e0a99cef994caa79bd27c82ecf7b51de2cf1cf2237,2333,326,2659
850a03947322a3ee5a34622bd3c701d14733b6355343c56fdede1a96dcb7d29c,1452,363,1815
cd8cab556af154b28a4b9ee9cb9203c86c773e00606fc2c359a4cbc991fd3b1e,960,211,1171
94374be4958e9f18726b13bd4994b56180e5ff53bbceeb9a3eca158b532952c5,2349,313,2662
f60e58381c7c7a0c71a3a83e744c3f40cdb651ed613e475e4f7f0b203388506b,1921,556,2477
58436c159c622fa03efaabb1b3c99fa84fd0a06be3132455418b73bdd3f4cf81,1124,206,1330
6875e23d1f1e1464dc915d8a504f98df18d8f4ad0f49f161d52cf3e0286c4294,1181,211,1392
f3c7220f92449ae0990b5b17a2b43b7d56992cbb3d2337195df9521c27069a98,2218,830,3048
84e672471b5e8d062ddcd5c61d5e11b337bcfe599dddca569475a5b95f7d5c73,921,210,1131
b1fcd2579c809f59777d0f4d79f6dfdd4683df66782238f81336afaca1a4c3b6,970,212,1182
d6133f356e6ff81de752461c801ea266b9f321efbe87cbdc982cc6c3f5fddd23,1188,286,1474
f4dc4d17cb05778cd820db7ba174017f7deae8b780308baddfb7e017daac307e,1103,204,1307
3c69b1fe30aedfc692a5e99ba5fbce4728cdc629df1d73c922ec9165474ede93,1054,215,1269
d1ec737f430929697d430886c3e65b0f23d417ff8885a81ce65968c51a61f24d,1043,449,1492
cdec7315136b480f8ca5708ad6f065fe55c97daf258b39d8ffd37fa1e19c87ac,1429,291,1720
e65fa885bc2ea24d7921e5a546c0220381e19e8b399e37f7af6d59d466d81e9d,926,285,1211
153f021d4fe4bd7018a2d4f4446c3312ac9a49647365320c1cc43ecf02f27a73,1422,209,1631
5f0be557c01d63f5705388e1dc9cb11ceedcb15d9a367d8ac85125c154a32ac2,1022,227,1249
0fb590aed48601728ca803cfc2dda62fa44c46b2a25d958b144dad61ff58c309,1045,212,1257
0921d03797c677eb4fd91e8f08b8e3c52d7a8eea7f1acd78d9646ce24074b20c,992,205,1197
dd1b3d8634dfe54e98b45e7d4c2372e599e348c238be533713eab9fd3afa1b97,904,132,1036
0edee8df17e37b84778e4a3ce326d6997fc39806fb0555fc9b264c62e180eb7f,1634,801,2435
94a3e34119d510a101a2818c21c0b714ede64a2cb1ae497d867ec62dd2157372,1307,260,1567
8653a1ba57a8c2b1bf3f1991edc2e54f4106aae9c5ab4d75c0660df56ea2b586,1521,261,1782
886ce81f1e14da086c8bfccbe5108586a7ac8540c7c152b4e16a0f766c10e261,1044,209,1253
4a4da647ab0a8aac0ff42190fbfd5788ed9311c4732a8bda70a9b826e7c787ca,1150,212,1362
a7b75fbc4ac027e3c33222666147ddad04740a4a296801801b721225c930f636,2216,878,3094
53b441abc239bc3a12b3a1fbde5a8c477e506356b34664b2dc16835d1e30cc92,905,211,1116
113c3ae020831d9334b8f14a22e1da4ad6a62fe4e098ff07bbe6234ec0210c1d,1124,208,1332
e8e1734128b8fc17d75d961d784bb1e328a727b50a43b66982c174b89c9972a2,951,290,1241
1c77f4d6631164b17979bdfdd3adfe5f5ee5bb7b802a2baf2989daa6bfb62a70,991,209,1200
a1a4d8bf0fa2170d5949f0e8a9f2e348da6a3daabf198711012e48ffc40fd033,1485,228,1713
6da55370a0acce0515d33a92f355cba3ef325f84abcfffc6efeddfe86c15302e,995,215,1210
b80c1d471242cd20a4fdfd96834b6786b16647b6ac57893ba9bd6e69ba8d6328,1917,662,2579
39f0c30d9b64be7d8e16741d759d2b92274f8adb782dff7ddfa93c4b164f2c6f,1157,206,1363
cb98cb3900b92dbb869900c073750663a75bb305eba2c8d11b563d7bcf6eb961,1553,293,1846
dc70af4d00682fd27b61c12824986352919cb2570ba2a030dd95d4603dbb5278,1136,209,1345
51be84f3f538d633736550c43d3772abf2d460fba0e115a9bb5b9b709bf751b2,1039,360,1399
8151e5382cdf61085085bdbbf14c87586f3a1926eccd0679e372a0a0ea526aee,1516,207,1723
da74efdd7c556b1898d1963031bb5c5f972e0f366a1c83df079e2987e2dd407f,1034,214,1248
28e6b4553a76ec13e17a1615fa002c1167d581fc048488cbe742f90745973769,998,208,1206
2304906c77ed46081a290fd352ff43054d7b533932c079da39b628b1934bf2bf,1153,213,1366
3a07b4179b23e4f4929bd212d9c9c55ed6eefb67e4e29147330438afe5095e4d,1634,323,1957
b44d033452eb41933a9a50cb1f6bbe8a45a125be8e3a7ed3836bb40ca0c4e4c1,1124,212,1336
5044287d228460098f5a07ae9cfce6436840f875a85c2039a1216a8031fb1de5,1242,206,1448
8beed177cceda8e045109ea52cbfd5c61f956fc9527c27c52a763e98da46ba00,951,209,1160
175252edf106ee5e6309aa2f02c0f3e0690e13d45ba314f89a3979afb13c9f32,1442,213,1655
3f838f7ae8ef36e29eab348a0baf963f67d9115d0a38391260b082b9453abe44,1648,320,1968
e64a2f46f85596ece6694ce5fe88e1369f2bc74d53d5210a6c384c7955e63935,996,202,1198
466e6140b27b91cd427a269a94826d3e94333d557c84c061a8dbeafb9e4c67e9,1070,215,1285
e106d10b47523cdfc81583a43752d25ca3c4c14589b7b8160f7a7a65394f3f79,1368,212,1580
67e9897c207db93f5cfb01c4d97bc8fc6b152dd3fa4710cef64c30cf480afaad,1176,316,1492
ec896aae5ad0491fee8655579dfaaf0d04b8f20ec9968c5efc4effe32d3d01a6,1236,296,1532
46810507d32dddc789f8bc1dfc102d93c290c30dd43d580202eda72bfe37a9b4,2267,497,2764
b5a27393c5ac127567365255e917feb5b7731b34e44fe715652e56a01278d384,2035,661,2696
bc3b269f5fa794d0006610fdda643c1463eed6f55f4cd0370d9183997ce648f8,1270,215,1485
90b76f3f507ad68aa40e2fdb27cc68f6711c62d51fbc43e81347398f40bc82d5,1105,295,1400
3ed986b3ce4ff96feb3f1cabb196239e288abeb5284ffbab9655069ca9a51083,1124,205,1329
9d84b2eea08ed8e73dac3123036ce3be380cc8fe0872298ec8dc93593531502b,1380,208,1588
99170089fb0c3a04e235143cf5dee277641bfbeb8eafc58ae6e353ccb4c1c9b5,1225,215,1440
68308ce28b48cb4e44325509b540fd24112cf5e8455e3e2790676eb0fae06861,1819,451,2270
93b906d59e632857da3b291e60aba338f1308181fae181d36b3f5ba575e983a1,1325,538,1863
8b06e8c89064eba973c586bbbba17e2e924c752e0f25e1d0a53133218bba6645,1103,286,1389
db0a96889076593cd5f5ae8c480b7f21bdc6879ab6af548f51f30d8dea8de663,1408,553,1961
75f2e690385cc3a5b066204e4f38644b59cc7efebf8c56dd61e65fbd164d3e60,925,210,1135
ac686a5e7218a02f74c3b58e0f3cca28debfe3c8e1ec66480429374c3fb78d4e,983,210,1193
e871128745bed0f3f96598b6557c2178df91e0cfcdc6f79cf91a030a262d84f8,1119,343,1462
29ac443daa142f7bab5306f697d7b9c01a07b6eddb3d1dc87f0ffe8341e59ba6,2058,556,2614
57b3a7421d5c24784034823bf7fe669eeeccb50f9413830c538fd9915169c5e2,1824,331,2155
1b58060b2ff5614b6c0233a29d5783900f4ff6c40c76e37a0fadd5d83f3dde5e,907,208,1115
3f6bc193b729b0dcd7cae40f3448f6b7baadf0c6af2cb59477a18633f3b338fe,1434,458,1892
2c0a165c5c4534182054b197d495a7039cface6fb93406deaacdeb4e584d79d4,2128,399,2527
cdb1f381fa8dbd2cfbf0f30e1e20ce4f1e1a8a7bd790e57dd5bb61bbe308dbdd,1121,211,1332
cf0e46d3d316ec0a22ae33aa39b81d0faf786ac837061ee9f8d430b52cff55ee,1131,209,1340
11e39f138535242e250cf38451957fe607ecb995ed25ac98e43c654cf54e5fae,1758,995,2753
c066dc69f6d5a5328cd5b37144771558600534b2ca14bf1e9c970e2f7e086872,1542,211,1753
4decd2019b5e4021156b1913a6fc2a702220036262ab281c121b8e0558c03043,1817,433,2250
43f59eeecbdeb31ef1cf7a72db4acaf7c158ebef040b37f09da1465260dd9e16,1009,218,1227
c806fe79d0db6c18215d763815c71809979c547bcacd08e06136807f63419acc,1237,207,1444
577698dbfb6ec56e77737ee56bcf5caeb7fc60e6dc687672f5b704589283a6ee,1917,1664,3581
54c14089855bad2761251ad4a2b4bccac13a583c17b8024d7ea68b7adf8292b8,1069,373,1442
65ec61eb119960f7adc2c75a79f89bb1530841955436d255a429ac80a2e1bcf1,1013,212,1225
3e88d56cb54475d62942f45b8fcdb84893db6bff7f032be3769cba29cfcd33c6,1074,211,1285
b2596712a37cb4d5a4394facfd4650cc7d535246256774109964ff369a446818,1230,798,2028
2a334e35843b6f86503f0c6f52fa98307bb7421a9b2e92e584963e69de25c80f,1124,204,1328
dc31388b89fc6c7c0e0af36978212b9ab940babe5eaec73a1fef87030688ee29,1772,568,2340
34793fac8ae40985f734238c94b8e12f1b6db638e08935efb2b6c480b7aa5106,959,351,1310
211f0c0171d92d0a14220d42e412ba7a6f4e1722b604ad67f0d68b08fd3aefc6,1071,208,1279
c2c89328f71c3ac1b2744fe95e6f301ca9858072f73ac6e6b643dcd6e97c77ad,1080,210,1290
8a72eda36bd58d19e45271723894f51a61a061cddd13336165fa0a3acc4da4e5,908,204,1112
62d2f90b785461e39c54f307ece8724007bcd85772f0f4c401091952812e5ff2,1616,317,1933
35b868d6f963eb3094e0a33aafb7bf035cdd608853efd5577a7144b40b3f8221,2257,318,2575
18fe0af8afbd0f631745b2feed38e8eb898871df9fe79ca020f56ab256763f94,1208,464,1672
c5d1a110467c8657b02a532ca74a33e80cff815e74520d06a63c8ce14ca12367,1575,202,1777
61f6ea862bbb34424004b02e4ae9dec490a160712e08aca42de88162fa0f340a,931,210,1141
25c4151dfdba3aab2c84d94a8e124a3130756f4b46acbd44d917d9c4cbc9b040,1268,533,1801
f384403b7ef53dfd7ed83868b33ccebe4049ce23af6e43300db7c4fd437e8f59,1110,211,1321
5fc74aa82aff88a0bfe1b176424f52c8c0cec680558c58021a66bacc1ab73803,1818,662,2480
7de0df274ee8866ee5f3145f131ea9f31b5d4c81c4542ab486dfde153186309d,1406,211,1617
1a2afbb9ad683fe1eb95df634f368dec66034f6ede09d7b527cdd0ed2b8a32d9,1917,800,2717
536f48ac61bd39e80f851024c9b5f8759b9d573d739dc5b26a851940a4846af2,1187,211,1398
a4c2c140071294ddeb0b6069cca492d47b3bfc075186f7e68f577ec8ace5cbf2,1093,206,1299
3ce3d676819a34263828cbef79064d656554cb9f1d4d0057ba40b10a6372664b,1321,211,1532
4631c639799565d1183ebcc48f2593284f9281bef95765eb3be8448a05d83ff4,1737,661,2398
2d1fa791a3f2ecf491933267c8d21d3202bd32a24c94aaf3669fa4a718e926ba,907,212,1119
4de7b3980c2e9346d56de5589b3529756cf5d6f32ada62c5e7c9039dc45b04ae,1124,206,1330
8770da537e04cfab20748884238d9262dc0fbb9028a8be6ec36936c10b24fb37,1879,206,2085
233596e6ed429e060118353086c2e34a89c520d06f2c460be1cbb2625180557a,922,216,1138
068a825c8c584e948445db25023693cf62b4bb99521f59851df7587cf2ea26b0,1785,317,2102
f3690dd35c3f3a07f0f0fe9b520a68645488aea152e74dfc57ef8fcefe362ffd,1103,205,1308
d414757926354db49ceb05bccfa255804c5dda536cd2b1dadb8d857b6819a50e,2201,657,2858
363bbd84bf7b3ed386242355392f90cf91d006df23fcdd75446ae8b8238f6677,1320,466,1786
faec80fbf79e56fd74f15f8031fae1e2b08a284c4c8c07f4a045ea92306ac1e0,1079,257,1336
113fe44931a9332a6008c4a96cad5c3a473d7d4b317b00c2e53fef98d39c66d4,1238,211,1449
6b49ea27c813d03e6b4d7550106f84e80d66f7f779d8a95f50266da685578c71,1209,204,1413
4652b0e29591c0d25ccb1a94ec28129c8e069db9d22384247a554d1f61bd6a29,1027,217,1244
0d4bde8065fb4ad961e124067fadc6c9e2970b09f1ff08bca6aae6d9d658af2e,1114,213,1327
cf43cdd43fa92281ec8fbf674815f330699cc5d250837d4eaf0a2fc75f35ff06,1975,319,2294
0bdb3262301d7b06d27a6d77df9ac9b9739622d3800c8e481302e39f5c12d682,1124,206,1330
3f54947390e9d1a7031fc8c426312ad49ee28ea43f43963eeeb14b4bc39182ea,1102,379,1481
999c3d93447ad16168f99f18bf6d8e6822a98e3394d54996ddb7d740da65471e,1540,291,1831
8ac0eef3ecb694167dcae4cd1902d89a0ead9f03b265629b4670afa637a34f04,2083,318,2401
f6f9bab43f41190c82ae20d324c371d82358d5695641d6e70b80cffc71e0eb15,958,212,1170
915a1721d98bb8569cece6d04759828d66f783afebd467908753372f2f53c662,1261,213,1474
7ae6c5a7a50847cf190f923be665a7d56a8cf9600a86792ce81ee5d874e7386f,1213,281,1494
eed22a04ac664cb6c71f33d14b8ed4954bc888cb0d66f2a9fd9444e80c59ed10,1538,248,1786
8e1cab6a32e789e7f1b03a21f71cc057c049da463a6a37a0527983e4137e62ec,917,206,1123
835026c407a6151af2b455ca9e190c4276bb11211bc96aaa21b7ae4f57b74000,1124,206,1330
ab3c94a02e54a8f009cfa6a93c07cc46f518dd61c8f108cdfd0f1106ef01bd82,2305,1107,3412
09c6928b3c42ad0a2342256707fe1fe165dc6fc457f71d6579155fb83f8366f6,1022,200,1222
736f2a812d6429f593d79640a7a97d36f4e8d2a9d4f0c8f4d6e91ff62d22677b,944,204,1148
216ed815d5d5be53544f043e21fc2d0dcb82ea14e71d44a34e169f1b8f6f26cb,1140,206,1346
89fb75c2b0f37227b1bb9628260d1eeccbce0ae70ffd6c5a2b6479e4b6844b63,1240,247,1487
092a2e7f48f808f4c1b23f767bb46a187c4797c8ebf0b9a34ece8da527d08bde,1405,201,1606
4469ed05963dda804dc3ca59da805ff75ede683c6dcb458306b0afeec7cd17e4,2283,930,3213
ef95eda13bc51abbee6d8b81c4989b2733f5fc98c47aa4d0e81c6c9a2d1679f8,1270,209,1479
d3f22231ba33ced013c3975c6ffa5af191549ac091e239f6ea98d2f4c401ec32,969,203,1172
620ac7aa7c8acf06d835e7389a315b3676a7ced30fd99bcf7df9d1f985d056b1,1257,202,1459
97243208571069ea37d2425866c9bcdd5baa22392e6734492ca526c944178856,1109,278,1387
286ee40b5ecad2c0bf7eff50df0245b4b2fdbadacadf4e7d6e9a7f92f9e74ea8,1059,201,1260
df6c63988ecc28deb2b4754544ca80cb4774174d278f9097105debca3866cbb5,1636,651,2287
bf4824cf839e00697043c7ebd45d0975fc61a7896e323721b804e4bc1396a34d,2116,717,2833
68a4712f2dcf6adec3bbf0aad1589870bf48efa840bd0f1c987e1a492bd8290a,1255,275,1530
34172cfcab5104e40b579ecd4729933e866fa72e1cd0d74b045fcd1c71eab3a3,1188,278,1466
3ad3e1d1f0cae3428a7e689c47e4bd38e591b9cfa01b6c1e2d05302425ceb49b,1397,375,1772
964f3f5c5f95f36629838ee9546b7ff107f59aca20510dab6e726048b98bc213,1018,210,1228
4111d5d3422d5351ad5af5cdd3db9f269d61790f0cb51d07efcb9d8e8b4681ee,2413,326,2739
c246aef2709740bca9c52e84dc8060b0b3f780c58d7e03ce7ff11d70495c5756,1294,276,1570
477ed9e10c14fab41479351a7981fb6569235be72a59b4db0bcace412bd1cea0,1806,543,2349
cb4e71a3c6aa1ce92fdcb2805ff3db100842c8ee58e30d240537855a64f39715,1265,353,1618
13ba99135f3b188f0e437f36a8fdcbda267a008cfeca8dfa4dca520b04a1dbe8,2241,313,2554
10ab8ff26d1760d899a02a97671091ec54729acdb0f6ba92c7edcc6e9637645b,1657,421,2078
7d3ce504c77f8438fd5404f7343e25ab41845169282aa61ee341bea3389009dd,1208,1336,2544
5be6a3a5a5d5cfa1bc1bf5c4a270d7fc5c0d66d77bea00f00429a19518a32203,1050,201,1251
25d74a5ab641fe3c5357593de8c0ec00e94cf08cd29d564c3c24c6de80a226a8,2105,557,2662
dd53568c6a9279bf3aa16e083c538290522c0f21cf2440336523fc845df9237b,956,199,1155
a570372f4b6a7379259674be639e6cebcf9896b4cdbfff7576bd3b311863d46d,933,203,1136
b772e1930f7d68ab08cef8a8c8b01da6b590a47c90fdc46b9d08608ad8466bf0,1124,206,1330
e95f093fa0ca8851b051e7d0fc355bc20e83ebc8fbd7984973e12bf904c02b77,1224,207,1431
f9f8c1a01558678f0ca8382f757951d4d93ee731f558438950714f19af3ae906,2231,543,2774
e90b8cf7a77841fda00cfa4090411fbacc5bd19d12362a246f548fd016d7096d,1123,204,1327
e2d18e738ce4deb02a384f7f0b3115d4230eb5a9be33d8062cfc9faba2eca7ed,1636,316,1952
ed87996d82c30a762256095d4f7e7e8588c308926263633b3c36510efaf76b97,1051,257,1308
30fd5e2ac73048c8d04b152001f6d3782473b23ad86877afeb4a2e7934973839,1676,205,1881
44bdbc8556afb4171ba00712b493948a04953102a9e3b5039f190db4fc1453a5,1012,215,1227
6c3c51d64f6756bf4f98cd11256ea67375cd42c8ae46080b63f1dd8d4c721a9d,1228,314,1542
bf69962bdd0eebd3666a04180a2fcdd9718ec824a72cda6b9b568065f48aa28a,1101,289,1390
0a3571550a9f640d3b2afa7a87871fdefa13d05974752b64761b154770d7ac48,1019,285,1304
fa1d65ddf7e4f793f3aa3214d9b77363463c7607fb22ee158b47b7994ee7a963,1600,202,1802
ab81d1af082ec3a4a50aa26941c7f33210a2a84314bdfa998bff7ec2b997d5d4,1015,205,1220
403275481363e21faca3c8c6470593c635d335a597b791161ad47d69b747d18b,1768,311,2079
d27b6c6236d9e8b6a1358931874ad885beea3ebfd42a9a7de11f5539c515d54f,1217,246,1463
1321af3b4f067277a1a78c3a41c564653a859be7d39d5c129bb975c3becdc892,950,202,1152
58342aad4750a9d3db55f7f6ea88c7cd732667cb7602546f1f8a3a9d3ffcc643,1440,460,1900
f1c9ba35129486f41d44687a990f4e9ae98131f51609687e055a07deb560ef48,1826,309,2135
6339626b77acb86e6cfff0416d70b34b48176f2b11663d8f935a2651b5ac892d,908,141,1049
dc07fc611aaebcd0c3acba244379e7224e00e5e8b5f21c08b719354d85c15afd,1124,211,1335
5f319c5e326e6068ad1ad2453a2d7794b43c0623533cb3f4b88ad62df5a667a8,1403,205,1608
b7b80d31cac4f5cb4bfab059fa75a3bd5136c721738f03aef9537805f247da5a,911,203,1114
d42e1893be160149f0f231db320e49b7f9fcd49801382d6fc032162338834c69,1044,218,1262
3e57660ccc99f7213dca1aeb2de5ca51d8b25e956cb3441db1de3eb671b8c44e,1481,379,1860
b175323629d53a9797df4626a60b6ad4ca17096be972fd4bc13b15830605b15f,1595,294,1889
61ad24a80191fd207ec5585ce741921792d37faae95bed98677904129f74fd3b,1009,291,1300
fcca6753e9fe94986ac254f315cdd8048c682cf8bb651a90f9c0c852ddc52e25,1146,279,1425
2dcc3931756d4ece36cd7929b6559655e2e07dfc3b530616412c5ad83cc5f6ff,1167,205,1372
9ee267e83ca0b6d83124c236de5e2b29329dd4f071a7a776cd183f1ca75156f4,1517,208,1725
6f912a6a2e4d43b557e732de60309317ece8552312d3a11b59e8d022c3f33582,1073,211,1284
9832374725be84e57dd1074fa5954ac3b47c90d2ec596278c044e062e9b0ae51,2221,837,3058
7598b22839677b8b69ee9bd48b4a43fda894a821bb2362277b0e13adb60bf4c6,1124,205,1329
d5bc22b755efa16f5b35824b0fc89ccaf8d229aa74dccb67e649eedde70b9350,1027,286,1313
77156c46d3047f75338c58d84cb754a5410c0ad761ec5a0960f9f7fffa575a5c,1156,314,1470
b05aff9a5caea3f3c2bc1d18bc1a4dfa47b5d694ed2ef50bff4900716bb72ad9,1136,246,1382
025d496410c3759c1a9daf3f84dd8517b8f229c959e59d9ec6dfd6270d2a09af,1019,209,1228
b7fcfdf509b752be4de8c4cf5727cd071f2bbd4f14c79f3c15a4f2e7dff816c3,1207,309,1516
04a355a6be4a77bc4970c28bc9a9077665bd5aba681076dd406136801c548aa1,1228,370,1598
13799a86ecda061583f1cf27aae8281548e6d89df7310bf1c15f5285814009b9,959,207,1166
0a7ad532d0c1512a722bbf08344079dc6233f2129d11a65163d1bf98dafd8c6a,1449,204,1653
f48cd2ac96b6a4d10e16760618d15e2625e42e1bed443e23c9e7e4d77139bba5,1915,654,2569
816e1d4950b048595da4c348f6d082f74e1f0b7405c285d70460f1a29e816312,980,292,1272
8005ef017401dfdb117ad1080fa32a89b8df43e387c99a47f715bbe96768c6f9,1040,210,1250
da484cc480e52b8ec738a43bbfbb2497c04cb17b48ce731ea1f36168a90de907,1163,1105,2268
1a7304ba0ecffd258dfaab094a1430253b5641dc0711df04d06c2d25c9be6a4c,1192,314,1506
4a5e12808018432daee1e86e02621cc6eec90f214699a59dc78ca3a672143ead,1157,512,1669
10a84d77bc5c3dd5fd6053ca97884dd0e2eccd4c4edd98c51e74259d2477861d,1099,278,1377
c5ecc403a1a24ae31f4000503254460c0fdd9999e01a571fc99ef751083835cd,1264,211,1475
0ca245eca9882d86819afc43169bf590148aacb96e54f6550946e6bd5500e2b3,1083,211,1294
dff3b41281c52c9c5e44204a5a42f045bff9c6952bf1ee21cedcfe0f2ba6d2f6,1219,308,1527
09ff032fb565c4125d566cf3c557dfe2f6a3659e9288fb64aca54bf1e61168c9,907,380,1287
67f37e23ee758c331c3267fe58dd6248bf674c8b953a8bc35979914c8257bfa3,897,202,1099
723887e6e64886a4af1012cb8775733a2ef45929d1c170a5b7116b889569b1f7,1001,380,1381
0e6f20a032c0e43a1ecb3ddcc3860e866b52198169acec11a849891077fce73e,1021,206,1227
4f3f43d756e049dbfb7370d30914ee5d62fb4b47dd9b3f5b48e2f982b6b217a2,1128,376,1504
bc29e7a6c79e5a72ef76d408da24ed0092bc106fc4436f4787dd216bd6386580,1859,412,2271
0d6d0d92bd20ddd14c19f39d67b58fc1e560b9193214c0ec80a64c2077b1b56d,1054,211,1265
8162a146613c9b4285c4a916ff45ce8f53d319ac4cafb0d6ec07466dde4c4fa0,2233,1338,3571
b69f194de652f41d504440ad43a44de4c39d575c0acab163b3e829594cfb2905,906,208,1114
bf1f13d7f8a7b413e10aab1a79f68df687cdd5185fb33ca09ec7caaeb2a94d2d,1380,212,1592
128007b82b6822fe93fe419cfda7f7969a79769db0c7ea1709e52fd40c4b455e,1053,289,1342
d047a6cbeab3b41faf6b39f2f2f1b77dabb4b3da3af734cccd19140bc546a2cc,1479,243,1722
b712c1e3b967e0b35834270794e065d7b2e2188ca71db8ae971e09b64e8486b3,984,307,1291
222999be853e633e7d484ddabb19fca576fa8681d92813fd966d0c96f163d42f,1631,550,2181
bbb33dbfe80d666f7805a78df1c6df2a96053ccae3cb52f2783ead89421a1b70,1736,866,2602
afeba4410c623142b08fc19d78e7abe9e09ac65a0617632b158909a021b5202f,2209,666,2875
9d34e4bb28e856ea9271537128d4cc3554d89b6667474d01e2c624534136565d,1124,309,1433
a5a245e3083c328e3a565fff75f0fa42eac0511b4d275fbef3d73b0c93e92e72,1266,208,1474
75c1974433469d1ff03549bdd2f66210d9a1c62ac1aced84637323cf840f6608,1198,252,1450
b0d11d49b6a63da13c267d81bbf3c2eb75e3f6ec39f8c658c9235cd10f5fc087,1230,211,1441
33c4a315117413f5266cdb9263390b0a855a50bddcd1b45da6671e69fe691c2f,1096,284,1380
c6400ab7ad1cc5728a4be9ed654456a9952f1e71558428c64acbe32e6e98aa5e,1109,278,1387
8a3556b30b922fa7a89a3d872d3e49c4c34653164ea60bc7ffc67473a90fa3d3,1682,329,2011
1ad2abc69201c77ce378cfb17b597f50773871fdf4391dee5e076530744361dd,2052,547,2599
5ed831063b8a31537a5068d828aeeebffbc0e56ad4b7017982983229621e410f,1719,786,2505
cd4fa843fff9a61221b496d8daf37e368b660a43f221eade271e8da8bc99dadb,1500,309,1809
5a03ba176b92dc224a15c5a86e635bf86d57d8e87033242aaa85368b4c5f6f9c,1074,211,1285
fe8b1c55e0d94dfdcf68716a25e255efbb6aaab21fc95248c611f8c4337f3753,1111,220,1331
8d95808527130432590a281c913e38e2360ba0741d9701d7ce3feb7fc3e77793,1043,304,1347
b49d9dde949fd611920d6d7095686ec4ea0fc1386a72a7cdc6b5650ebedafb11,1263,205,1468
f37e4ca9b6520e010e0d224ef5b9d37dce9b09e746abbeede9154f22cf2fc1e7,1288,213,1501
08c232b99eb03347761a29eb4cbdaf462ee0028d4735d534c29e7ee2c32e8dd1,993,209,1202
a3692ed581099321c8f9c0dcf6d9c1ab1bba0fdc41166d77ddb2b9d88a7af1ca,2239,316,2555
6eb45bd83eb05185bed5bb3dfe40f48844ec91fdc0d83382aaf0599753ef5576,1218,209,1427
c03fd4f3bd196cddeecd10a389e9a799a590310dffeb392c30bc958802794fd4,1459,443,1902
f1f7f3c0c021f454a487b456a762849c065d74f0fc39d96c3bf882588a25077a,1124,206,1330
ad943b721347016de1f1c429c019b3a423c76ae6a7bfe3f4347e201a8d295b12,1506,387,1893
b96af2af58c8a0fcda4050ceee3c732a610190028bf37d666631a6c7256d52bd,1544,371,1915
05de70faa4806c24ece956d2683ebc9dd992098b93a9f5b608bc268d93258886,1025,205,1230
79fb928150c27928e6caa582629eefc160cdc257283e57a526c995eafcc26980,1814,660,2474
3fbede4ec73183d76a3a6451d37238e557bdcda8aff224a1f19e0c2e7dc707bc,955,206,1161
4362f921aa8370819a4730049d11107441010f2aaadb7609b2478133122dd2b1,1177,208,1385
b2cc99ce6040d4544dbb7c1fd53cd1e786bb6541086c5d55d10c41064740b6f3,2221,669,2890
fd9387cfb2e0e2b098072b3b52384e2c2335148546d94a17d88e2a6aee3b003c,938,211,1149
b0868a4cbde53c0345e000ce8226fd7ca0294191c9e7de4c3881c413204d0081,2208,608,2816
6c635adc1a59f9d214d4df675a22923c66c9c9bcb87638d89fa8de4a8a5ccef5,1174,875,2049
4c9d2242f9a75fb982e4e2442b0392767741bde43e406ba58e6a7ddd2f7808a5,1124,206,1330
2ad8c13bb8f469fa0e0c55791c8bce1d3c9dd00255aebbfed56840b79f21dd4a,1253,322,1575
e9eb95d93e9e38c644768102274822cf2df76150e975fa682c3c9dd03bf48f80,1204,979,2183
59e6ea094634d9615f7459fd8a8bca05c2e1f99646ee5a9c9c5e0a19377b2f79,1298,248,1546
f8c78ed99747b6640da0d387c005c837300445bad0985baad15bc825d9c334f4,920,208,1128
66546f0dfbac4a27e068090ded06efa1c74bdc0ab8d0b013efa37457e25f4523,1489,207,1696
315d43f11664cf4a91289da88b404704dba67d73f79e2d2fde25f46905a3f6b6,1181,207,1388
8b0e07c54ceddb9e3f7ec6c1b121539f2d9e3affdae6463482b7649ac68bcf29,2232,1236,3468
01b58d463e67b9a6ed8a414ee5d6788af8dcebe3dffea83e9006c594525b77db,916,210,1126
d5886efeeef691a418fca506f88cc7c89753cff662de0de3ae4f5d2152aea71a,2053,377,2430
2e1cce2af077ce9fa9d7a2cf123bff27619f0e12b9e37f6885951ed2d7fc4b30,1157,366,1523
28ef342db6d02356b85c92f4d07314a7373637d8f49ce2ef86eb324b81855795,1124,205,1329
74962a2fc832314fdac84ce385a7ff8c741ae67ec2e977f6517fa9b3c237f64e,1086,372,1458
0a47f9baec29e794238adf62ba471ba0796990c47f3e79faec61f6aa62033a39,1039,205,1244
7f5f3bfc353ed415db6bfaad2adf5633fe69b4a4d74ed94ff97c698022ef4b07,1187,136,1323
f1614c7bd848125780362528402e7d7ca58b9a18de5e605eac43f10748ea7822,1144,210,1354
72db2c26d8d73e1cf7dffd80c6f62df7c57934f8c427594bec29bbaaaa0f17e7,1284,795,2079
49b4137b3e32fdfa0c52684ab8a545ac4f46583da0930271c78a0ffc36ac4ec7,1972,320,2292
23583371bb69d225befe7fbf249a781a798cbcb1f87fa13bef985f5ec4656675,1455,296,1751
06df2a84efb776f4cb0cde3c9e89cac1bc5a6388336d938428812a3b72c27f67,1196,284,1480
593bfc346bacac841c2a85031cf5c2ecf9d998b1822aad0e409d4de63f27d236,1065,205,1270
6c36d01824507c3c32b2072b09287628dee9f41a20e26acc78ab34a059abc376,1802,793,2595
eb86afe5533fc15e1527217a3f502aaf85a8d7ea3ef4c8d7e18038ae903acc18,2155,316,2471
cc21335af14212d0d88ecf9af0b182c3348720bb733169c4f3e30cb7e4ea4180,1153,214,1367
3fbbef432df0854be58b60ff18d5d0b7af1dbc447788052e8cda54adb682ab5d,1004,222,1226
868e6511c4f2d880fbd40a06ab6bdcee409ceb8747c2d291ea81a70b2b576aa7,2064,553,2617
e7649fee13e5841e87b9862ddc87eae9ff54173dce5c569ec1182c64681f4953,1146,218,1364
e5118435f9f2f51a2ebae32e87ee7fcdc7085b3df4854531a11c0a4a6b63bf9e,1541,381,1922
73733115861c010601e2bbc3eaf5a41d03dc798637822970b69920fe8441bbd0,1297,209,1506
c01b542138fe1f143f094b326aabbd82fd07fe8fc506bfb53d786f213ce07fab,1335,213,1548
c12f8182c37a59b2675b6b6fae9d4e6583f2524c5ea103d10f59ae9aa09f9f0e,1074,210,1284
70db9fb1bd7a09570358577e0537addf9262e1e01b2a6ba30789b06bfc213eb0,1378,485,1863
c3b112163125c4ac24c79d8fdd023dcae27754e95868b2ad9c8b3e057d7ee008,1142,298,1440
f65b30eecb9f46a82ee978cad77ab9451f27c7528b61d6db64468d61dbf7cdb5,2272,657,2929
90a881b4adc4872426c1e12d4fbfbb8098d6b4aeb4afe749b26753e176e2503c,1124,205,1329
c886b3e9616eb80bf5495467d03d8ac6c143ae2ed7596d413c73dc419b0f50f5,1057,213,1270
90c884411619cfa19f2e997bdd1af232312187e69445036aaf8905a586f69978,1257,452,1709
13ca0f1c0460c515758b00c657259fc129845ebd33e866c5c1c00eb5f4808c39,1166,209,1375
1e08ec3fabc1975a49d8137614bbbcf0c2ef700f8950cc0c654459a4b9277c13,2181,542,2723
bbbdb0254cde9b1fe89be563d933c0641d7f4f0ae31601c621a00ecfc03aea47,999,204,1203
5426c792c0733ddc4565c11cbf393d86555b85a924eb22784df7400b0931c614,1932,542,2474
361dfb7836ba8180dfbd2981bbe2b0490bbbc1baaae301a6fb6ccaf87322cdd6,1602,456,2058
89b41683f784b5bd5f8e1ac34667910d46dbcd03a4db511c6ebf6d5faa5c0dd4,1224,229,1453
acb328eb3a61c85793cc0f2a6226eca62f2be5da7dde93da30ff38a9a4bf6072,1482,527,2009
d165cce8a9ec41fb0d0386e754e21538933e8c71c54093c39fb20e3c9802ca46,1026,285,1311
f7591053e623c68dc295a6e114988c8544728518a42fbfcc234602eec6b2d160,1317,212,1529
7aed756dca726f720a3188b63ed76bd59f71ea5c0cf6c9e4025c64afa33ff54c,1178,259,1437
afbdcba58dcfb67d6f6a29dcdab34640c6897fea028e415ceb98e8880089e309,1037,210,1247
fe604bebdb71c79754626efc90a0f4df82949cdbd2fa3097b425b60f8b29810d,1197,364,1561
212df58b0e11d99a91ac19edaaeee9872d7b936e624a9da72922ccfb9b14115c,1088,599,1687
f5094b25640985c266218da2b34195d253ea13ac509ca574bb5ab1b3d34f3451,2232,1289,3521
2861b836791c7a3ecdc894db120ba11b187c7405858a5ab505fb3b4ad0f1764d,1184,209,1393
1ba18628d6e6a5f91de02a5581673c334b7251bfcbff73e5a68aa9f468b39d39,999,470,1469
c5ca2778754a16302e1e7aeed957963191a801ad8477173627bcb91e8209e9ae,1116,450,1566
f35586c4f4517bf5c79484fe304afb8d56438dc22c4e9607109c1cc004729651,1282,487,1769
30dc53c06b78098677ee6179338c43d95868f4b0c31489c1805249cad8deb487,1044,216,1260
6e19bbb3bb69c301ba848805edfd0828b03d4b2b0cb88e100d42e5cc04bfaed8,1006,212,1218
1005d5182c80179a25566d0075d84973c6241cd829729f52257e0c381238d8fe,1006,209,1215
549223f356f2a042bc0311467a7456393b379c5e690df3625b10ab2c7591f9f5,1065,293,1358
7e50e2f65b1bbad18aac98be5fd4f62a4586fa0d4ce63f763c216abd919944f6,1009,216,1225
268e5b426e774a185bb87f333faf8fdbeb370b2936e7bf6e80504884d9f04c16,946,208,1154
1a5fa7d936403acde3fbbbfa5b2304be7402f79d0e488306d09c5f13cfdeefdb,910,131,1041
30e3a734d758040bbd62b56bc6bbd2a95cad926a65fadb057b37c53ae7ee45f7,1124,208,1332
fa26c618e0e1574433c5eda62278fdf5ece4a8273b844e9b4c5b7a493162abcb,1590,1066,2656
7743b0537dffb56493cbb6df6da3e8da25f5d584b66fd19809e9584102489845,1529,622,2151
17c2111bf6854b5dd030ec048d8548f7c10ad3b7000ce38f11fae4ef9c172fd2,1192,206,1398
11ee8de45929a8930d5cc59d84fd5e5baf1a30499b09ea5c8c3284d468e3f102,1049,256,1305
c57eab28d807475a710c0fae013b0ff584e35c23f51a0825b8265a33aae213a5,895,209,1104
b5530e33183072ff130623d15253cb5186af2173a751660798dc93c167bab061,1124,205,1329
0e63b2b389a385a7763cbabd6e2c14d11a7cd19fc3910b31538e55de5abf8248,918,207,1125
b831e5104aaa2d87d3d9700fbe58df5bbfee3ed5cc4742084e9ba6f133546afa,1192,392,1584
88cde685d54f3cc81bfbdbe821e796ba120bf0f634b92729923920d42d77d47e,1343,211,1554
6c3156d885dc33e3dc389949d58abc67371af3011b44607cca3538127edaf7de,1233,302,1535
5a517ef202b003792dd868bdfa6fcbea627156a8fa2635edb3aab889e22d4e6f,2238,586,2824
dd77bb10d21bf5484f56569830a851a9142762fe8111fc67a96a62340bfe56f9,911,213,1124
9ddece11fd7e4aa17aef5b8152ecd3f1e1139a3b270a40cb2387b502dbced4d3,1299,287,1586
7b1a5b2bf22dd99226a3561f1fc64919ecd42797777559d44a9d9228c0ab9b6a,1201,213,1414
e1c3dc569f6aa3d59611554d3bfe40af0822a931fc30298c9a3ac497f0e1dbe7,1215,293,1508
d42ac0d353bca4b021696eef78f86e6af5e02e63fa25bd019b6228401ca1514e,1384,256,1640
fc276547e941bc896bd4e0308d902e101558e2217fa19f67adc8b85f522358eb,1062,304,1366
ba867b2ad373969e35fc82df65ea26f697f35dbc19d18a5462bc7bad271f28a4,1219,210,1429
20faea44b0906dd318d9720aa1315103b2796ac6874884e35fefd9872f573bd1,2361,548,2909
08183eeb510eb5ce22ef4aea1fe3d873818c536f3fa51558c8aded534efefcc1,979,213,1192
cb2d1d6d80f18a797836a6735d35b3ec073b452ea85c4beba6c6f483b60e38d0,1298,208,1506
2fd1e22bdbc5e8a396ce2802ca90a7f3064e59c7c8c623be08be0c381ba3e5f1,993,206,1199
5ed133f8a6d8d58686f9f0e0fd7cb5de7123002741587d94d2a8e80e15908e44,1021,211,1232
b4609dd419c9a3966ed6e46fd9a23faabc0e1227a52b57b373c033b5af67d190,972,207,1179
efadf6da187e64cd79a619a854283832d1eac5860a26a9076430b88ff49f9f18,1344,218,1562
f35d79f4ddee953095e9acfa9710b1a6d1c7c2f3dde69d279cb986c6e89ced0c,1715,605,2320
2cad8051ac16d004d61c8adf0e11177ae3d88e0dfd2623688a0ef51409a93bdf,1211,209,1420
65d0bdeba94795e478a0efede6e454563ec2565d3218028b5305dee9f93c1b52,1163,285,1448
88760be9c23bd1ac6c066370f346b6cfe98019e9d2a018bf31bf16c8dba608de,1124,208,1332
607cbd19ba298493a77be665829e27589a3d3601f3a8bc2a4617dab17b229e41,1243,293,1536
46907423b7301186a92ad97116787d0fb9f903139aa025afb0b170811b57c5a5,1460,215,1675
9848caa8c2056a13be56bfda2372c51c6b06f510e6623349f18eed0c53a230f0,2107,587,2694
a52fac74f90a08a6e59989a3c70ccdfdca7229316dda3998aabe96c25ce10340,1672,651,2323
8545edf4d17b6c6def65af947b9048d10f460c8f7a54b05433ff4750a117d29a,1278,211,1489
f268a74969dcc01e60c4f6f34269827352d41bba2a6f76a3e9346bf1ede3bb41,1077,291,1368
3ef2f80ea2f42ea7c6b1f0dc8f9d09f140dbc86ecac49a8b22dd3315ebd76347,1210,602,1812
6712026ad45cd69ebc91812fbd2440945bd08fa7ef6912c880e7b218c9d73d43,1503,204,1707
39e3f8a8d485c4bc6d28d380c54bf18e040bfdf4fcf3d7ae595748fddd906cc8,1726,330,2056
4e5bf6b58280336f55f7f9db3e542b4ca56eaf6ce97eb1b0bb6b7d30b474e00d,912,291,1203
214c981716ec2242e15b1294a4fbddb78e9881eebacb08b6f489875f9ccab57c,935,296,1231
f60d7055a569cf3477897ac784cb6876671a76466ce21e094a32382a87620e7b,1162,390,1552
417b4af101043459c8411491e9f9b9b45315cb5097738383cc2742d4a27dcc1b,973,315,1288
921e8fe0904dff72ca8dfd6f6eca2cfd93f11e5d6ab697c9335f1f4c1fe4205d,1318,448,1766
83721b1614bd652c02b0cb985b523f1be566ad7d51e098b7e37fa90d568bb2ae,968,359,1327
dff1e237a900993164a141b8141d451169d0645dd7d9f2701207530bb81fa30d,1775,444,2219
efd308b57f077f675d06dddb01dfb959f144abd182899779b9dcd3ae5525a353,1064,461,1525
ab7b3a65f7ca93978e519055133502e20abe854d423d2f46a6df55b36dba0d9a,1150,760,1910
8248959339d0e25dd4053b00b787e88da06c3f7045ef3faa99706d875dc5beb6,2282,1534,3816
ad1bebfdb5bce118be4b35bfd2b272984d4be8f712270bbb0db0369455c74566,939,363,1302
f48685d335521c35b43f80544d428c306a59e7ce873ed23eba3439cf9af4e019,1150,278,1428
07830f1cb524da2964e32eb755bdf73324abd92153cf467cea87ee1ad4880d2e,1237,213,1450
63451c579a75544973ab81c272fe149aaa57f600213d86375fe388c1a289c32a,928,286,1214
4613baedfe9c52cc8e32b6a2e53d12f8749fba9274863f3efc7d6886ff127c42,1538,442,1980
882af193885adac7457c6fded0ff2c915d30f1517ac205836716df06713e4aa4,1212,547,1759
8ff78ee42e2dffe4388a8ca02f583aca41f109280260e508300c808b7d91f056,995,208,1203
08163ba6b2866be63fd01b0edb8bea1c16de569d459f7b58e7cd8a3224c98cf1,1756,436,2192
4efb1b768b91ea75629db410064ccb45cbcf6f641f6f170813d14dda9b406032,1050,364,1414
1cabdd677c94207218ad8c81ec3db127f5aa0bb77453583a09b0ae29ffd0b644,1099,670,1769
ff14d3e4241cbe5145b4c0c6daab6cabdf766aedb18f033e55093c0e468fa8d3,1032,370,1402
129c43f32e2eb1a1f617b3cad29f2a092c583105f6bc62c3c21130ee1c91d750,871,204,1075
05fe41e74ce532af3b7423d58d5cefc744c6ec0866195657bcac7cabee396e82,1349,242,1591
de9a48fae650bde041cd3eff9869c358b3a56f52115de0379f24aa070ced87dc,1486,212,1698
f09d90802ed26131fb947131c05c86f257f5d447c74c2d5d4278387d7dbfd8ef,1124,206,1330
83158e4bc4becfe0b6f124639a97a1cb18e7bd2a76fb684e09ea03366490982c,1155,455,1610
d07aa367f0ce10018096c6c8fd6f60b1b83ab7efa5cbe12acdd5bce9e9dd90b1,938,238,1176
67c1cc6a94e7e97fcd2249cee219c798baceec066133e37fa8f59832c4cc1c8d,1780,436,2216
65a43f9112adcfe1c7e152ff6686d72307c1f97e7d20572726d15a0bcfbea522,978,290,1268
0ccb99752d8a1813d99c028346ab76329820b1afe53a88773de914ec0c1dc451,1676,653,2329
dc608d14cd853c10cafce51ae0d3bacf193db3ff5ad26cfa09e8bfdc48824886,883,202,1085
9fed93d8dd4a7c4e3fcc3059493debd769c1b190262c1a486d74815bbb80f839,1054,204,1258
3cadb68dc0e131222b6dc5fef3842f39ce0e5940c666046a38d349132b5fe24f,1898,507,2405
2be127cdcde1eebf2824c0a4e5023738f0401aaa3ce3a9ee800449672bffbb16,1110,327,1437
69dd91917777ba26a09edf7dcec55674013c6c6ceb922b6dd08088db885126bb,2209,896,3105
4242abd5252f8f8fd69a63131da66a23fb3165957057b5fb3203fee4d444f971,970,203,1173
7cfaf7407a01f700ab3614007d1bb874f687c7946d15163f52393dfe8ad51b4a,1382,446,1828
ebdfed43d4b8d68637bfff448a196219a91b54695ff06630ce99779499cd0c24,1107,204,1311
429782dc651455592ca264b9116d0c2741b272f33d20422adf80acf12a195043,1205,647,1852
50af0bad50d1113af19475f14949067c49cb5a5168befa1aab0f6e3ef36dd71e,1463,370,1833
b63e1428f06e33b4d91e04339b7cc7d57593a27540c042bb91d563cd82a31489,1807,569,2376
e36966ef14dbce6c4eb22672ddbbc50022c4dfd5d071d1772092b1ab55f5c4cd,949,200,1149
2dac0fffba485f65d18d2dbd99b040690f1b2d3b5233ea298fe334a94944f86f,1005,208,1213
c03f0b7ec8afc61b3da73e550aa23b02d2a73e052edac7773c288db0a84c2b52,1177,618,1795
9db9940d5f3135b18fcdb738bbf02f45b0a3e82852eac429af89f80269d1c7b5,1117,210,1327
64a9dd7911d8d016280aa1a21a4f9915a0d70279f35306b7c56e199ed8285eaf,2306,1255,3561
ea15f63c54edc2e3905a1359ab411934e9af04f9d96f45d546488047db5ca4cf,1145,201,1346
24b15ced89e28c47489e770ac90f1685d4d014d8ca4aed5577e79488e026fb54,949,208,1157
bf862b121d8efbd6c1d64d33f4fe69e5cde223d233c9e7c47d93753566997754,941,211,1152
2dbd9629ec034ccdfc85d9dcba720b7f5c5eb603cde71081eaaa706116065dc3,1811,616,2427
2b8a668e92afe90aa79c709bc49bad3e26ed63eed344d24865d84af6b425255e,1039,215,1254
af8f11b550278b6b6ba615a180f572bd1222e0aaee58cbd0adac6573fed9dfeb,1236,228,1464
51b422d3bcb1ebf99a151e2ee9ad35824141268675349f691daa0957763f5750,2164,711,2875
9ea80e9f73f0baad6ff6b357834bc25c17d9be4a80dd8263e6985ac47c798dd2,1580,852,2432
eb8bbcbd584ddbe4d3d1135055880b800e1226febe44c34621bda3f662a27889,1124,311,1435
31778c3fb9f95455f5c763346331f7ee6e03b4016300494c7d23c13c3abf4aa5,1354,524,1878
10ab6e2ca4617f01f64e8ff03794304f3cd79233356d8ae39fff7c6e673a6018,1093,210,1303
4d1632f995ae427a2e01997a8505ce4ea667d67d4e87d0d2fe4e9b0e98426cc9,957,204,1161
70bad0bd5e7df601d023ce83d343cbb0edcf3be72783a0b1562b8c35b6bcfc35,1130,202,1332
4e2c5a197abe81f6c2690448409aea9dac99e3744e390e541fda100c39eb1a68,1042,204,1246
d8545768806d8042b104b9e5c08b49a175b75edc0c250b09e07a9d08dcc7c9b5,1817,808,2625
4033acd38a1d422918b3883fa9f742777a0a31cb77673122a0a285e96250bd4e,1009,213,1222
2fcabc9107298b8eaada5871cf97ab7bafa608252de23c8a2c787b5688962193,1018,297,1315
ef6e8f2802a79d81848453d86148b0cd369ca02066bdd60f37bb3517bc6a1860,1124,206,1330
401f77228be7ebe019ab4fa7a6c6e5071d5b2b89dcebb5d2cc48bfd735171b2c,2162,666,2828
585defb4958f75109c1134c0fb2a51954e87f3331e3cbdcd1aa9706b03fd063f,963,210,1173
3f82bb45a47bab18ac818194fb15cac82b825932613958ebb55a2d397c1aeeb1,1204,303,1507
e441915f30f072a6037b593d9169b81182390f06b60aea46eaf46872986f0a49,2340,964,3304
297c4d5420e573f138ec9e6c73f2cb09fe5d18ef34aa00714a7c9820f375b3fa,2289,1345,3634
dbf945734e44bbea7ab3b8d5b8ba7482019578a98d0aebefbcc8a07f3253ec8f,1869,337,2206
5a343aa2f714e64715955ea395afcf8dca063f4af75b66bfe31ff977f66317ba,959,211,1170
2ccfc4b79c2caea253d499270a55ebf2f2882da966d522cedc192d5d43c0175e,1231,210,1441
2efc4daa60dc7334001d35c9db3d2c4c00d83b5c9c4d83ab1ddd27a660f69444,1024,222,1246
ea3e55ccb55dfbb7dcd1d55f0583d3cfa3f945aa422f416dde3901fc7d0ab7de,1010,356,1366
fe92b7c71e3edab4ca3fcedd4b25191d1f1c17720d285809487f9e6ee38790d6,1062,204,1266
1c6e732354301741336b48467a863dcd689d8f981bca94601b21b4bec9498a15,989,212,1201
5142a30aca67fedd2c810981b2736a4ba52ee0eb6a8b74e127bc8a781abf5f03,1704,503,2207
02ede1a217f2f7f7b659cc0c243a0fe8557e5896b14d2c4cc49c80c610eae866,1109,204,1313
93890f1a1fa76be2741c445d2dd2c4b70e687a9bebc905655291995c6925ab04,1053,205,1258
c53af73df251c5acdd07becb8348a917fc7d89b262c04aa174c68e75518ed607,1024,204,1228
be768f8a198f950355765c6ea2faab8be1e0f7b83efa3182b050d9c1ffbe546d,990,207,1197
b85a0775cc7244a58e79a591fcdf87a67e1dd531babe83ff50d3f02a4aa08320,1086,209,1295
8a6a54513852cc1c6bd8493b9dc789cc150067132052aff430766df13efe2900,1051,212,1263
696256d773f72df1a9ced42d224e100b4f3f09e65b4dbe97b65d71e1423a301f,1576,350,1926
e896a17fca55cffadfd674202b4482b00bc18555b3d988a2f43624838da11ff2,2296,549,2845
b5cae5f570a55c3681cacedb8ef4dbddb52b172ef91d9af892c94d57dde42f80,1663,442,2105
3def95015a8a1d8d81f7f0680a774922a82d815fb83aa36cbcd22bfd39563d56,1363,208,1571
fced77c515a1abba89abc19420cf27004b2ff10be2a13f82d7bdd225881708ac,1010,395,1405
2ddb4e16433f8e6ebf0303db10cbb677d488b60191ec98b14f3ee9151fa4ba6a,1148,329,1477
829264d26e9517d7b6b7f9f393d3d214059f1c5e7adcf3f852545975c3834f01,1100,290,1390
31c6c747cd4ae68606ab45babd067f4ff7cd42553691ba33cc16014939170d41,1124,206,1330
3a498113617529609bb61905d88d4b6e15ec2882db88134a77bd38120efc2714,978,135,1113
1fb38383d7e844de487a1576645e692a1ba6182c3c6c4e288fd64762643c4245,1088,367,1455
827812f8b3bfbb72908e8b188de2211649fc60812b71bcc049e134630a21c354,1009,202,1211
8fba706a868cfb65022c9a6306e28939ab986a049e8006a0834c6b2dddc85bb2,1693,566,2259
9198285ec8bf534a2284230f6bcf6641d6d90f4335373b90177b492acb45a10f,962,341,1303
6597c3018f46c648ab945b0a06022d5545bd65f540baa3e4032ef73d2b4a4c5d,2382,1211,3593
857c2fd00591de76238586e83c1a6ec3d55568595ab997dbde68929f59a2e74e,2227,546,2773
ec15ecef735cb6ddd3ac759d94b93059244d89a831f16543a9278447f2d01c7e,1029,208,1237
5e3f054c36381660da5d63203a60342ffc18681b95542575297ea1166a13acc3,1257,130,1387
cd22db138ea443dd4eb12dcae1309337910f4e6d3be5d672e882b4aea8ad6cf4,1181,211,1392
9c5a8370269666aba485dba8c9feba4b55b0eb5fd08e884fce885c8ac4f3fe39,2221,935,3156
84fd6faef1dd10b9c84146d34ca56312c21678b331f215916652dd1805ecf71d,924,205,1129
b65ba1cb4e6113f12a3a74d55c3604dd78a251c64e2329b6bdd9bb05235173cf,1115,203,1318
821f71403cb765b3da09ef08fabd4f6f3439402905570470996ca8c0bedbede6,2262,889,3151
85eb5b8e1e72f50764f29bc7ecb4f9131436d34f09afff40e13c36dbc475aa93,1020,211,1231
532370aae49fff17ef0dcc28f59bb8d6adf95722a4a053679b5eeeee0c5dd679,1857,1474,3331
eeaa230231cb612cf5ff21815eddda428f05e50043b47dacc2e82955d8d0cbce,1126,213,1339
c49502dc07f1ec1362a6032f5300c44441908d66dc4bd77a7cfba61edaf115e9,1594,215,1809
b8a896f2b470ec79ed21561bf543ac1a74b1bfa735c9b69b7ba2a484b66ea7e4,1271,299,1570
52de65cb364ef02045d3691a4b754dd6aa1613b0b89e1d7b90229b98772824c9,1384,692,2076
664087f69c9164941ed16bb32ce0c5bc4aa7c83fa22e5132a070c103b2a464d5,1147,300,1447
68693f40add341e7529c5b6314b197f8bc86b00d3b132db474d44f792c0dde82,1124,205,1329
355983caa30cb774a706cd98f9519ad6678400690fc74f5a94288b8881c70781,2223,854,3077
bf98737099dbbf53c2698773db176f0b0763c5468b44eaa564d2f07a2d912f51,1079,243,1322
33c7145a5bb70435a3e4eb9e7d25c4d3f21d4737b3436b2316c6494ab10e1642,1644,773,2417
35ed066685f17979578f7c2c377196f8bf4d34127d08155b8c745d31e2b991f4,1032,455,1487
5bec784c9500df85086251fe626fd2f499408d378c5d12cc1ab4cf22a24b4296,2083,556,2639
2781d4b6432afb4d729c715499839585ff72986e98090f7a3f4d0a1cb62d586c,1045,295,1340
234ff6b232f664f3d79c22a1c8b509fa10c9a38f67331c61a268264bcbdd89ec,1119,221,1340
263be2141dbe7a1a35c406bec645ad803673ffae8c0e0006c2d91f36893f1e68,1252,361,1613
4a55533d74bb48b08b5bb300d35433e86d90b10fc6e77d1b5b73b2b2d14d117f,913,378,1291
264e9092e83ce909a6726f334a70f8a4c8e6ad166d04887aeed80d2864b86097,1564,209,1773
cdac2dbcafcd9cf1e070678ad49280b01ba2cbd4116868fbdea0b81f4fbc7380,1083,211,1294
d7ce7627d897b8e2b5de0a0837b1412ef1a2b493bace89edf85227a87281c9fc,1124,206,1330
e5f8a08dbfaa225455ae076f6e071e0c276254428f3b3cea9fab93af6cc4afca,2017,507,2524
c923d076ea2ae52b3d980aa62f47100e9d8ff1814662c8b39e0753e5e627895d,2142,973,3115
96e674988e4687ba56733ae2b74576955da3335f3e54cdb16caeca71f0537820,2227,332,2559
95e9bf4b3985893c7c5b8ca2512d2a0a37f08fa3d93371116864b4cc5bf57e98,1364,516,1880
a7fa029572501ed503253132ef49793a86f8530755a000e81040fe9ee7cfae79,1319,213,1532
5fa7e53f485a421f1af222d71b09b0640d346bbc3059b51445344dc1efc93d9a,910,285,1195
00f86333f81dadcdd6812e48f736a01a193432653c98305300a10197c3101713,1528,299,1827
cc9f9a39d1c6d1770d171f740a8dc176927007ae53689866ca0e88f70232a03f,2202,1002,3204
249fd79808b29e51138ed922312eeafc15155375ba6b8ed30ee5886febe66f47,1021,287,1308
7666ad1d05c487ee5e80ce7748f7a88e6cb9187a59aa29cf20ddccb787661f45,1869,313,2182
edeff046acedd134e6d88f04a9830e30fe927f88c2a3d5835372bd2997171d14,1124,205,1329
ee79861813e4565c5dbb7a0f868fb3d486c5689b503fc2d5b5e1b3fc80313c63,1716,789,2505
457cd0e8d7ccd1c97f32c92ad6c9f3f1de5b78c100d68eaeb7b0237407f4a415,877,201,1078
401655700542d71640055c09abedae4ed4dba80a8d3457b2f7d1c1eaade14a5a,959,209,1168
61bae1ac2aa40e19d4c55e73ab7a6955eb3e2a90b3bfbf1c3519041ca3ea425a,1107,309,1416
e063b27466755604872e82031ea887fea0f9698be1702faf50c98458b2217b88,937,205,1142
db6b069d669411d8d437dcfb1936072b8e4485d9f0ebbcc1303220f1bc9cd4f0,1979,548,2527
84e92ff085e637bbce4723421681699de18d2bcb92ef08a097a83f14e8cfc362,973,215,1188
5db1222cbfcd32535b9a77b2fbe4fd957c374d801730a829f1451586ebef0b4b,986,525,1511
efe5f5819b894b3958b1109499e96884fe767920fa8f965bd9e9bd162bd3f284,1131,221,1352
03f1661cd11d067756550d3cb5ba27cf9296529df9df7cc5d9cadbb73a82238e,906,204,1110
2a18b9bb935f6962321e68e5fd3dd10a9b69aa3c83446af67d226328bc787fac,1001,210,1211
980a734d6b156a10817bcd7a07ace023570d6b501423e86c6f717dd4a27fe303,977,201,1178
31ea1fe773d7b4f8f762301ab411aaabfcfcb506c92fb0a2a87f850fae8d3724,1100,284,1384
d66ca2fcc316c91d15e50655b4b055040329a7b6c18a64f76108d300b52e796c,1232,213,1445
b0d423c1c60b76611dd97d66713897d6077c1d036c34d43002460e772514d6a2,1710,662,2372
87f4b6846f28f905b9e77c4081a5731872b376d62b8be4668d4fb7c215a0c399,1128,205,1333
9754e60e4c1c35edc1042315bf8846c65f50810827fffa74898f97f5036c7e13,2291,460,2751
415634eaa9b90b8c5fc821c30d57efad82417589200dafe0617d8bf76451fe61,1620,553,2173
00010071bef30b59abd2a3f3e09fb6709135d69ef265259fc5d33e9e161af3c7,918,207,1125
99e40f62f1d3f8d08348acad1304ccc8708bf65b93a30ae052b2b5df63f72cde,931,208,1139
e435ad24b9c051d6c379453f11d2f66612ac7412bab04a14823044cd5696067c,997,202,1199
91631cfea8e732df411543d65d8d627e0c70224ce25a799a7e7006c4d5e22b22,1292,378,1670
c13017a3e24fc78cb92d6941bcb0c4c86ea207c3234cf8896e34763ea7c35f19,1063,213,1276
09756c52a8aed7a6292303d49f355e4e36a420b30abd37527f1e07a1a5d98f27,1009,219,1228
0303233edb952929a118cca9ef5e10b133d236167cc179e59275beec6063dea7,1580,202,1782
9815617b69b0eead6fc5a068149f2cf8cfc319808f47a3bd8ef6a35a61ed13b2,1921,424,2345
e3118692391863cc5a742074dd4f2e105e363081f073bb98bc3ebfd224eb7232,1024,294,1318
eab6560ce2acf2cbf72e7fe465fbae6f73cf422fc88ddd87ba75247cc9149329,896,201,1097
172f3c6b259a7260bfd29e17a7a412c855b4eecc653e0688db86cf59999ea82d,1124,206,1330
b843014fb7073c5b8efbe3d847276db5d5ab199952bc65a3d77a4e9e40a6640e,1230,203,1433
35d8dadaa6572ea2d943c4a2792dde5d9e05e7bfa78e7061b984f00ee64a706c,1077,358,1435
dc1e8a1fe59b38b293a52400ce4ea2fbfb8543883bdf73a456e96a114de58c0d,1882,205,2087
65b8e063e6b40392bf006c09b72cd6568e16073b2a24a129055b4d00cf2f431e,1124,205,1329
7bf187c8c27478e4d21b0be9d8cb9b7b7b843140b2dffcd1725aca14dd4c396d,1587,202,1789
113571af950556eec0bf6fd46a299bdb7272e75b73cd2f36827a0d90de40c68a,1021,210,1231
ef0d193ea0ae1a47eebf1723a0a1b4dc6c7a1214a6941a853c84b2465ae54103,1192,215,1407
1ab5a9c33e0b4fc5bf68f9e168267d44a5c6777649b2bc2a7fb89be3c962374b,1094,218,1312
f76bea595b1c64262ed38ae71a8db2ced7aac7de3424c63481db7924e99b03d2,1198,208,1406
51aa284389cab37b6ba51ccb66e221712f94921adf4c135c3f6405cbaee969c3,2205,543,2748
a92ccb1e51a1db576e7ca5798e8deac7e70b0d71098bc62c8c10b938e40c3bc1,968,382,1350
3e42084e6c588c9de5d05793a99c2244cbee74a613f7aa7a240d52d949f48945,1842,321,2163
726c062afda5f72b5142be33c259978e579a7dee62cdc214af0a13a944a945e6,2237,551,2788
0eba8d7234719e242ab4a684fb3f6989fc18b226d5873920d96621004274d753,1798,691,2489
e03b6f0b0cad59890dadc70acccf76b93d7343d1d7049c3ab7fb40ebcd95dfa6,1247,301,1548
12d60e1e1bc642c776a08d5740818c5a754eacb63f52cec91fb993156dd82125,1562,210,1772
0f8322db593d9265a8678613f46a0a8ac329df78eb75ec52e8e333e70d00e9ff,1083,358,1441
fb5d4d987d58cbb9ecad150c561ff82fc9c5a4bd586493100b0ea27271e7ddb2,1753,432,2185
d6bddd35a217afd6e132186302213085f11cf18241423254f8db8a0f484273fa,1050,216,1266
2a99cf68611eff709a5274e96b10b3866daa84dfeb196b618dcefc3ef3db1ae2,1124,205,1329
33ce02c58c23e0b2bd2110547e99179d0e0c7b40f0539dc925b7de9862314cf1,1129,318,1447
69cb2d75671dd64b65c0f1453568910dd8eeda3765488bd7519c1e4b2d05f2ba,1020,218,1238
421254c46e19ddbad839f331707ff1e7a12a3e83fd897a897eddaa32cf04be9d,1093,206,1299
6e6cc37df109f8cae5318965ea7d5faeef764250c7d78add25b693e2c35a09f3,1506,214,1720
fd3ee2617366cba6784cbb59b792d1d0617d6c4f9cfb822555c0662c54d16234,1029,279,1308
0c21344dfbc8ca1ddfc111ff24fef0f5c1a2b1a90d529df3f0fb8dd05d167f7a,1145,372,1517
9be7e620832bbbdfd320d55b4f5ba00040c2ca6916c8b5cf1e0dbbfc1c81f35f,2059,548,2607
4de9c3625b80cbaad6954b3b4a9486caf997681e80169b6e537cc2cfbc52d9f4,1741,323,2064
481a38fc085e1469d272f8b7914edcac0c73d9b3ec265d6a20aa036a97bf94ff,1651,312,1963
e7efdd1079de26054cad2dd81ac90c5e049212f1da8100e5a206947c9e7b089c,1200,319,1519
b350683c3322734cbe09b4873a74e13e92053dd50d2c6f484b6f831a947f2c69,1580,211,1791
c97dc6cae97c8a200226f9136f35a5ed856981b3fd8d91c12865a8de4557cefe,1124,206,1330
bba4180846018fa0b6b2304b8be9c5a941842f12185535455d455d1db203c111,1145,656,1801
69d525e036fd16848bbf81cea5ec626a8d1f266952b53fb81e0bdfcd4e35640b,1300,214,1514
6bbc07ff2c7738fc7fbde7b016bff524568143a2bb031f6ade212b087f398fe3,953,298,1251
3ec09911607931bb2bf48d890c4d7f4e23d54cb00c1af0da42f213c609ecc35e,2293,436,2729
86a4db30d6ffab9f5a01a99acf06c5add48b09dabef44d990bcf5d3a77661bbb,1180,473,1653
c39c3eb287c36eb20d5fc1ce38c921b82135f8330ea343a1502bab3d7630106c,1045,370,1415
7589ba04465048c680ea766a154cd1536b6cd10c8a8f9356b02d570b5fb9360b,1681,670,2351
91dccd291d5f526c117472cde55771d938b64caf68f1c7bc84819973d77206e3,1685,317,2002
a19f4a56751d531cf4165787a0dd42e59c42c37b83864f1cc7b6d8ef8a43712c,1783,787,2570
3b7d02ab51ecf892b0c6e377e82ac173f092df774cb714aa0560c392f4fca669,2324,741,3065
2126bc89aa2af8460ba82acafddb5e0ab6ceca2fc5b14fb57019a42cb8d13be4,1044,463,1507
2b3981f3a38fd9f3f20d1c51d08d71136f5196900dacab7264bad2c3e2a4ecd0,1124,205,1329
9fffe837ed851266e9591fee6e25741f6929f601904fc7c5bfa66cdbfec40fff,964,455,1419
e75a7b98ac1ba3eb6fce48ee29d2af9cd9d38b720a6e490f65850692054c189d,1869,312,2181
6707cfbe840c4720b9c97dbe856f1ac4481e40ec8d5421c06a0f9ab64a65722b,1041,210,1251
ab0e8b9a0c93c1cf6ee256e7a4ee2da70dc04920229888b43c26aa3e4a1e77ae,970,212,1182
c729f8c7b0340d21bb6cb2beb0517a41b92f1e9e252b5316fb92c56e3309c7ea,1020,305,1325
59ea3849f77dc197a19f4437a6add29f869b5653a9f8a2692da8879ba36809d2,954,209,1163
60080d1ccfdc666275411318c6e90cdf4e2596e5ba475b8a6363ce80fe1ce09d,1263,210,1473
d292589978fefc02d6772a9464d78fb1b8b20c1fc3ea39e57fcf9e344c777e91,1442,375,1817
5730e4c3dac0af3ab4e3160bb082352ad5cbe14f5cf421ab024e0543df0bbf4f,988,202,1190
ec30046e282937144e7b5a342555bd137361bb4c329b1d2f0df39e3718f90c98,1024,211,1235
d20dccf4038af3e2634d9abe3f9ceb3e5cd9d12883383e065b62524f66ca5345,962,212,1174
c8d5132f29ec9fac1b78cc9a520cd3fa3359941e8573a432623b63640ada74ab,2251,431,2682
5b79aa5f38814811a7d0774c091bdeee3e56205af91f6e73908bbe53ca785648,1056,581,1637
97de7cb48c403dd85fb31b67c7382eb32fdec45f1b98028427d9742f23d7ee20,1896,556,2452
be642f028644d7ee3e6b70d7a9daf7b9163194642fb2755fb5d9a6b3bd33835f,1187,309,1496
643c7d5f169fd7a848762cfeaf594d7f8da1e8d43bad7ff221a281583d0a16ac,1421,295,1716
1e27eb0c0285f643a184b984673761c039c0cf238502aa478c36f08bd49ca7a4,1139,315,1454
56f0e2d2e1a03267024adbf88f75a96788f71506f6bb24d03c9295994c190141,1494,422,1916
388ad5af76fa2a0a506aa3356d0edf347d901eeb4d74b62eb4112a724056bef4,1124,205,1329
02e76a3e058848eb2c3c5545ddfed283ab105913b096f6d44b22e87bf268f35e,1782,681,2463
c542d182969ae3644002d375a880349f7c0f212abae5d700b5a949e30c7ae8b8,1103,209,1312
52c9dc6e84a84c48212224d4587c4e788d9d32b812a2be32371723dace7f55b4,1548,353,1901
68f786fd5e092b508fb031a86a141ec29143f35783cc4d4163c9a27995feaae2,980,288,1268
1ad4d743babf1f5f0d4d8168ce1092a37785c7daa4271833449b79eaae1498ea,990,215,1205
551606e19df1829698b14ddd7b55d91eef5d2a2817bf9db2c9f6ccc6bf90e5c3,1383,669,2052
d6a1d8345133cce7f34c8424c7ab3441b58fc9b823393e41e62afc00def30c7b,1375,209,1584
df8b1c72eff147fbd891e50b6cd3150507060b3b0015ae3bcbb0bc78285ba092,2219,953,3172
1f8192aeaac9c9a0d2ca81e746a7ad87163f74e222bd05e652716274e272824a,1024,206,1230
4ad020cfd9f01e515930a5e40f5f49f8c8501b9fc21b5f3bf062abb52c051f53,1298,208,1506
f0dc4dfaf06526030d17a81d3c0d9fe7e6f693c89f83a28adbf45ac36a958950,920,214,1134
e700fc539eea4eafde3d93f029cb3006b4ea6eac7436c8430c1242377c84a48c,1460,207,1667
f298f3be31a9ed85e946b2c3ddf6d035738f78e02aa8e9634ff5a1a4586532a7,1136,210,1346
13a6f68c444e1662a1984f7ada33b3bc6f7c921cfb362c4398101d998ece1883,945,371,1316
f1319b79892125521d689bf45b75dec0c43512bdd74ffa7a8b1308e459a7bd43,1190,208,1398
c3dad231f56bfc6fa77b4f8512f04c7534191d87392528e23fab2a8ca76a75e3,1522,411,1933
dfdd4e5964bd0801297c5837c322648c97479f7001e0f5935d5b705cebfc7f06,1235,317,1552
92b1107a4f3997ff070b47458e95f3801da8422b826183391faa9f4a595fd7bb,1408,209,1617
483a0cab4adf9f029fe5d6ecfda63b890e4699051f1a722664a4c73eed2a1371,1124,206,1330
1407f12c60db171056b1aa22ae0d19fe0af5e35970b892e648bcc0d4ddb5f425,1273,285,1558
240da82eb2a1a096b20eeb640ba67c9cc7ea597f1a080acc593dce11fb856ae1,1239,282,1521
f9f706149445a7d4d12aa5a31862b06dafa3315ac6114622a694cb9c9d16e1ba,1211,296,1507
ae90850f77bc724bb0b1ef1da0e40002d7ccf121b950907110bafaa559d7a24a,956,477,1433
42035391be50f192221e304880967e5b24e8d15c7f1f23e68e13cecaba7ae70d,1621,318,1939
bbf59e0dcc08ead3fb17850bdfc8ba4609a13374f8977753dfab08b08f071bdc,1298,219,1517
24e89b229c0a3def38032bc64bb8a7794e0375706ef18f0865b21197a5bce230,1729,871,2600
73221e77599b5e438a526d32c84479b34b468af02ce4e1774f39383f9b1acd61,1908,316,2224
ad699188453097935103db4d61fa617d3696928e29e07fec5b892e24fb045f76,1691,429,2120
85e0349b8ca50af9681ac23fb4835a06b16836d4b091744d84df56f8a26dbb6a,1188,600,1788
4e8de0b4fd52b0b389316bc9796acfcf9cb8c1928f32cdcbaf9e6390c70081f4,1515,203,1718
e2da2ec77beea7d94ef1455135503459b9b5be6e445432f6e8dc7bb5e0014249,1153,211,1364
116ba7a2a0fd12b4edb8c4a5ee9f293477ab2bd039134b0a9bf6a07540ab6c26,1199,221,1420
9de90f7cb4f0ba8f913cdcd524b0f663caf71e2e08b67da6ef0277508dde2e1f,1445,556,2001
5ea778238ec051e024c803e6859967abc2539307c894d895c611a1d966a5eb59,964,210,1174
566f0f167f63547db2f0fc659d07b5fe366f1639f75dbf6c4d3922703637662b,1549,340,1889
29c34aee0e45af208d6c3c85169df832832521e67a4c46732f9cc9a1acf34c75,1586,524,2110
aba924703361e7c08c6dc6b30277be21ceb24f77ba3acd2a44b5f70d126f4279,1759,675,2434
d055e78c63425bcba01adbc856e36cf9974e520760ec75fec33ea9a4524bbd27,1124,205,1329
e65c595285250ec61567d48231bdbee3981e32fd6b5a33ebef9bd76769efa063,1238,204,1442
5134a3e79aa1ab48cbb28a39d8419062f87e13f559c502c44d2a8f284b5d9a65,1255,366,1621
c93bfc764ad78f9381cbd730d9d017a4d6593f6a67c5bd73acfda2466e72039b,1124,205,1329
8b928f838fc5e288023a3968f137ddedede6b82757248bf0cac45a4c005d2e1d,922,307,1229
2dcd6f5d942eee240658aaf6da8ba0f17018648a3095375d85f13821e1b4a741,1111,210,1321
a22507a827f7b54136a7f646ea380524ce86ce40176c51541a6e0af4fcf10a7d,2214,831,3045
4426201f9b779ff2c95655ba37c57b7599809f06e15045f7644b7aa8a4973ff9,995,208,1203
01c5eb4a2ad36ac15cd817dff1394951d98b0983cb86cb9240eaeee28f74b9e0,1307,209,1516
a9500166b9a9fd254132a8e8be615c4ef370db1238889869e12a9c9f436be312,1385,133,1518
51d46ee5d19bc59d583e2796d7ea16e1b1895fd530154119e3e15151bfbb5112,1262,207,1469
15c8efd7f8020c389580f71a5e0d34b43695a44502c5155f125f4f255d2e4ce1,1017,215,1232
52fd0131cc27332f30817a3d1ff344e3bf2a4c7e8dfd74aaadfba4c2f96ec218,915,333,1248
381df092094884de81f4916a65f65b6ac38675774022fb31e93c20638ac17966,2296,328,2624
3369d7e02a7a656909a00f6fb25d74292a1b7530707f54f2cd37146ce5bc5b55,961,204,1165
7911d397d7c704f22511b87d24f6577e41ddbc477acebf74ec3c15826552026c,2161,548,2709
ecc8dfd8c3a6dcd01caf8fc41dd65682d2cb6bcce1d768540c6d398745c83ef4,955,298,1253
8b9aa3b9d6751c940fc0924ca0f317aa77be80e175aa2f9775cd264ce959229f,997,375,1372
d60d03d7b724d24dea3ff25e50b482c2beecedc10e1d0bb7c406dca9a51d4f1b,1222,331,1553
c32ac000cd91d0ccb6dfafbf95da3221b995678bd24c5d95e53125bb0e467d4e,1302,204,1506
5b46a252c3b00296b4063ba3f6af70c2b3cf6da95c813b89ed84966823fcd567,949,213,1162
d26cb0458c6e43b910e6e011b2be36302db4c38e57d1531c88aeee23e8b37e47,944,214,1158
72c73747ae6ccd0f25d2fe0f4fd5f2e4aaad185210269fb43bfa64e66dd30d56,1663,323,1986
0af36929be611ad9caa6060df7a007cbd7f4615d0fe5a9fc576135780277cf2e,1714,655,2369
1d5f32c5463b76f88eabc713af83e03e1d3605342d02c6cbc651b4a725161c15,2191,545,2736
70c01abaff8e75d7874ce88ced2bfbf95f732675a155e9703412bd9fb467d7da,1124,206,1330
92cd578ab1ad2992f3e58913345387743adbd55557716cce334156b50b53de16,950,285,1235
846a1b58e3e84ad078f4f39f920659a6ecf8764044a85cfb8120574bd4717dc1,1238,363,1601
b3283ba58c63c5113e25b043b5f7fdc55d986dcd7cb77f2c109e8d600317c7b8,935,217,1152
d8f74e2d4e7ffa95990c603a73a5a1faa77bcf5be9394b60ad4d037629404a2a,1217,364,1581
d8a287018368676bc4043d36f3a6fdc8641c3ad2365dd4342eabe38e248baa17,1172,597,1769
410dd9bb61406e8fe8f0a39c7d8ea10068bf2f425b23430eef98e42d6263c545,1234,287,1521
fc5f63f5c2d3b780d51b4bea1d94e2c5e91daca5ed33b5d36b6805daf366bb0f,1429,206,1635
fb2c3bea96f1df6eead4da8d81998d40400cdb4b5b29a060ed4ff621b5dfd8ba,1175,373,1548
9e09143ef4fec90f3c8604a8ddde7da1be48d32c78ac2196bdda321ba29d3aa8,1255,213,1468
1819657a9b7efd748ce79b44e906304c0a8653ee50b937cd1b8b8d376d2be8e9,1276,215,1491
75325a0a8746fa098013cc87289b44ee918c15faca931d2b3c0c6c2ced10b74c,987,283,1270
29bf4e74e087a3f4a347966958b2a5a7bac9943c31418d8aeb4686280eca2285,1040,337,1377
d7bd41db01a3880381cc5a4a824b75777a02c6ea9d02d94ab237ba6c959d4816,1156,373,1529
4264c7be60001a7b904cbdb80ea95d229bcb2ec58b035d0df514a1c6d3ca38aa,917,211,1128
74b62daa0c8b707ace9a850b76c8542c33dece150cad96dab61d332bb8bff965,1596,306,1902
8071147578af7f6fec3fc53d1bda254c41c5a821d3d597c8af600c8fb725a4ef,1124,206,1330
2aadf3ab91bcfb9a4dffe0a6276b33874959a4241b45197f8224ac6152acb794,1183,285,1468
6cf77ce2852883bb8a9358dc6447caf699dcff7bc8a2471efd4759692c00bf09,1094,212,1306
f963350cd045c9b249b16479f2031723d97be64737fbd7bbf9a7878634718a4d,2179,545,2724
5742abeeeb53b462dc221b7832c9bda4a6a5fd4c8721941397955a78e5bd4853,1038,213,1251
a6bff8a69c23769a0c889d68df9b78523d4190647ae607115ad64bd36f3c92af,1125,208,1333
242384857636f8ec94491761d9eb9df77b5aa3f7db6eab9234a3b7f4f401dee3,1112,791,1903
a3ca1ad921a3c92d3d30839570ed091c9db77c20b367e17be857f82c4ce25b50,1101,601,1702
7c119988d991d63e3445541c82e763e2dfc03d155b7636ae5abf7a8b1f411422,1590,212,1802
9b4daf57b3a3e82398664e06d0d77c53ae4c561d4aeb1f08b36e7a8fd642751b,980,210,1190
5ba681f849162639f57aa317f002c2d77f9e110104e1959c13e69888caab1cf4,1027,215,1242
0b6d551e649268f517b876d000f80576f01098880aa79f46c14bb9edd9ea097b,1472,349,1821
e93633108e5088ee8ea06a87e41013f2085f6e56c9457a23a869152dc3769152,1173,220,1393
a9f146a36ee2e2632b2bb42e0dfbd284e4908e5575f9e0ee7e64d41211033a0a,1194,792,1986
c15679e57390b10fdcc878436e4d527ee54cbf869b84a9bd167dd06923e8502e,1036,341,1377
66ef8c2ae0c2c90b7caf83532c5926f22e7e213ea020402fc921f316df4c4896,1058,360,1418
ff95fd23bc06d19c76e78763d6da72d7e4e193e4fa4adc1e40487ebfeff07944,1339,310,1649
8542ac50fa29dcee4d254a03a9811a4132fd29c2d32ab736c944929e17247adf,1170,288,1458
ddacc37aeea2e72c34a47b9931033bd6281d7b18f94e3ed4fa573aeaee995dfa,1333,283,1616
f3cc1b8b340bee486343186fda13c45774fd5f37778022df8eb736daf3a1e3df,1554,879,2433
31102a07a729a655a4cc613586bede843f926e48f5b8fa86e17d5e7e205fa998,975,200,1175
fdbb407189c146488bc8e9d5d02ac779505552bbaa0c23d830bcab41d39336c2,1124,205,1329
3bb8ec17d583998fc0e0378baf97b65c2126ef5e54066d274f100f499d454c8a,918,219,1137
cfd3e900458e027235e22036dc3b2c1723789c8e9278d9afcca865c29eaea930,1523,438,1961
3ef99eebc527ef8f464974c2b2ab0f75717a61b17fba7a3e02a7def1575c64f2,1070,287,1357
6cff38e4d94065fa063a5e786978c593c82a4a75443c963f95ca901bd6db2be8,1070,357,1427
542f79b83be2a31bee0eb0f33e85a3ee60ada99ffe150286b0f08eeba2e51109,1417,209,1626
05bc23b8e27845d770dbe6f9963a99631a3321293366a8c456a9634d6b6c7570,2187,531,2718
a9a62412981f573930d6f2c0b4ad151b9550776d85490aa1df0fa88ad23817a1,1223,209,1432
3165bfc7eec6a6eeec273346609b107bf126a42e06e651e89f812b185088d8bb,1603,204,1807
177fd0033a51e3bdebf87cd7310db85213248176757058168dbad499aa3dd9bc,1305,524,1829
428faf071cc174d54a4377005c32548176570ef56c4e70627226b2ddb11905aa,2262,553,2815
c99ddd47fa307b44d5dd6d0e85d989707192460a212fb41db85007c08acd63ce,1545,214,1759
fe6c19ac80f8d8379b160db3e39df61daf44f7ca76054f3b905a0506d297cfe9,1611,310,1921
bffcfcda18f85364f51640689b58d41a54517b62f6f04533f581db61a218d433,1318,288,1606
1c9c15d580ee266dda859fad5d2da8edc3807dbf35882b347217d5fe5b5e5adf,2216,542,2758
8806a285c01a07894400cad463b4ac5fbe240c824c208ed379ca0c78df1ca09a,1759,779,2538
01b47c75f96c6b61e88ece8b66623a21fd3b746c50ad86de1f527eb10bfea4c4,1207,207,1414
39ab0c1ba99c14bd6da9e37e34776f3399915ed2342be7295744dc4122aeb39b,1127,212,1339
153873e0075bd5f0f04e829b436b34be9bdc203075649b67efb6472f0a60e3e2,1477,462,1939
049376f423b131759b44fbed85e5cad74d4cec54882f3bbef168fe492cca3066,1656,777,2433
6ef9a4747d9cdd19290a11e31118d26dc75061a8e934f0edfdd5562431ecd171,1090,207,1297
0d4b0a9ce11dd650494f19a9025f2c189d1b87fc07059ba4f333c0d83e0f196b,1393,365,1758
dff83d9743877ac0ef8dcc15976fd50208cb07991aac23ba4581e319a9556c2a,1682,780,2462
725ab81cb5d5a31a8bcb18ac23f7b139fa87c26281955a8185b46b9c98288ef5,1267,519,1786
74f44a6b9be9266fe71412cc31417feed02bb6836d2d9ff6e381af019e5bfe03,1021,204,1225
c902b8fb16144497167058401ceb14caf618a665947920d186545711ea7e6a61,1124,205,1329
177f3a810f634f9ad107c480b8fdc7bf4af71cfb33e2186375779abb8cd4e828,1224,210,1434
9d90a9c9b13427b25134abaea1705cd5c8cc2410847d29cb003a64d48a4a60a0,1037,211,1248
611335be9c46c02de5148e60cb426e13ace9f11443544de752aad4ae163e5fcc,1210,207,1417
a7ebe090af502f10f6d73c8c60d65cd6b32bf55a26cc5d1ff54e82d74a8b7ac0,2249,826,3075
8954530cedbceb3c870758b90f4397c2b1f11b65e9ddbf9d9d1079c0f7d24439,1691,648,2339
06d5637a3c87fb273d564e05b3cfb02cd70d31385e63d2f9ae13b60fafb91e67,884,210,1094
61c259bee0bf4783800d03faef46ef50d71816416d2f729481d3a95b3fb23221,1558,366,1924
7cb40f7c94479b629edad6a8002e437ad18a821557643aa41878eaa6f89ef4a8,1103,206,1309
ef4cb5a6d2ffc42c7173de96edc3d560d818d4a8ea418e329d9a9f6d27f8c1bd,1694,320,2014
72de3571d9be01784979d081462f1b32ff015d384a84ceb1a580fefec43169d5,1233,203,1436
df0165383454aeaafb8d8c7374ce7e5b3f5baf3ffe6f9c8f7aca6c4532a0f192,1213,309,1522
0d913c23a8094569885ee0c9d1bf638f0b3384540d2db3ee9c458f77a1ef877e,2434,1184,3618
929573bbce19ade0538e0badf2a45900e31ce022a161777338bb53ccc3ec1533,1125,434,1559
53569a6b8eb63ea5899ac9b0376abfe10b4bb9c4772f62adcf78f2d4983a2935,1143,212,1355
b5b452cb674117b12ae717e65b067cb68cd6bd5be1c90a330d84fd82d2ec0b3a,1889,313,2202
0502e6f58cd0c92df1bccba70fd4eeb0a6013b86927875a5236dff1dc8f2a93c,969,535,1504
b73e068aeb4bb6287511731e751a3836b4a2117df3692912d4968d6702c9401a,1323,451,1774
ff4dc01b829404e0779a600ea9bd8c9fec4cad2141dbe41c9aa5b8cc95a38c5d,1307,219,1526
d67a71c0629a96ea1e8d91cbbeed388b20e9cf35169801412603b6ba1483bf4b,976,294,1270
bc80f0ba16de87f7ecd6ff0189c1f0cf48af069d1bc8386e17cfa48d0be4beef,1416,289,1705
e17d0539ad1743e78ff74e0f8c29ef218143ac8e4998438ab18dd6da0a2e83c8,1011,209,1220
6c809f9e2c2684b84d66c836fa9188a538a34a42a7b06a3740243c4d1651b1e6,977,209,1186
db5193de1626f3e8f1d269f809d9c602673dcb1e54d10e05ae392eb5108e3593,1199,207,1406
16527a52adf59f20e86bab6c18f02fae1fea2554018b418af746c096d228db6a,1985,1166,3151
7f35f1a50526aad50ad588842a1f53166e87d34a761130464d9c3fe1a10b9158,988,210,1198
bd2bf4ed8bfe6e8aefaf738aee5e381e19d1bdd5c6e7b5690430f95c1ca6bf43,1062,203,1265
b06eb87afccf38b7c7769f72c2e58aecfda86ffd0cb0f9b2d644d61ff1964281,1124,205,1329
68a6acae768b60473ddab67cc942e69a8c0dcb12add6d7e5ff69799cf910e44a,1118,247,1365
dc1f0579a1738c8c8613c7d63060737e4dce0906d4ddf05f9f0f0940588dba84,1205,313,1518
e67e421de4dbff354b9d0f6ddb85943d4a8a19dcd26e4a110baf6634e3b173e2,1785,798,2583
cf4a784e68df7a2b546d89530b765f13a80a69fb2d1f46209afcc28e1fffe107,935,208,1143
128d1218b662baa49654987e2b2b0f908ae3289c6d7f21dfbddbd2a59bd54113,1153,204,1357
4ef3127b77d9057f7d85fc8dfc7d877f899a2f7ff7cbcba535776859d209b022,2272,1379,3651
e8485d50e6e8de8305eaf8eaa70fcf2ca5756734c21a29893c8ee0cd922c3607,1062,207,1269
5380a018d3cb8b0cb233fc64892895d4788f6e4aa80f887abf270a8b1ff8ba86,1115,204,1319
3a218ba6a6e765a27e3eac9d30c91e4f2e13012635e089cb646964129d24f455,1272,202,1474
e0ad6ce276555d7038ab536faa2a51cf196cf28855c3f5f2c3f7a39c8bd904fc,1254,211,1465
00f760322cf7ca79d5287e5a3678cef826db27b60f73f5a4f3637f684fb1f68d,1093,441,1534
4f39cb45e724fc8e3704b244ad77ce9c0033a2b7a9380a4a9864137cce8e4580,2385,552,2937
36d8ec2aea9de24fad90914fe4b5a3c50bf8947569313d08c726eb510aa2bf17,1123,209,1332
020e3583468f2d8ae28a53834285714ba66e690c45437718e6169db4d8605bac,1939,557,2496
0ed8f6b522da69ba920a60da13fdf5ceb4ba78a7dac573ef854c9e380bdcb112,1414,201,1615
bc83fd180cdf28dfd4b842930f7786ef86f32826412857bf8b4a314ff8e067a6,1385,203,1588
a1b555d7de331c9363374ac82ca151eba78b195b3d70554315ab587a61a50e75,1117,208,1325
431f11a4a3f8b0263b9c482bb7ed431cc37c0996ab22c5577acf6c6d99434d64,887,210,1097
b687a0ddd8b23ca3da567ce0408bb8171d3e8edf4bc58fa02068577109295f76,1124,205,1329
f5c55db279e232b202d802e1c356745a93124b21ff0df2df3b46a74332b260c6,1946,320,2266
18fd58c5ff117142d7da7156215b5388dac05b3c4e7f47033881fe9dabd5b8bd,1136,537,1673
e25798a1cc26ce57f24d7e9163531cf9ad0fe3e2b588319c0e9128308bf79713,1663,320,1983
1524243cec1089251f634544b6f0dc8912e8f9f64c028ca2046555e49eecd140,960,207,1167
9b2dd0c9cd7b875f60728e3023422f8fda4a658d6d00b237e7deef671fda4a85,1296,212,1508
8d0dc6bb0eda87af172eee7df86542097979b64580aea5ce276856c39504725f,2167,772,2939
2f2b53ef3212aaf7468c349d4f38882f3365de7683dac5d49d4090373ece039a,1147,235,1382
74b8c40d40561553b0b744bf63a17a560462d08ef123c2e4074afc023af5f3f5,1048,211,1259
ccf185a7083d7e0639623e4024920c62320898476f038a9bc27ecf4bde294309,1066,202,1268
25bfb90340cc255078a401cc3f86aca4c50ce0bc0b243c2aab742da1a4169b27,1091,354,1445
0e47e02003a510e87463a5c24a417777f9c36d527b6a2c008d99bb6c8755638b,1250,207,1457
0ce8b779d514b2ffd843aa873ba20bcdf87aad53f0761392dd953a925e03c265,1289,287,1576
3b980ed4fd168110eb05c38532f4303c95efaaef1b40bcbb6b01173b55dd775c,1115,202,1317
6f53afbfc9760541e1cd6a00cd6e315d0a852fcb8c9b5ed53f29e1bcf821da18,1092,210,1302
04a48b45b8063f57c04d454f322ede5dbd22b77ec9e8862c0ee7e59dd783bf40,1055,214,1269
bdd0f9501508553dccc1d441396c1a1b13a552216ebe8c4031de3ca6b09e7e0b,1348,205,1553
6b6c42f501c38f3d2028a768dd8c4c62682d0f9787cfcd06b3b744da2b979a07,1070,214,1284
534f12bf0fec6938f3d5146edc905af2ca29f1c90b859cea9edc19080e2e0b53,1301,208,1509
9570027a0a421962ce74e835044ae56b7290f670601226454937c97638cb046b,1244,229,1473
505409568f427d9f1fa9c1eb5e999e842a624f6266ecbbbb914d4359260a9012,988,375,1363
639259947730fe4545afe65feefb753e87baee89f3c1f8b090c5304f4765df4d,1456,215,1671
2aef80e80c3310dbfc44562f315514f689929589436e8f356a82df9c60bd8ff6,1153,367,1520
5b561f45cb45d021de23f719740e1e2eec01f6fb1da17c29d0336fb04888b08a,1034,210,1244
ed70a02ee6987d8c130efcd682cc28b5eb2e116699b4617c36f3428bed3d3335,1660,779,2439
acacc4ec9cfd9e45c78144a68eaaf54a9ab9d7ef2214b4f086f4804824e93648,1062,214,1276
2637f008b4ab65ad3d7b40ff6dddae9a379f28b4a14fc69cfa88ac2813f78818,1288,207,1495
75d789bdceb38d379be6290ee9b80f9f3e6ba01397598f7a5ccfb22f0aae7321,966,206,1172
570a2bd52b5b623b732633415d5a8005e5b062ab8e3ba90cb701fe63e2096042,1475,450,1925
d64b3b3599be0f0d851ed572ceb748630128d20474bf7af1860db33e8aab2281,1124,205,1329
345663659d3a009293565939996f1d9aec7f5a511fa24f460b81c372bdfdc52c,2086,549,2635
c0af7cdd7f4b7c8e4130c5dab9155e03fba7d570bb0322e7e1208ab9ca16f18d,1207,420,1627
8271548d9d7084280d11557c6a82f8dc43e02ee940e562050a024cfdfcd0a99e,1043,214,1257
0c9a27b9479244aef74fef346ef4a68761102e7422ab7307c7eedfc90cbd901a,1000,209,1209
59d6f6200198a67cdb4c8b646cc455937b598d8362af5cd0ab486a59e154c44a,926,200,1126
ebe946fec834ba31bc542238b4cdf91a32e5e2098ef3fadda797951bcc26d9d5,979,665,1644
00245cf71f3626513b7308a1e35f88cab66c1b57226a6e55063b2d9a69d208dc,1490,207,1697
835dd89ad274ff62c17aa119f2de2aa7a3fc1986e7f3c15d80e7890378ffcf95,1419,203,1622
93902200b817296e881a971ec54317c1196e90c6b3f30354a109e4008eda5e42,1098,368,1466
df86927ccb9b407caa453877bddcf49348d8ebcee6d7d1846f65cc0c38fbf491,2397,664,3061
2dc09a35f0cc54b9ba82b8856e6e1d9a9639fed384ce47cf99c06a445f55c5b3,1151,281,1432
9cdbccd7055b920e8ebe539b1f2008cb87b8a90218ccd790fc660d7e1cc732bc,951,201,1152
4b3021a627f9cab3d9fc03b649a4dd37946f9ab3ce30fe61ec479d82823fb403,1091,212,1303
10d6164fd86dbab7d7ba7e69af00a8194c77a9218bb77c629679e2ad4640d8fe,946,212,1158
76f2f68eb8331ac9c140299af08d320a99f335d2cbb36823deaac6dd5534efe3,1124,206,1330
55307ef2b5b41dbb86cdcccc16b73b2c4442c625b972312cca81f5a7d091d881,1216,309,1525
b9427da93c9581538361b050db44f4fb8d5eadb19367e9f14782bb747f1fa1c4,1804,911,2715
93da571fd950890fbe90f18f1f36dc6af19ef130a64ddb8dbbd07ee2a93f00e6,2273,549,2822
175aeb4df86f544531417819b06f2f8ff7dfed583ba085922f6d44715b6b33f5,927,297,1224
f86be31d55acc85b30283b04717d2fd503cb93d39ede97b625fe6eecbcf882d7,1351,221,1572
e64ab6828b35d870acf03c6064f8f1e0dd6833cf32e7b9edd0ab5759244c115b,1046,208,1254
699156247032c41489c124869cb8d98ef796df5f0afb09d017fb31d5ad27501a,1066,209,1275
0ab7e76857ddce51eccd575e1f674296c013847fe9005e8aeeb201265e2ad076,1281,209,1490
169fa06210d8602b148752ed651be651c4332e244e6bf561342320e1ce0a216c,1840,429,2269
a3499506e30d8c89c4be7bc18ae33b129d8bf21983a40f41cf44821b90cc3e56,1466,463,1929
623bf801b710bf23095ea14109b3ac11c01920a074616ee719b4b19c7ce7603e,1264,352,1616
5193f79ca81c21204289178bfe283277bcb9b8d46b59dc156c8432298dfbef55,1349,214,1563
19d2c740185077e21351b0a447623f582e5aa89c6caa4a83cd80c608f675f5c0,1215,318,1533
70e014c853f147177eecb1cf5eb693665467cfe168fdcb7342486c6f82fdf090,988,204,1192
86635d1a5fdd7979b885d489af636c18f46f759c007a21b66b6c4b15c2de3f17,941,218,1159
d02e4472e7248149038da7b33b94d5f4668baac25597fcdbb98cffa3327cc1b5,1265,356,1621
13eb36710ee5d58662433b52a768f7dca65effe68885f6e80c9ee325e2b37e0c,1358,357,1715
1a087344d58863a7b5067c4047b9c0cdba32716c2b7c108fb3ca4350507d36c0,1124,205,1329
9db48c8a70581e25ee470d1235a49971607f00964f99a8c826b11a14a5ea37d2,965,206,1171
3ab5b2168f9b2f2b753f110e143ffc7ba16edd28e45ae763b9cd6a5507fd6472,1556,378,1934
8f41ff6159e13340c3add242f76473c560efb5e0840d9cb04b9cfbd6c399fed7,1114,382,1496
55f9361703fa756d9ae1d2d0ee7b459d7566fdaf977edb177233f6d93bb7d8d5,1464,208,1672
c43c1feea2ebb44ab7f7103244bebd361b610bbf055f8f4d795a4f64fa8a9f64,2214,506,2720
c77a81a5e003a57e6e51202ea41f1e49910db4a19ec07b6a2ebf17a19537abfc,1200,283,1483
9984957255e09f3003371f7dbae5040bb654629a8aced2e6c2f64f0cd6540bcd,2214,550,2764
53c50ff4c6f199ad31f8a5ca55078a445531205c1c93eae9ca1f967fbe290520,2039,314,2353
4c304177ad0b1d037df06da644b867c40f974fc401aac0f6200354706f798962,1011,202,1213
356ed98faa7bc4540d22aba882ae5dcefe3c2002b103ac483194bd1b186507df,1863,320,2183
197a3743620fecba59237ea842c7911faa1a7562f6669fbf6d19cb0205cf5e8a,1124,313,1437
40dbb51df2579963fb1ca331fd398f76c28fd380e0033e5dcb7ffb407962de9c,1069,280,1349
a24c2ef1ff962bbe63d7bc1cbee23c6533157d8eb9ce3cb0bb6db28b96cb6854,1125,257,1382
9effcdaeedbd6546190e9681a2c8255d6af84e0ffee827fbad9e709842404410,934,213,1147
8a43e89deb2bc45fe7a10109c7bd475cd164f5d8378f92ef3ef6bc1bf1980de1,1152,527,1679
cb521e9194320e49231a70a58f483819056012bc087e4737d0218d33106affde,891,201,1092
46b2bf6667f168fbf4dddd9965540595bbbaeb1825f2dc0622e02ec6d7ffd974,1556,460,2016
2def8edce0022657b76d6571224710cc694488fb35799de3f3c9e14237490f2e,1496,285,1781
52616859dc387acb74b999a3f67d5245f9d7dee45a7b0234a5a38ab4232a1083,2346,577,2923
40b5e8bb144ec9fb33e88d2d0848bc34c1aff02d99c3afb3b5de28788cf9c440,2287,548,2835
8ded655bd646b59cc06cfb9d0711209f6f5828a38944504a30e94b1d41cd87c9,1560,665,2225
d53a992722fb2b7e67a54ba3bc6a17fe0b4873f64f3bbfbff1e685694ca0d3ae,1081,366,1447
ce7f0a65a88e92e8e23b3ea33a83c3de6c8a399b12795cc3579957ee8d416328,1205,315,1520
a84b8ffeb997fa09c40f17934b511950dc818dbf191295f88ae0e00c79baa3c9,957,284,1241
e4001cac733c81042a049da999dfd9dccb77d6f16da05215e04a65ce000b1ce6,1655,529,2184
bb1214201d6ac42af384e8b609e42fb15210a25ca3514f63b90fac47548c43b1,1576,211,1787
8ccff433b15a9c04fdfca5cdfa7b52fe4678a1dfee6790c50ca6cffeabd1988b,1120,207,1327
b55430a5feed3accc921df2cedb9c56f17e37e1365651bd4f07211b27929b4ad,1089,204,1293
49e33bdb2d115086709cd722f6faf116dfcb5adead74a82946385353c1528a69,1124,205,1329
f2e9f5324d6b9c7c41cc8fe838f484179f57e33a23a906cac623c83afe854f92,1221,205,1426
c09be007207e5fe2ebee9426cccd2d86c5b8e85e53674dfaaf805e5ea3bcb14f,1686,313,1999
1c6860e82621687f1b37c810e496bfe24b1afa8656c6e0fdf57ac1c823df2ea8,1287,298,1585
4a052008f2def321610528f7ed602c2ae6631564ecfa74fe90a877a014690ac2,1005,204,1209
b2484ec578e1c1b9f234bb5be7e92633f26f4df1f524d392591606284ed7bdc9,1638,309,1947
8745eabf8e76be00eeeb6e54d204414216f31170feb1a1998ab8cbc371a5afa1,1057,205,1262
b459f324ea0ff55fef591c19c30ccf353372c120f0fb60883a9bad258799babf,1233,446,1679
1642841318ffe69d13f03246314a3030618122a48de827aaff87cad8b86ef9b8,1185,506,1691
ad6aecf76d99337c91807a2dd17252578de248baf3f15cb04d2c9cc8fc4775cf,1932,546,2478
9853457277c66fc2235437bb78bd128a5bd6a8be30c8aa781296afcef1d5c586,1573,212,1785
c81c9e60e3a21b16f1d86b7e9bd65a4a3875d30d1b44fdf35daa933458143dfb,1216,212,1428
55e4ffff1d487490f57cca3691826938a4a371094bdf4637b1c9a71396287c87,1714,426,2140
88e45d70d6ea9606dd58cbc35f759a0b1152d3e77b069c16d27eee093239e043,1250,310,1560
dfe76c8881405146da099747831f77128854d372574e63f9697dbe55ab06b524,1515,214,1729
d80104f7a97b80836e37e3e4cc4100c54df44313a008f2729372b98c7b5b301f,1653,313,1966
953702ed951fa7c0c9d6a75a79a1767b7c01f7f79d79bd730789048078628253,1339,463,1802
e70532a026e06303511175661526582ce495a3af13075ce7e15862b6d88c4a63,1377,727,2104
6c4e475d3c7e1b8567a22bc36fdb8765efed77d6f2431f7e35d8c80f53abb7ee,1601,284,1885
3bb2fc2bd7efc30745735263de50db15416928f0ed2a346ef53fd43001b27488,911,281,1192
7eb207c63f7102974f10d1257c3441b3645be72de75220f18ec29e409d1e9c4e,2171,334,2505
89f50416788214e47a3bdaecfbdb70b0b4742ae5729db0cf38163639566694f8,1588,535,2123
8a749ed2f0cb0ab7bc529a9b1921aa3fc9fef3bc7992d386572c429c500e19be,1275,205,1480
20ef9c4e9568c09577e9120d38d7b46581c6c45106cd253b542642fa8a507e28,1048,303,1351
af65fe671824a6695d7168227849fbaf98f191a07f268c2e5641d51a5ad39063,1386,205,1591
73b1134aedbde9bb3c2d8cac28e04a9845b1d8bc0bd7a52ad8f0c24c68942e4f,1618,318,1936
eab4a01ffe9af066cf95f190305221ab36b9a8065b37a4ff648002407c99fd02,1124,205,1329
f70f232d773edbf462be88a4fde05bf281febe1c41a44b65a6da65d176aa8e12,1017,216,1233
69a73805a36f2f3b2fac16bd7672b7346cd7eca883450dedc3e57360146c89e5,911,202,1113
7567b53b1402e5cdde56811e70601358ba5775a307878063b938246aced380f9,972,252,1224
ed31dd591ad8b5c32df60b10d5f65dd4aa1d31a386a90f0a2a93349a7db025bd,1541,211,1752
a411f733b5b06d92dc9464dfebe6ea7d9240693364faa1947a6c04269194871c,1153,211,1364
cf8919e4c5ac38e00f30ed8a4597269938eea0a4e0e9a46b32942e906b957fdd,1445,307,1752
d80e68d98f11aba8b65ad9b52794f775b7b448d61801690ef185550f4746a5fa,1090,221,1311
dcd75c184406045858e7df4b0b6253dafc45a34c15746b7ff0568aec913ab16a,1998,664,2662
e634214afcb4d06b02b5a8b7c03d70ae8a08334de9017cb1d9442bfb8a984baf,1369,205,1574
3b0e330a0a7f2534d6db996e08980308f3c17b593fdef9290d214c949b441e12,2500,328,2828
3b64e29e674333574e02d6cbed372a56f17c417038c11edd467b69a53c712e9a,2023,322,2345
9c1b42aa9152413fca703184bcdff4c29d186156aa1b78b08ceb2466e51d1ecd,1359,664,2023
2b1b004b37957a59fcba4857a848eb03d2122cc895d4b4a5be1e0157b29f7116,949,215,1164
7887bc9b4983238cf454faed9c62a8db0596a86db9dc3de1fe9c4ee0db1aad51,1747,668,2415
3c672039faa6072d940a5cc7ab7843b388f68b262ae7db8f5e705888ffdd10f6,1224,522,1746
feaa600b435fe7c57cc16db987c8219f288396a7657113b4cff69c6dead7ccb0,1886,562,2448
812cc536d34a18b18982bd343b30630a4db46ba1d6081c03cd249401e08b0ddd,917,207,1124
f8ecb3ecece615944440514bc1ade514366da2ed660d85faafe7ddc43bbcc1e6,2239,628,2867
b38b3f74297d8958c944f35312fb4146e6d50d3da98d161c3904a1ace5e2f0df,1053,370,1423
d7b7f7ab6b3e10ebfd35052c0563ff48481fbd1adafb4e6e5e9ec18b624856ff,1518,214,1732
8c51d58323f2fb66d2c6acd5c5fde0bafeaaea9b8e2a5623da155e1c5a32dbd1,2145,321,2466
0c3ed379c6475ccc2209441e2cd3208245b7c8507075111770f58015f88c3db7,2007,314,2321
1b5f4531810314e8ff806bfe5e2dd69092699c9899167a7cd9318ee4bbb9a440,942,204,1146
5d56f775a0fbad4fd49e74cdd1a4770cc4808ce5ab4133ddb750340db8922eab,1949,313,2262
1ce2fb28bdf42753a597d8fe8c53d6424f60f327a79a051c8481dff08720e216,1516,466,1982
78c1f2e14aaa3166763f2a5a852b18c65a2f5d0ca62ee7829ad8dc80270f5e59,1124,205,1329
12c49a8888746009bf020d7272b89665b781ab7c544a9a9b01e8fadf32c76fb4,1754,451,2205
e18714854e90d4fc9be20d764869d233c15e88e8119d6d95b3240a02cf9552f2,1637,313,1950
742a5946e8c97f4a86d773dbee783fc685165249df34112d8ef4a2b0f55b42e0,1072,284,1356
cf845b63714d84d30a8d65f568b75396c3d2a12908d96d873d9a87508c2f2635,1254,332,1586
6cbf3d86f0d0b280a2e843689e0918658e3efa6ddff0745b0f6e804167c53b67,1000,206,1206
9d34dec30c6e4d69327d8e8258736b38db0229d226b615adc77b91fd6c0b7b5c,1046,204,1250
08e8bbdafba5aa6ee00c139647008548a076c7e00cb224afde485e3320411739,2328,648,2976
ff908e1b79161ccd10cfe8d33758aa145c476471361ad9ed5b8973abad1363c0,1593,210,1803
0f48deca637199eaf32463e13f035d591f1da83a10d9eafbda4766faf13e6f31,2277,540,2817
324dccc196c65c7e55ff88447d2c226da88d8bd19a792e4827f6bf94c8528e76,1071,397,1468
7b3087e3e52ac8087cdc0a2c31cbc24850e13da95772ebf47cfad4a74902e6d5,2275,318,2593
b65c4e28bf46623b4d43fa1314cdecd5ab67cc5a11aa0a5e1085386a91efdb0c,1337,207,1544
6199f99782df63d0b9c48fdf77f71c0f9076f048b8ab5bcebfb5af28e7affd03,1078,206,1284
535bd2de86825988f32ad3cf1cbd593912620bf94c0b7dbad1a7cdfe2803b7c5,1027,209,1236
428972c25ad0c7ce01643313244a14472121938c4bcb027ca6568fb42b8ce47a,1275,218,1493
ab7c837f2edd820e21b71be4faa17e33a62829e1e1359777ab3302b6e846453e,1239,296,1535
34f0c3dbdf8df4666cd5eea51cba3bd854aefc21b1274db53344d19b54f6f0fa,1145,279,1424
431b761cdef20deb78651348823f39be87f406f1302fc1da3d8d1beb458a6ef8,913,214,1127
c5c3ab98ff4445cd852df493974979ffc9b87f0984bd41bd51813d277f5f2c8e,1458,220,1678
224801538b2c48e56e698ecbb5b933f424bb3ff9704227a2c577fc4638845a02,1248,205,1453
7ff263e76a963103f1504f9c67fb7a98e15f5fcdc33e6fddda7fb6862bcfa588,1005,214,1219
5eaeed7638f367c2b47a3ef4a2f584f873fce20d663559a92389b331705535ba,971,209,1180
9004ec1f7d9cac6c09ce87688d731bcaaed4822cfd92a814a6c4077ae693ae6e,2249,342,2591
416c7bac5b9f4125d5b50109bf5fcd7b74e459fd3a6ea07c211a8d52e2911360,1018,213,1231
a9c9b4de901f08d8fef1d53b1b43e62053fa73b0d9a364d46e1cdf4cc0098bc9,1124,206,1330
ae7617ecca7ad13d8381324b47411de1f4d544fa7d75e0504fe197cec01f5d2d,982,209,1191
c9dfc04507b8bf58e7f84f9894e32733eed3d60a570816daed238f383f8c6a00,1205,620,1825
2d19340b073cfa90ab946e0f85987cd2281721d2f944d13cae30b2d3d789e3e1,1012,370,1382
2263b3905095c596118b9e36921e39b6f6a29f653d5f4a75552be4fb75802e7a,1578,343,1921
6713201cbdc4277693101efd1002dfbd19ba6b44d0ebb61403c5605072a6ba18,2293,465,2758
c0385cf6798e031a78a192d98938ff99e14ffd52df0eea9647e8825142be863a,906,256,1162
d3dd09fecab015b2d1b18d2c6f95e945864c8da05991ccaf07e6600a376c097f,1738,328,2066
377271a2b20a88defdb03f2f59a19bc43ad16c3fbdfcd05bedb71b7b82ea0096,1026,256,1282
1de38a48078028fc47ad866983b81fb5e43990c8ed12498a12c767f3d07b422d,1419,274,1693
196ae01df072110451b1582cfc1b8c4e07ad3618356020c8e24e65205b2a11ee,1490,335,1825
7d79cd6f008d65ac82d1712dc038bf46e933f8a3cdd622ec2ae18a05833529d5,1187,316,1503
40482be3ef6ebfc2107b40764a389811a5412d8789ec5bacfeca5483709c4e49,1657,324,1981
9b50fb0e008382f8ee743d3665745ccd27902f68ccfa197057f5b76d8bc50bf0,2202,792,2994
5452a5af48de6577d859e1d07f05e46ad6fd7540cbe9bb3a64425d13efa7cbfb,1536,450,1986
fe13e8dbd9365c17a89636c84763a813073cf51026ee2f12868ed9d0fd8b9c0a,1000,291,1291
3a0864b7d2d23a430273256ae45d0e02753425dd0202695697a4be8b456e7198,1124,206,1330
ff610b56cc674c72fe8f0221072ac0693319400b968b1b4a7f3ae48f69096741,2248,1454,3702
06e84f61aec60ddd27a699953e474bb3a6282b5f864358bdeae02c43e4342791,1076,217,1293
758db643b8ddcce94ed047b5ab589c0c35d294ad754cd5050befa026b392bcf7,1050,204,1254
ed2b54bb4c1fa913bf4d139ec07d0dc882bb735bdd98a68a92fe9e4f8b35a704,1635,322,1957
fa80bf6d6c54b92b94e88b0307acd5cd2096a784793447c2929af6908d3d4d3a,1187,522,1709
957b420955053dc1524ee9916273e0271ef99147e568effaff0abcb4932a1491,958,213,1171
b2abefa720f59c629ba15965c78319e686ba193d44ba92632d04be49f66d43bb,967,280,1247
57d8a66fab2a0cb33a89b568942ce49e161a5c8aeb26a35bbffe2657ae5eb176,965,370,1335
2b0e8bca17e79d702e46562b56ca645ac54e482f56bdde4c30e1035a3bf9e89f,944,210,1154
975ef4d65906b02f698aa92cded8577024acef6cccc35fe4a8e6dbe8014cb926,1357,673,2030
d67097c67efdb3bfd156ddde50d2114140b5de690a78dc015767d8356116bdce,1040,212,1252
93c7120277b085b15c2b1f3069e7653fb1683b73af92c7c00f6698fdab0091ec,1866,206,2072
4abf70a4921ef4add79437d8449f35ddfcdff9c851bccdf71a449e72f59cd5fc,1200,127,1327
2723c5675a28397a877c7c6a018629e6481bad642f06a65238b4f2df8c01f2c1,1046,203,1249
ba3d5cdd046624c661beb3ce5d2272b6f92c4f5ebb773c69c2ae29db4867b280,2263,661,2924
e4df47af05f3862b6abb4fe69ca8ed197a27aabcbe40f07e20e323002a9cbc33,953,283,1236
f869941ec08c7d50b02b2c6e34eee86f0866e264d2ee6916004ac1f9f8444ee1,1124,205,1329
dd40220516f07edb6b9f39e3140dff8ebaae932bde047059e6206fe8e0259661,914,291,1205
fe9bf4b049321702b250390e1c3e54e9ae7e51cff58554f42a81631bf31e0065,1273,214,1487
f806314161994255784eae8269fbaca1b3fdd666f44badb9fb4590d74bff84c2,909,203,1112
d53a18c063abbf97449bb1f7af14d1bef14052f095edc61c2b0f4accd5031313,1259,205,1464
26a9da07a2d6787bbf3c02fbbb0cd89d86a3735c9e477ed6dc106fa0603b74cd,949,211,1160
ab6217eeb8b9687374d3bcd7dc62342f52de1ad4d86c54173fce3419b5fc883f,917,214,1131
f50f20a581b839923ed9e42f8838b81cea290f9749fe3eb7cf8e837662fb7376,1043,362,1405
f39687b1d48a594f5dfa85676e68855873b2a163c6990060e001b4950d81d636,1570,460,2030
bc30b623bea5fa3b97bc901b0a355bc42ffffdf41412d328b54b0e77fdb65a3c,2137,778,2915
c658dee041df6c456384501a9d100c7082cce8968b33cf8badd81917a416d0c2,2126,551,2677
959be63702186200c482df28e8210374608d1b51c79b180a9e1d6af0a5b34c9d,2041,438,2479
253e005a946a4e7cb0e2fbfe5fa2e2c7768f7388f63b969ebc42b7359fe32469,1654,660,2314
faae493068fcee921c924a56e5a0876ad60ecc5e7daa4bdf36035cb4f8c466ab,1685,871,2556
