id,prompt_tokens,completion_tokens,total_tokens
74b1b24b33b5a1e585631ee1ae7dc0e8b6e406cac77681991770deda1121132c,1573,206,1779
4a1a705d5df0d450745e30c14a19cdd4781247238659068ac1cb4af00397e781,1111,212,1323
fb403b431a4eb97a792a51eb0e503184d290074b5b9b159628da7e0c8c5512ed,1567,210,1777
68c76381237de5b73cf1a10676c060b74af274c83d14efd49279c2d73be42645,1565,210,1775
b13b3d6b9380963d3ebec77b5769807f91d3677f5f9d3b69fbe9f56364dfcba2,1123,224,1347
05708cba00c02db52f12a98b32f6dc8e96fd084126e28e6b37a4d46be8b20ec0,1537,261,1798
d0f35a5044ba38348d894722219aa7fcd1684a0e21722791644c7a0f225bbbc9,980,205,1185
aba3645adf57eea8163d8c1f4ab268b4bff77690cde570411e01b55de47be6a9,1569,308,1877
87e518549037028bb4f5cd911206ef29696c3ab206468195cac136533630f5c9,1114,205,1319
f8f97df50129bce1e2a1a86df274ba1c7f2bb7c293246b6a254c1fe3de8dedf1,1428,217,1645
44e627042e131806e9268e97043ccc29f3dc61b5a48065d7b32868cdef4ddb44,1114,205,1319
9eb0bd60fa5c4c0c94d5561391039aeaad0759cac69162a6f8bc5c6b264028c4,1114,223,1337
7a2c27a40a5fb86e03725c2d96cee592bc9f12c34af30c7e2832f9ee2a81940a,1503,219,1722
131f26aea4ec59d37df2f02c4071ed5d1286c2ee5d95b53c5c753e7bc1a47288,1567,211,1778
53e97c78a6416af141b66bf3e240bccca86cfee41120f48023d6bd431cf49296,1486,218,1704
eed82ccf456607f95d51ba7a373c83d7eb20cb112de64f0f14b55c04f43271af,1499,444,1943
591eec9455004c99b1a652a88f5ec9e653cc4d74fb202ec3c2ef5db3b18c1691,1593,207,1800
7dd43691166d366a7806a0ec99bdf99ade8a07561eb38d293d81c97148079c5c,1405,215,1620
9a98d95b0487ad41bd9880decdd9024ae9cb433f0b7bff71e5c86753e1c5550a,1074,293,1367
e39fc61a5295b1453ddedd86ca1cf9a854e42c912a07800926f7db6ae75c7315,1123,224,1347
23fd4d89683e7258e3b3741619a643ae78d6d4ee6bc5308fa7db383d453391e5,1544,360,1904
6a86eff50d39de06c3c6ae8cab54a1fc538e5e1166ea6716a0a89d3706fa8bc5,1114,205,1319
30bdbcec8b21ca3d84c89907008b9289f8fcfb7dd835c5d132b40b79ca605946,1413,357,1770
a1dae39125f3b89d1270dd6fec71e91e6968de9180b2f59aaa17ed756a59e8c6,1114,205,1319
d9428165613d790ef0fe1eab12da74b91c7ada2b939a5ff7498247138c6d8cb9,1422,214,1636
e6d1e052d40cd1dea23d0f9fa07b2e6872bcb73e596c04e40676e8ff204ba421,1535,369,1904
7993bc8e41a3bc5014e96b716ce15954145a4ea30c3c85f58f0060d19797ba63,1301,219,1520
3ebffb6f278deaeaa08df588aa166548802be57c137156ee40a51633ee240eab,1152,216,1368
4fe077d6d7609566c0c180e77b930d2e098ed930ce4a0fac8f737993df685428,1123,222,1345
c8ce9b0b1faa47e2e39293b02b67f2ffa1951cf9f8ff48f784aac7b241705af4,1082,210,1292
6533ba5f49ed8f0b991f0716c5ccc3b2213daede5de53071f499ca3f7d7742d4,1127,209,1336
958cea4c877d38865bdee080b7152e76cc5d1b10a1c8149939fd0f137ba60ec1,1114,205,1319
306d7485733b22b95a2020595e96e7364e03518aa3ccb3ff74a350335ca3d386,1495,824,2319
bfd0af28e77b6baf794d83e1634a088ea9df5ba1c387cc2fdede553958e3c85f,1449,429,1878
c203036855096ae8e322088390e688094a50044b5aa4d29480cc673315e89cc8,1567,211,1778
cd09d9f259a0e85527e6e40f7e5cce637e2e2cfec80b4d9ae03e3a519ef6acfe,1114,205,1319
0ffe9250acd5bfbe0e02b1f3e25e8998f39c29f4a3772f86689802179774e9d8,1137,222,1359
bb75d6d8f9f4dc04c76047d3b4c1b34e38906e6b79ef2acbfb29e5d9b47c9880,1335,215,1550
a1223020aac6e0c9f6cd0faaa3367f5412eb327358085dd0803d59a543355ef1,1114,205,1319
9b5db5c50bc5fffdaf3d7749a6eba0fcf8073b188275f73e13aba330f8644762,1692,336,2028
2f47d736c203d8bbc652f14d7376c55472e874946f09a948e10c9ce230fcf1b7,1558,229,1787
afe554d36fa386469ddabb11b90a68e3c88bf63dfed8996a95bfb2ade461382d,1358,231,1589
abf47e6402c063962edeae30d29f9ed179b717690de3d50cac98179727b259b5,1545,442,1987
c455bed2baa95bebdc0393fb95427787bfd3e40cc888d694a6cc199201102edf,1114,205,1319
29329a03d4b1c71a00a78c28d6587ccd03abd494b3b06901f52a849254fa04ae,1519,427,1946
049e992b4eb1f0949ca1170e924f0f568c5943375cb403a1673fbfb208883b21,1474,210,1684
805677240b93244a3ea5544a74f75e1920204f44808c65e91a0bdf1d12ed09e7,1140,217,1357
e6fc3938d97d24d6a453b40d803a98fbac3549b8b45272b89a177b8c58326056,1436,215,1651
f82f5a92cc484800b4cc624511f8f4f431b986e8656fee5164eeb3c8247f8366,1305,226,1531
3b21f490e908d786bb3bc13c49565af1d710120d5df894b786278b91a9386041,1114,205,1319
3d7e1ea8409700665388db8335be2b5ad5933e392cdf0944e7326e423cd8d9f5,1379,217,1596
c98baa3b2fb01727959a271cacfd9880881bbc246ea15d2ce0440bad38fbee87,1138,220,1358
0bb5e91d909f866915ef775aca54bc9c6aef24947b38f3798f4e8dfd88904d8f,1725,665,2390
9e31d47676b6f256d4d8a601e9d4465e0f5af055e0f22d5646e6eed16eefa599,1289,223,1512
5be4393dd9fdd667f9bd3cf2191575fa3331ee540b39bfd2eef1306f9706f694,1114,205,1319
fdc5c83784c2d3372c0e7dbb9338db2597a5b7837ef639265a4350bd8df3ea50,2135,903,3038
b254b7529818c6afbaa5f9ffeb1f9782bef2e500819849e2215ace3c664fe33e,1615,546,2161
283f3c2642ae825e643fd693dee1ffabf7c880e37a1f77aebd8019ec46144ae6,1114,253,1367
63327fc2d6ce18efd6eadd41a8a6e8ba19637358abf961f63da4acb5c1906091,2203,869,3072
b0fcf3050dfa629f1f89629db0e0e9e157efbfedfe9d2a867d2fb270b92d2beb,1494,512,2006
1916a4321e9d589a59d2568a72685670f0d5cfd0ff18da61012de08ec0ca06b1,1435,213,1648
b353842b2873d1681f21f7ce4b0608776c70f8668def4a5199e96433d734d7d1,1303,219,1522
64b5e466debd678a959cbf9812f8d5edde0a900f76ca10801b6234f32d189f82,1466,214,1680
c1b442384089737b80e8ca3d6f3930c3361844e114e40a19b12cab94af1da47e,1631,549,2180
f3b7b7c2dd02186fc8c3c8a5d2e4c9f11f3fc6f2585d52d7dfb6ec87200de3ed,1566,211,1777
39e15b819aaa69a22def053f5f093a03d26356e2f00bf4a25f8330b5f18eafa3,1336,212,1548
dcde3555994154933a167c1304ab2baf9f6224e31b4ff38c357ffb0c7142aa23,1603,204,1807
c4ecc65fedbabd1c52377f9899a2a3dcec00e0365cde8991af54a75ce15fdc3a,1045,268,1313
35b21783d13b853caaf56fa83c36f4d31a19645302516f4650084817e864acc7,1138,220,1358
c2b73ba73c1099beda8364216a57d53e364f5bae12b23c4238a243f2cd4e3f27,1538,438,1976
b5a56d583f68c2062beac4c6942cddd04827ed50e53f8906f0e50aae3eca69ae,1176,467,1643
6fe9edecea87ac931ec66397bb8aa511b417d8f995ffcb8a5e2a5e7e05dbbfa8,1887,974,2861
265e8af1f883260dcc6e8dd2b8ee32953b50b41892844b20554ebbcb20a2dede,1474,209,1683
572b6d3804f900ac7989a4eebd29a0560c388232f11b10685f26a4fb28e60530,1111,309,1420
ac7a92c476b4f5cbf683fabf60a7549207a629db583080f0e6c32dd9eb8f5d7c,1114,205,1319
6941438ca19d7439cd8c2c380ae85e03321e9e8b71e56099534de92f14bd4e66,1716,428,2144
975ca975bbe7a78b4087938342642780c8f28d7f51e26637b3da84974c34e000,1571,229,1800
3d8714d5fdcefadf8e38cf8ed1790795bbff20b22dd0ab04376ffacf2cb65a93,1641,314,1955
bbf451f06d1554d6c07d649a5fa94f2f142b86d2c23967dd4ded5e72b70f5535,1670,850,2520
1e933b9c28edec8d43c61591b5cf2e1d3a1bc95c872f30d8d3d01f4bb69c3fa5,1649,1149,2798
38ca4c9e90546b412187cd006b9585bb65dae58647835597b317c922daabbe24,1520,287,1807
6855aa65705d1fd5631ac2c96e5339d905ac39d006aae0275b075a3d7695ddb1,2192,312,2504
4c93a7e9b342bae9985a7db2b814eb9c0fcdbf9c3a03a3b3361f608b21a227f6,1106,215,1321
1a4fbe0e4d3dbc5c9ba6f1e10e5c3f9637162628aaaf134101575d1d6bbc2f1d,1127,594,1721
0095d3cca25b7d52e3111e8c387daeeccb1087c7a8a2d44d742e1acd7cc3b9fc,1489,427,1916
6bb478ab88b06dec21858c52bc53c415e89027b711bdd2cb97b4af86c7051fea,1567,209,1776
d362be0af9f7a9ad4b9a9f8c34c57939b5088534df02c91e44fa9b16e6b6d92d,1114,205,1319
41b81237e2fb4988fe5174887581918bccd82024d6f27c4891ec7ac1720459af,1463,541,2004
1970b126569e25d04322584ac57545e7d9bd0b41b49058ae5a414e9e052d1f1c,1427,226,1653
5a3272e293d4a1087ee3841f8bd170bf4aabd268c2109ba59ed02d8c24687870,1164,225,1389
beee30edb8a73fb3ad437dfab6d570f2c756fe971c4ddeeccd0f0e1955247fc2,1567,210,1777
d4af2f0b700621effc1179b30ad2da1f4f9eaf0061ad92fb196b469eb9386136,1214,212,1426
28fc106e014b68a35ae3c3e1c17748d5109c796e541231dfad6c0377a1818d76,1292,208,1500
c0aaabf63199d427eaa5158501192faf3567afb0ed27ea0765f58f280584fc7f,1114,205,1319
718bd0c8802079ad68a3806bda642d8aba59b133776ff7b6e9160e4210750dd7,1480,360,1840
ec0c525aec2d778555bdfc9718efaeff74e9b703b53aed2a23c172c79981cf24,2207,1148,3355
779f3e7ecd027fe8f6a5030504455cd77cc26f85f562216e52cfbd25dba9d912,1616,422,2038
272fe7755156f5761b021a337e05a82d6699e8f2c2a94eb8507e6ae78a65c4ea,1589,301,1890
eac984a4f7aeb35b3547e3415746dc78ebe47b97299cf4094f85070a4face7db,1574,358,1932
0dbdd992f632d84cc085c474ca4dca8f09becf9b0fc065ceadfb5bd5ac821962,1099,216,1315
d1ffd807e475e6e2ccaeedfdc562ba1e23fea0c0c2e4dd8b153fe9a0e4ada2ce,1106,285,1391
e70b088489d228cbb5867630abac75c155734f0318121a2da95c4ce3b06cd04f,1526,425,1951
3d17aa23d6c4e2ab614f9bd82fcd0f5fdf44cde9273a0187c1a6d29735ea0b96,1601,206,1807
5d2b19e4eec909d1ced1ec73053a5f1791ff8792dbbae6f9cd2bd874a89859ef,981,290,1271
78e940843ca930b16db6c2f1045dc1407382d1aadbd79bc232a9af88fb787f11,1566,211,1777
9fea0af6ee48c49bdc8b4e7e2868286d4c3d4e86c964b8c51bcf1a286127f532,1550,366,1916
c360ae183748f0d718b24d9d8342689ca14d104b232ae198594db76b1aba7069,1114,205,1319
0a318d014a212d3eb184f520fc1f7428559a66e0512b54e2eb2957ba5e31a894,1567,210,1777
00c847cab331e50f9c86a12bd7fa481cd20c3cb3b3f745bea0573872291a524b,1120,209,1329
6cfc2e22e1620bb5bc1396cdb3f4f2b68a31669688c318f55a636c5748d8f656,1030,294,1324
9073fa960371e250598fc53b21a20158b0e30b5f58d8bfaa912b24ee3591066f,1135,205,1340
315b12d533b177dbdad74e5974be1b7c648f2ba607bad9d7f3381ec45027fc25,1533,208,1741
f36fb6d33aca79aed3e37f83c345808dda797cfbc4199e08504e8bfe17febff5,1023,216,1239
478f1de40fcd7f7153400111986cd78b982930b81e6ed5d99c2aaf55df6723cd,1114,205,1319
e21c3e4828fbc7ecb3034c6f3fc99ac1c79fc7c8b963a3c1ef92eb03c024072c,1473,429,1902
60f750b17ce378a80e2f9b18e5b52b6676e883c5780093688a76fc960d257412,1114,309,1423
cf83f0e32fe761d5b8eb5af2a4e2c9fbde5f282567c100241c657eca4891f951,1173,206,1379
7c99327d08684fbe1ea4ec8da611f618dba48875ecb459492449da2494a83788,1642,308,1950
5c0573cc770db75acec05639f24001712b1f1fc45c3876b07bbab54f187449ea,1259,213,1472
88bffb2f97210b387830a44742380f7fbfcf94b009db2de5d4484a8ce6540978,1114,205,1319
6e1b3128d332c687a81f15d3f806c86eae923cd561a37734880c9eb678909619,1602,206,1808
8d69339fc57eb9773dc454c021a59bcb944186e17f540c4f5b2551a8be4231ab,1061,214,1275
d130f424653ad3d4edccb9d6b5d033165233b88f08c2973ec1f2b9364e46bc7d,1531,278,1809
8975f1ad6bf730ffdb8b53c91adf3c6be1a400b96b8664847970b8aedfaa123a,1114,205,1319
608d6f623eb3c044e8994016590d63b0f9fe574fea056d50595675833ed47333,1566,376,1942
7850b5d053525b36afd97de5c51c88a98a51d3e4a76acd117c34e25c54a8a5e6,1586,287,1873
5fc2c6197bc3aaf39bffbe52e2daa72079be0453f39936a39a24b2b57a2ca9e5,1114,205,1319
a84ce4a5393b647026b0e54a8386b21171ea90ccd63fe5dcfff1683226291051,1566,209,1775
e38e7f5c139446addca446fea76b481bd8926000c8db71f5028aeba040ebbd54,1030,293,1323
0ebe4bb44f1e855853650d2d880faafc8b51793321c03ef0927bbd6972f7bc1d,1052,205,1257
faeac8277f0316184eec95eda444abb6b2a10b8ad722876e666a5379fa865498,1175,207,1382
268ce7abbf38445146e92ac0e08ff12622e16d1ec9af3fc49ffba7698d82debc,1511,352,1863
f675374b864a540acb0a3ff0c4b824a654f115ea0e523395dd979bffcbaf29f1,1493,575,2068
e05e357eddab99f9e2e512633ba1a9e49ee8f855fed3878b47e8f1c4e93e1a77,1213,472,1685
bc3cf9aec552a965bf0e36d56c8eea2e8e74c66c410234a9875d344fa2f07182,1338,280,1618
d4c1338add88fff184da4e7c34219a63ae9ffce682cbbe80a4006082143c60a9,2336,548,2884
966e1ecd0f24e7cddb8dacd581ec35e26eddc87bd07ce4fade339fc40af60f24,1123,285,1408
6bad64918cb8eef48f06fa2c69242b62700c9781d9df28733d6fa6492dbf9358,1114,205,1319
28b6cd28b051befa0378d85270e112898a1bcd7d97e4c08e7655eb91ede6c43a,1567,211,1778
07f268331ac7b518d24020b2a71276b3eeba80338ce7d5650b57c4d213c97ac1,1612,208,1820
513fd8d94bd1b703b14da58cdbbb2b8f8376e9efa79aa58c2c75332ad53d4ebd,1580,206,1786
0afcc680e36a29a5acf2850dfd62f7b93f00643a20899606eb629c1907f0413f,1641,750,2391
abbd28c9d068267edd01eab428fd2e01179d00898bfd691ed8644eb4801bebdc,1465,255,1720
aaa86cb8afe602500518c5d0b2f93f0723a4c0f468c6e33c57d413f05a6952fc,1502,281,1783
f888494c1f253007fc8dc233c18015591d1b8f60e9750200a3b76d560593504e,1114,205,1319
0e68520e13f0480bc793206e9e6ec0883b96e5eb84c176fb984c85334ef8bae4,1564,211,1775
f5e34ec37e651f213aaf3b24687cb519be03ce8337c07fff8cf2d111a4562647,1061,206,1267
355229d3aa8dad315849aef2aedd4f514052f4f37f3d6adb1759b84be05dfe4b,1787,450,2237
a51ecd1b3bbc536b5c5b4b2aa2c018088d05ddbcb551a8415a63c087110839bb,1114,205,1319
f70c70b0c9151123ada1f3ee718a3c1f35200815b7bc2482af0c3ec203b93784,1470,350,1820
49e435b2a8419b82187710666dc94055a14805af8771e0ee2a72afced5359bee,1860,1523,3383
6538c87c3f413628e25e5f5816e7f90c1ee60b5bc83d0b5c33eee4335ab0cb0c,1114,205,1319
d2d8e41ff0034e0b61112aaf4312fdbc515f9bfe0d649693f7a49e2eeaa7f55e,1057,295,1352
c8a71fbded7943bcdc6114e7b2622386da944bf479932ac944805bb3ba160239,1174,316,1490
4fb9fcec8621c5a0baf97307e93c6f20455e1d83149a4f4a3a93c78f367e0f03,1601,568,2169
12782b60f3505cca104b79aeee16105842e54e5a535dde61619e929cc99d4f5d,1500,366,1866
5b6aee2dce40372086a8b6800a03ef07fd8ad0350241aba8d498d6fbde97890f,1198,664,1862
cdb8f6642c339ad4c5fbf1faa572ae70851fee3b2c45d2cc5296c93693cabc40,1570,556,2126
3498b3c441db8a08b2be7ecc00b9a9cf5eedb2ea8cdc908536f00d87fccf2c8f,1201,309,1510
3d3731f7099710d16782f414103eb63e12c91c5c083fb9a3444d4783811e5970,1567,211,1778
fe2e1ce764a3b1c3b185bca7205f56ffc6b4db0ea235f1dba5261b7d683a7636,1292,473,1765
c4e521435bdc1c1952accaac4bc3d52ce15c436561a629bd2ebed65a346e89a7,1528,712,2240
bed3228cc67deea8f5829d2bb3c076493cc677fa23ca82a07b118466ee835c72,1032,204,1236
4d4f7cbefbaf27fefbbbb6b7637c93737a2ec97e41bf13b2615d363fb1674396,1828,1109,2937
9221c9e8e596adde898ba4501e4fe5fdb7ec85759e7ea2e4be28b07217703b67,1541,436,1977
a925e83a6a02fe9334058147232b712d34c863fe66c45bb8557753804346e6db,1114,204,1318
2f55eee2de9ba0d616683c07b889b99f7d99929803981e7bbcd4677ac8f17a8d,1113,377,1490
83d7a700b89c4bf7fc86449e40973c715697200c6901f4ed05d3f07c426298c8,1665,419,2084
5fe166f2e63e9ec78554d517b30d254f90d87fb4eb482c8ecf787bc9ee42317c,1110,446,1556
de8db606f63717b98625dd578fd233b9cc1af28982a4be453bbf95b973358aef,1585,281,1866
dd2aa46144824f1e39053fe1ade40f83d545dd3fa7c68ea640b8f5f87aeb3a96,1562,207,1769
43932a69dead4ed1c11976f3a055cc3591e16cfcb1b78382fa0948d3c357faff,1573,351,1924
3f6a8965cc8a4fa76d5820696f8134e591a4cf2d8ac395c83aeda295a459d6a6,1224,391,1615
cb147b1877f1a9728046dac35068c4fa8b3f5a7245542665a000706508790037,1457,209,1666
2f4072b7bf18510343b409fa6f7f23dca3c8accfe707acecb5058408e8028cb2,1084,203,1287
b2b18d6c5fabfe57d1cf56347b59f25cc0175bec1b9c8d97c27443406441c53e,1567,210,1777
fda9883db06d780bb239c341511d600e3681ff9f3833ca737497c33a057fa086,1137,451,1588
22f0de97a32010105a64c1991390f9497cae76f4a7caf3848b590aab3aaae4b7,2355,542,2897
372d5e7f2d7426a0a403baa1c05a96466f0533613b6d2642a4f86d213c9da4dd,1114,205,1319
e4350552b1706c5f9447b81c61fe502ef01f393c192bce374cd2174f553d2e57,1140,276,1416
f3847c210c30f983e5cc8ae041fde5a53e814fe26fb44bb7dec53278128e3a1d,967,417,1384
ad68fbfd7fcd53e3a67b85acd53ff4ddf1020d23533f513545f1efd5eb9ca3e1,1411,205,1616
5bfc517e1b9c2ee652b806af358879459fa8f39b0da9cdf78b8247bbccc5578c,939,212,1151
975e8ba9c0153c8cbfc7c5c7c6fc0959e0d080125bc3ee18f714a11b0a125962,1141,858,1999
7624d24af777f3a317229ea598217bd4899dd25fe36bf86023a69f6c24d7f1c4,1289,209,1498
ece3a9804aab159365c3e31c5db3d37e3028616b2080fb96f4470142261bd8c6,1565,211,1776
dd079b5619b93c89be48d9c226c5ccf4f09ac48e29fa1260bcd254a9ab47d352,1114,205,1319
5280cf6208ca91cb0772a220cd9d1e9935efc1b94c0ad43eadbec39eff13028b,1330,215,1545
9776b29e8327da1c953a7b594fa192ff7b9d13c20938d2da23e5be4248dd5dea,1033,436,1469
300cef10eccd238fd8e806dc21b9527a4427901986a0b4985d23de64307b65b0,1297,207,1504
bac0cdd316b71f78ef32dc62d1acf8c7d83e8b478bb739d0bc93ff383edf7ba4,1033,284,1317
0cf35490d7f67514805b571018d0bfa1df7317a247f213af75c501aa5f4c1e91,1769,391,2160
4f994027db11b3030905bd879def36103854c625d9f00caa434c6bb488830959,2338,768,3106
96ae9b2516dee10980adef1c6b25db36401e966633ab9af765fa99c4dcb62337,1604,286,1890
9eaa82e33d774c3856116fca0546d66abaf2d0c3364955638a80ae155f841abe,1377,206,1583
fa643f50122970787ef471f8dc0f0241c680a15111716346bc49633bda76c22f,1122,215,1337
58ca7ca5557cc1251a55962441f190d833b3621841050deceb126302fccb64ed,1405,247,1652
4f7854dd8c8c6c3f1da7954417343679d637382056940888a208543c10e07c51,1568,358,1926
f39a4cc73fc99cc14b71df6c8fbfcdbb8481929e19ffdca4d164259a296d9e65,1869,1519,3388
af39fdd2a7bd0b017bf0e4a522cd6e27a28dc687515d3a0de4e482283938399c,1711,317,2028
c6e19bdbd5ffcd91b471362a35e51d8314b5d0be23eb3b08d5a9b076654cf338,1199,200,1399
19d9432e85393a87f5f4a215af527005dcdba115d5819de7fe2a85e1794adf9e,1450,208,1658
2f08aa299796ac25d5b9a9aa47617524a47b38f1fa84b4743a891bdd74e04fdd,2252,583,2835
dfd1d3e932a3380d6de369ef3719d8b2812a7c6699b7413b8e2ea5e86b8bdcf9,1436,599,2035
5c80d078b5274a32bcecd01b6b370f140ec39d0afd801ef7ddbf4d5d9aa37253,1114,205,1319
7b5aecb6a2fecefd6e6831e4227dd86fbbf424d975f92c37de88c6f88d63fb6c,1406,210,1616
5eab7e81eb41781d87de6f23b96bd2abe15f1ffc603c1113120b13f6850b3da7,1431,432,1863
09275d2fbd379e58c7307621d0d611a4e76e5d98b1102a864cbbaf7b24d6c6a2,1513,222,1735
3ebffbd682eb648f4f5231d5d16fdba3d20565af8923bb49f00f13c015c0389f,1544,245,1789
be8ddc643c4f474555ce949cfdf8726d0a43813c20361c0a0690305f6bc6351a,1503,395,1898
6c888d9bd838b13093150588c0ab37dc96062ac698a312849184f618992065b8,1507,210,1717
774ad1146f7777a6e35646a62829554b54342226cba1a1a7d6b3abaed734c9a0,1639,629,2268
dce6c0b8332aaaadf4e95cb6a380cc053474288a4dbe4bb1f6da571109ac6571,1554,370,1924
c39077c75d1b9f953c924a966fb5d374db6aa11908c1c4fe789f434dc72ee65e,1614,254,1868
cf0f3a843c56ea2516e2c8630da73443e02d888e371a39b3b4019d0f3abb5ef2,951,203,1154
43aa40a70fd68686261dae206cd8d0c7c2122645d38a4cde7198347340563f51,1563,210,1773
439d9fdf0e5da98e384fd86813418032b1b54e6520cdc53e759bc14585d2a9e1,1510,457,1967
9fe3f8ff019f50ff15a37c074294a159ca3aaf5a846423cb2103e9d08ddb22c8,2204,357,2561
d3952a25fcd9ab0f42ace13a6e7cd819edf81cc3f9855680b7392e7edd8963b4,1711,1570,3281
85ee752e4581b38d069947eb684ccdd508a3345536068d1abb6a74d53fb1a89c,1035,204,1239
c5619445b213ccfdcb39fa57c140ae130cd7f8740788053cb8310006e05d65bc,1265,292,1557
f970100197a8c1a7cc179ea19b0e0a9a618a3a7ca42f1add10e604ea13a86f34,1113,205,1318
9f26c12185705aa3b2e5157e044468c7fd8b3f2dc117339b9c6be53cbd004f82,2049,317,2366
5124545facc9a25263b9ff72eba3933f1cea54095b2c450cf2947cb9e4dc7305,1651,884,2535
fcba70f7b81941a7e3298a040a168eebda7ed9b532c70e977744e6a13744f9ce,2086,318,2404
cc769a057872783583cda3f17e4b8114d1b9b92408f310bd2bda39602bc46986,1285,234,1519
18a2d81c101205420fe1bf9da698ac3e0a6d1029bd521da5d20cca5fa0b4f89e,1457,452,1909
45dacaad8de492d5a9328ce05b8beca1c32e685d89053fcb4fbb8e5e90bc1839,1845,331,2176
caaff318842402eb4b3fc3a39f37e7a758076e083fa5b764b4e9faf01b433b63,1039,290,1329
c5cb6e4037f71b25c9ad29983d2184ea20661da5c8113db7eacdcbaefc4e849c,1484,530,2014
ce7d1aca425f21b47849c080bc4e712d60827c1f6a8d29e9b3183d28f81370ee,1551,803,2354
0618e33e6f4a3836974751dfac6a3568f06a58922b17a6f660c940a2d732b18a,1135,204,1339
0917146fd1869cc19d19635f749410b3233aa5cc62f6809616611448882e7ef6,2229,802,3031
42ba0343d17a92d166f056235c6865605b13a0239c2036f6bdd4e253d3bb31e1,1615,315,1930
f83dc495475cd0674184767198ada66e411faa7f8e6308bd1ce54886ab0b6300,2433,868,3301
de5f16ca2185a3af1c4646cfaceaefb798b47fe186de7fd345a4c63c028db8fe,1114,205,1319
7d386ec9a6b2c4860633ff1ff74b1f4db729d4ff6286bd1173be5ad74a5ddde3,1571,230,1801
47dd1084fe091a753c24a21d4c24bb5ec02bb8b6b3b6e96500499525bbf354ad,1566,209,1775
13e50b59a91c7f73fd883fddfeb6e87f14b1efca62cc644c7954d6bfd2edc080,1399,202,1601
41ce0abfb3de51a661400bc2f67d1b53d86a18088bc829b7dbb36e3c698d54ed,1657,642,2299
8e0c67e19890f5ff1fdfe3cedca9f09bc982f6dc0187cf7a21617bbff930a5f4,1460,361,1821
d8de73b6b72a808cebe476c50c517621a5beab458503614d3418e4f8627799f1,1027,443,1470
3a3776e641a1238453dc88e8736789129d9ea14a9b16c2dc7c5e20dd4c4fa7e6,1194,202,1396
371d76d8ac62b744e93240afed2c96f7e8991e155df9e7365068c2c144bd6eb8,1001,212,1213
6c5a8d596b5ead1976abb927f998647bffdc7957c2ab3d12f65457dc4d627785,1497,388,1885
650a03ce4d46c3408948fdac7b38c89072c8172df3b3863cf774af483eced72b,1443,362,1805
4e3f45340cafd2cc9f770c96096bfcaa9c82471b8b5a19ef06edd22590da2845,1903,608,2511
91ddb85094d02bcba2648ddc5d341af2657e3a14b4ba5f323655125a5f083c9d,1564,209,1773
2930388c9efcbfa4c38180bb53c9eff1ec9d8d5ae398b64745de576c96bcd6ae,1114,205,1319
df449cbe7644d0cf964f9e976d8166045ce78a62d18cf1eaa33bbd7bb5fc2ab2,2023,675,2698
ee15286e63e61dacb5008788b736eb792fc4419955c48b3dde31c7e37543c7a6,1021,204,1225
caee1f63e67a13bf5dce39306bf973cf402d82fffdca3434b472867963e2f65a,1243,1013,2256
4b19d207ae18157c48da87289e7c16d7d54dd3a066d8973a3563695e2984fc2d,1013,202,1215
c2aee3e5d311198225a0a8a4065c48593eb4f7de8e5dad8d951e78ea97c480fe,2016,1258,3274
44b043cfa3f5c23457f1279873e292372ed9f1a54cc9a46fdb1547d066753b1e,1910,1585,3495
56c2d30cfef4de040c421c631fd56b838fd967bde06283e5280ac3d59a67e905,1114,204,1318
5a02faff267792427b7179badd91275946f2600fae2a15a2ab3c4c8b69c50623,1940,315,2255
6200ad1acac76bad828619080b2f395a1c58bbd515dd81b92fbecf9137c723bd,1526,580,2106
f26f304b884a243b60e2eae6ab10b25fb01212022a865d663a42b89691094101,2392,557,2949
2416251db566b00844aa598a864826b58000dd51fb22bbbf932305788fe1ac01,1219,218,1437
4fa721bab6b0e8c30a0df85904bfd0d3f2b223968c0195206874986feaaf37e7,1567,280,1847
25622ffd9ba6161a2699e35ba6002502174fea60ea2760b3f49e7122bbd7224d,1343,204,1547
a58aa6c4e211e60be57ce9e8f8da36fdaf3770a0466660c5068156468c8f0e4a,1456,433,1889
09b008c7e45fc9d976e59bdb3d4e38668cdfed2dd31db5c0beb6a3461674223a,2332,1641,3973
f680590a022013f3a8799c53587b1e568f78f5da8ef98432ab677fbca4b9f908,1282,357,1639
70aaf3e3e048ae69267d0d1c97575b82e6ac7b6862bb2247ebe42b25bd81c826,1858,438,2296
712d702a200024d8d79496d56ba7dadabb9aa60da190fb84ebd0b98105328305,1659,537,2196
a48e654527b75a59d1fd984378b7a849afa92ae776a8f5f79f1f6961ed9b5c0a,1588,436,2024
c07c2b72737700d234696c36ddc7aefd0c6a3bea084793b6a327d0544d59dde0,1879,1560,3439
e0fe8d5232ba46484a0cf66156d1a30f4dc1771038bdfd93e4420e91f0a75c88,2186,366,2552
e9b941567dbaa53a877c597427e8fd884a1bebbeefe54092245aaccd4cfd7955,1155,361,1516
9420f2b34c84c9d57d73dbef693bad38ef49875a71ef3c4decb710fa18222a57,1146,135,1281
49579fec7ab5b0c339cf5f97c2fe1bf080eaa5f89dee3eacedff22c134bbb74d,1573,597,2170
baf9ce4e172e7096c28c027f94ecbeb1151430c0744fa3c8a90f81bee0167a33,1114,205,1319
75c8ebb586177a25e46a1b1b16235385a773b431f20da9747aa96a271e4b66c5,1394,210,1604
efd5b9151cd7a79c5c3f78d7e7a11b77efcb8e6d1945082137f434daa88bdf8d,1645,621,2266
a7f5625d3f8b3d6ac57efa4cf98b77a11314aa9b6a51e15f4483b24790c85f44,1230,202,1432
14cb81a45ba63804e27687aa053ae492a9df067d0b3b95c283369652a34c4a21,1091,204,1295
3d3fe45d94d5d6e11f368f49f35a626a5e4e0669deb1ad8f15cce79248eab30d,1411,205,1616
9e7fa8b94325a0f57bb247b75d88582cc032721036b893fb6d660d742cc5edcd,1401,204,1605
a0aee1e0316ea48a6f6c951daabc1eba04bf256b046e2d7e21839c66de03279a,1492,368,1860
f9c64ef13de4d5f4333d3a205c7012e5f8e00058b801575ee2a126450fe05924,1114,205,1319
554e310fb2680f47a0f8daf4d983cc574385aa23ce12ab5f53806d30cd5aae65,1893,914,2807
76b77cff89f9e6b2b6cc2b7aa2770df3fef808944fceb400c84aa1d970153f93,1644,325,1969
ac9f4a0170d419ed303562e1ea908e995a9167cf9f714d40cec36df5422cabe7,1330,502,1832
195b95e98ec401b73f60a5fae8c66be96073c73da8e1b1de6d0bcbc3e8c56080,1569,356,1925
9ad0faa2eb7407cd473534e88e59c1ce733ea150a676ea74809001b206ed9546,1585,372,1957
5c5ddd4388585df51975f6678d5118b423ac7c9257d94931f5f58aa36235f4f2,1083,205,1288
bc657622363df18cb82a7269b48481a18d7c6c4e5a65c25913c2f5eedd681d3d,1982,958,2940
b62550a5a599d99172b727fe5c1d27b290c438f458b8e82d075881734aadc6ec,2055,1974,4029
92e0d11e09595205bc8e6ac1859b6237e78722f4d15c8e928c03e820b90ea117,1348,142,1490
39a93932650ff24cb50959b612c3154af2d0cf96c1a557083fc9776915493b67,2086,311,2397
9bf4313fd3e5976793e9ab0ccf36033674eea45c5ae6926224ff220f2fdf03ae,1501,421,1922
291ccbc4fe0c9b764cd1cfef02e2d143972f64fab78d53ba5f53300606cbf943,1567,209,1776
2db0622e06029fba56d7f9b2473710aeca28b35ee703baf228ddf3d489cea72b,1576,278,1854
303f0bb2f508dbba3188ffa5dc86d96fdffefe50a04b06c1dd410732dd19e028,2001,911,2912
d339cc13ea3049a04bdd9dd1350ff68a4f627f6e4014cd865414fd7d784bca4a,1355,215,1570
1bdadee8e1297511456f8f8eb43704256be72395d6123571201ba63c569e7aab,1154,213,1367
3edf47326dcdf06c53724f9f30bf62d3b1c391283b464260669659a6ab7e2069,1463,426,1889
7f744341a94ed6274fb10d87238475570ad05226fe5e5709cc0708945151ae69,1114,205,1319
346ee4a28e6f7d69fbdab28182bfa80d7e09181756687669735e82925f3c3f3e,1114,204,1318
9af7d8cd171151dadd3112f260e77a73cd15dfb69cfcc0ad29df4f8304d485a3,2357,1223,3580
ec26c5579099e347e19a0b31e55650c9c7b0fdd8951d2ef4733e102592d7dc3a,1726,1008,2734
51e53dea593476381263a957c36281f3ee9d3cc574dd543cdf238b72a78e8d09,1652,497,2149
6a4bf2d92e46b55aedba6117d64b2cec050f74f8646f59cbc9814433f3cd7e50,1566,287,1853
84cd89a880f9fc13d32febb17d801abe11f1e0efe24c89dbf78c6b0ed181ab95,927,204,1131
daf57716353ecdf75e33e73d13793ec168851054ac9f28831cc4cda843876cce,1079,209,1288
16e0cf9940cb0cc7d62c3e9cbd6c23277302a6b1a04a3ada13789536efdc71f7,1257,382,1639
afc3f8d05993b655ab1884ecc4fdf4ced9d357518641fccbe660618bcb4fb44d,1567,209,1776
b9811d89b6a5e1e34def9467e5b34cc95b3cccd43fcfeb1060974fd2a961dec9,1313,387,1700
5673580bc71a431898df583acfdc457c9d7cef93c15e94ae151f740bf121a0cf,2290,1564,3854
b79a1071ad7aeac173205184782957ef824440bd70d4e552f93231f9ae457f99,2399,775,3174
888937962eafe2112afd6d9344aa736e95efc7be6ed89939f12baba6b02a47bd,1441,211,1652
4df9692614643a86f82dcdb5d4c60d54c5415480f11f0424248246fc50f8092d,2106,1063,3169
d8d0948d9122edfbd44d702bcd5e8384b1225700224c383c21d2e584a0a416f4,1540,360,1900
af4f7d99a51215f66523da754ccee1b420dd51f2404661f64e7c33541187ea05,1114,205,1319
78ec01da8f363e238826b7015df55dace6dd00020bb40844b498671093ad348e,2213,2335,4548
bb5504b6ce6a74f878c827c4d2ec021a3309826fba51ac954dcd0369d1fe7a7f,1126,363,1489
1be8fa4293e1d80949e1a3bbfaf5c8c1fc18d614fe91665d14bda306c6785e7a,1566,209,1775
79f42d84d757ddd237e423fd2cb128d8046688878b7c0834d37e0aab62174b2b,2170,321,2491
ba1878df09e9698bfc2bd683d3582504a351a8f81b9af36ade0f9aeeea707a25,1383,378,1761
bd990d0a55445ebe8399980915ac5980939ef4f60b517577e78a2ddbb0bbb48a,1410,285,1695
bb9fb3ddcd165816c25ddfc58e7cdbcf0f1a76b6a5941716556fb19fbcd1ddfc,1444,381,1825
e20240eb2c2c8ca1b0b4de2763ad18063f67afc5891f0967332e15703a8a3680,1696,320,2016
dd56bfe4d8a89d30c0a3a3581fd81f92cc8520365d3826a6cbaef72e869972cf,1893,1050,2943
88b6b9278857c95cfcf6ed034dc00a6adeb32d23c49210868e13660f8a14d8ab,1114,205,1319
f510009d2ad8780cf61e5dba58196c0b6a0182e1d3f10215bd0eb9464a0d362c,985,207,1192
b6f517dec5ef34a22d1efe7369ffdc954f42aa6783153c4c7f87563298c3fc7a,1564,209,1773
b720a35e20b1925519859fd2b4a7609b1406a0292c9daa91553f873b1da22c81,1556,202,1758
ae5d34fbaaae3057cbc4703aba4af2bcd367640a4c34244bb24f7d0979bcc91f,1551,435,1986
08423c3257d36fdf853b7e18e627eae619983a5d20d8908ccb8460bc3a1c141a,1519,425,1944
b684caf9aaf22bbcf941f47e4108ce57d6cdb7bf69b49bd9e88bb1dbeee9dd88,1671,311,1982
85d2e5a4b9598b2723a6faee7090e9a9b200010c55d5c8fc4f764823180ad237,1833,1074,2907
f98c4b436b8580d147fd844e7bd79ef04da2ad122f59fbeef00d1a87873af8fe,2313,1541,3854
93d8961da1c6f3bfc933a9ea0e1db9dc7c2ccc37e8a4eeccea8fc625325641a2,2241,317,2558
d76f6866562712b62c408830648effdc989435dddf43956de6d6b1fe9490f8f2,1103,202,1305
2227fd79d28a85184a5813b1652a3df42ede80de3585a420c7909a2784bce74f,1114,205,1319
628db53831324980a26189e53cd436cd99ac98a05298fd3d1a105c35d1bb85a7,1171,199,1370
a03142541e49649bff85e32e2e85820b6a239731ec684b7642f728961d5e0d92,1503,500,2003
f8841dc5417ad7df52268803b95459f19cb4f2fc7b18cfa43a53294ddcbc4d6c,1987,807,2794
b32491ea227288cb62562b96dd92dab5a85c3e3cd865b29f7e1c6ff43499809e,1370,356,1726
40e9c233f939c29db592a29ed977addf7e1bb4e82243d8cf9054d019e4ed063f,913,290,1203
0505ce9a4abd5aa909300b47bc678d8ff2d7ce9c28c4f264798fd7ab6700b2cc,1911,1363,3274
c61a1f180bcf3d4411c55d45fb494d2c34ad13912fb2c9ad65d797873e8e91ef,1154,209,1363
5555ed4bc4d7a388835ac34b5e2f10f731881a57a8650a7cb171fd473f605a93,1154,204,1358
f8c1f0a2388fd9d6c1fc0b97fcf0da45c8282148bee4bc52fa8b283a480238f7,909,212,1121
b69a3b48ec10da4b8f30ea8bf8b9d64177adc2b9423e0f222eeb3ce464392035,1114,205,1319
72bd4878b198d0615b30f3a935b39e6851ba678790236d95f7c79e62636ecc71,1574,202,1776
beb4ce62a1412108b527d545c582216d84e0f1d15a0b2bac9a9040681e89d662,1952,823,2775
8faf1ee49ff223ce106b0a6c0606ab519c934b9a96339d80164e5178adc2cdd2,1795,1438,3233
8b58d0e6b22a8132a4e34d42ed35cf35c214b205d4854b43c0179780f902cef8,2332,659,2991
951be725fa6de0e242547e545a82cd9d8e8e7e66d49dd0ec954ec9b997041d42,1573,206,1779
106bf2dadf83eeac9f6f11972d462b3c492bd6d88e522977767d22df0eb48254,1415,206,1621
d3d850fb1e4cfcebf13848645731506bca107e3da1558d3f31631284152db0c7,2124,812,2936
acf3b3fc2044c77daf08c4be73b8b2be0c5e0d6a47ef841545be371a7bb18438,1023,209,1232
c24656e2b81907e8baaec1bae8264423751f149dff1a491cb26059781025bffc,1368,203,1571
d34f0b0f3877f55bbd65c924595afd70d73291b10d0b600d1cec2a283d8e643d,1055,298,1353
d4a32d2ce901ee912ff835b82adbc4755eaa8451cd415601e1191c399cefe85c,2047,311,2358
cceb50bc43d73f0f0ce3922526556bc3ed62a5db313db22480bbd9b0d3d2d631,1715,529,2244
cf7761b8e617aeeb751adc3e2ce58fb1aaabe318c27d6947f0a5dc1e42ebb923,1106,364,1470
3bf1062579d254623079dc14806d07c511618099b7a630b042b9bfab6d2cb8e0,1704,1243,2947
ac975b1cefe88f297ee48991ac8839a48bd8818d7703ca2a7f63b8ecd7a3d5c6,1679,795,2474
e01220bf04a48597ebc6fe661c56f7d838307d31553f024a65ba50805afc00bc,938,223,1161
5f6d14567daf120d8b935b35fcfb31b5d5b68e2a0c724bc38da4ff49570a8bb9,1433,448,1881
f18b56af156ff807714dddae7bab47467bb1f98a47eea14e2ac5e353f9a68aa1,1780,766,2546
ee619d466ebd1fc5e2d90503f37f4adf96915af27ba7fc9e7c974c5963809f89,1097,216,1313
6860c8f0969c61d8f1e4903c55f03fb95b87b0e75c0cd979ba02a9aa691c4d45,2310,549,2859
0b979f695dcb9af9a875741a437841b77e343aabdf736eb81cdb1df28aa4253b,1566,211,1777
621e800530699fc3af97d7c45e24f1713df5121b532f807f2e4af150d95e110b,1592,206,1798
50c288fec0844d653c3e7d1d6a2b2b21ef1ae5cf2f45aa42e2a157584ee534fa,1171,317,1488
2665023ccccdadb4ccf03121694c7d0256768be9ebd13dc83e4176e43c19cf58,1419,440,1859
b491bf1874d324ffae48ad69565d7fafe84c1a4e52e2031120b7b219e71c2f6c,1114,205,1319
b1cc2942eabae6cd83cd2a0aa262350576f24e017f6004d704926b215505b40c,1563,209,1772
abf2d7e80d6be4e33afce6740be4b3ee7cf38ae5a955ecef4e048c48058e4667,2120,798,2918
2a6b14858536b41d591506fe5c86a6093918894f40ea560d4351533caec6611e,1647,552,2199
87e2551afb6f0e56b4a85c3a6241071b321b2be780afdb2566639501bf25173a,920,203,1123
6abd12b559968c60c926d548f8b68360822a11a87b821612106503d4bcb4601f,1114,205,1319
cf027ae1c4acea4b75b1b8621edbb983082fc4de816de5ca68308e13e966d39a,2197,326,2523
9da3d7d8e8b24ea8d34185cd6d17d120444a78b0864de50b9a210076d9e9d849,1675,1019,2694
54c2cb936d139ac7bd66a4b81cd1b38fa50cfa37f4f533835b682819f682c210,1114,214,1328
a4966f40cb6a9afca258bffa2aa27055b6411ee6ec64dbbbd7d5d9fa0f9b12f3,2322,427,2749
7ad8293623730ffe1fba232ffbae2aefb9a95795853bbe7ffec9c8c5c31c0d7d,2204,1378,3582
222dcc3b613d83b999731869ae86f88141195463bb3ee1eac643452cc7235b8e,892,222,1114
c0b0835a42cbb4196cdb0ade17d9008848b952486536a14788a8e8317a746e1e,1008,288,1296
a7580ede339daaa18cbdf93017ef085cfef1625b917edc5b397824d993078985,1616,545,2161
5c948aa6188632f2267bd9611046abc841fc9c4c06dd8f0fba18c61e4627e88b,1484,490,1974
93b5aa4061c08698c1aa093f8f0eb0bf527a12464f1247d1f055c8fbacf0085a,1152,208,1360
138ac6cee9c34a029834811d26eba7b8911a2e5f92168fce6849fab65a6a745d,1040,219,1259
c0de8df295b2c281739cd6a9c34acff63f5873d3146a57f8f5d8659d34a62d55,1071,386,1457
e45d685a9ae9ff663be28b26966e4934c98b91ea02e602b9626448f6e3770510,2267,929,3196
fb86bad1d2f804e18623d3e958d5170e5f144bd2b25a2036821e52a26eaacb88,1567,211,1778
39d6c18696ef8bf53dde908af7f70a542e9722a656e9eb4c12a35c7dd3f0aa9a,1533,435,1968
af1866fce47ce0dc409afff2210c883dcb879a504c4fdc6307490beeabc62f4e,1524,538,2062
350b19d9aa8b7dc24703488d703c28df495daf29578488cefd515d5000233080,1299,216,1515
8d79677df118ba0dc66704a4bb759cc5ac4ef5ebe1ec2f56b203388095f0c5e3,1708,558,2266
a3ae8b288d32f97892f049b69302f003d5413c094ee2d6deb14bc44fff8b187f,1410,218,1628
063d00d8e0ac0e65f5f03d9747bf512bf86de32652c1a0673bd931a81822bfd5,1775,1448,3223
129831992ce2fdd9ea1e818b02adc5f1b2fef7f3079401ba9a27270327dda4bc,1338,363,1701
8fd9170aa0a256aa1686c6b26f168e4e730a70781ef19ffe4bb3c0ad75d6ef10,1442,431,1873
64c1bc1f6cfde3f2ae436e69eb6c73247b56ec97548e5967187a5193dfa917b6,1617,314,1931
01eea6e7006e0297fa76d5a0b7baa2a12a7e091b655e0cfb4f36a367f89cbae3,1158,215,1373
84b63f3057760a88b853abfd9cf1606296a0d6167db87f34a772713f9d5a0dde,1577,210,1787
2d889248d175ce77aaaa0189ca88be65e80427efd852405ba4070d1d97064ac8,1557,431,1988
68d2f005c42438edaad62b7460de5492dacbda1666e599e94eb9865ffaf5778c,917,200,1117
49f6b0edb5fffa893a08a990e1b192a3469c22ed4af1b3ed6cebfd540d6a6b45,1408,212,1620
e6a8e4748e561591749054ab93a8cbcbed150472f323862495569a47b2d558f0,2157,1362,3519
99f91d2cdca8ef209a57f7b876aa5f35332c1d4e60a1559d7530b550428b15e7,1114,205,1319
52b18ede717815d60f0f5786a0b971f1211f49590b89a6b44abc5cc39806d696,1114,205,1319
64043e63a59affdcab641266006066639f75b79a50878e814f78c1232bcdf633,1114,205,1319
e2df17837efd69dab3b0b69a4b565e29fc27e375890e03c5f399d7c0769a0732,1005,214,1219
06e745a90efe5af18337dec714fcadcaaa61988c6364c43d1416eada5c470809,1119,211,1330
9b0adcf6e2afef106b07b7349e48330432bc9d4d39665cada91c315feed33a46,1132,205,1337
2ec9b5de35c55c199889a07b56952231aaa85badc64e4c7942b42aed79795137,1513,225,1738
bb564b14482efd3568af9ef57b875a24302728d88d6ae09869ff0c8bd77e55c8,869,214,1083
1b34979534ebedef6649b0929b88b7d421eab267db04248b621671e76ffeaccb,1111,514,1625
aa26d56053368fba1410ee82408ecfafedd35d7c24e8aa403c78d659b738059a,1720,1159,2879
0ae07719e8ac4e929cf6882b634a1bab25834ea8d8adbf8c27c8f30fd4d59d2d,1547,205,1752
a4fa93354f848aea0f2874df2433a20177abffbfc579b5dc1f72762227947e8e,1214,372,1586
fe46ac58ce89345e66ed365291bc673182ceae57af314f1bd755db07d5add879,1225,207,1432
d8188a79b7f9670a95d6a7e6970270fc1034d0cdc19cadfa7500dab7ca5b805a,1519,209,1728
1b7d0bd5e1f17efa5203d0291601a362a2902dcec982bc560a1f1ae599b9ce42,1067,376,1443
2eb8ac85e2e9211a959438f65470f7b8df11165512145931798d260ee38b5c43,1168,214,1382
f8db02c62a789e812e8de8c1def90661389bd2ceb5124aecefb236f3e9da4394,1089,210,1299
bbed22046fd6f6d3f0852fdfa2e1f9a2a1073a5072a58dc9b6aa538695adaafe,1566,210,1776
e626324104773ccf886279c53b7df0a2e7b0fad7503186a9fa2262e5526cea0b,1113,205,1318
7b7d0f209c6df12e1815f04892f35b063bf25a621e9188d3971a94746c65b10a,1114,205,1319
0e85c02d1d81fbb709c2dd5c91dedc31365f72b4d6e088a716477201294c2002,1626,752,2378
383c6a1fd1bd61dfde3ce16acd99a8f0a4259ed7876707e493c7db85d874345c,1628,749,2377
4dfeef40566e61061cdb29092e33ca4c2520238716dc608110f1715b549f47fe,1202,605,1807
95d6fa1d1e3c1fe51fca00075daf9c4a6d9148e4e791c5c5af3834eab16c6ebf,1268,210,1478
c1b152186d2abe5ccaebe846ec972af8c8acba6056ec1e4533224728bec406bc,1413,213,1626
294d97d2e8f0fd3a280490febf4ae8041dbf27773501821d773cc982398b7ab5,1785,549,2334
988ecc742aa44056f6a0c764748ded4baba76eb0423d3654fba0616849a303ca,1175,206,1381
b92c8bad2b198fabea6fbf5d92881b6d88476418027b72e36683cca73131c6a6,1442,584,2026
ea599b68a53f8698529662ba41ba581bcf0a68ba59362b764ac8f1b2c9a1383c,1567,282,1849
6152c30e0b683505d4b0cf7d31be046c1d780abf5c6486ec3729aba8425a0450,1464,601,2065
ef9b5c304267112b8cc57e215085f65f7e4e75f027d1a6a471c05265f9ac16fb,1010,211,1221
7a6b8e8e5892fa4426c0a10f8d2423c6ec6f45e50d4371a317b562d52e8562a4,1113,205,1318
111597227dce00ff0133e2026b735fd78ddc12efbbd6e83d2fae24d94c45fab5,1136,205,1341
1dac0fc477d4a03e41bbe90bc1149680142535f494d1d91f82557a3896cf3df0,1154,204,1358
9b4d388812777ce085e323deb6a855a651271088595712cfe457e087531425d5,1023,203,1226
3580b0ae3c1de79a0956f7d838ecf321d1e4ee6a55e7c178e5a472b1e1cfa59f,1262,210,1472
d0a4048bc940554cc5d60d5c76a6929602cbfa4061017c03c34b41c36628d68c,1212,247,1459
598fd2138abf9e5275a109695ce3632d25c6174d8366afa817e94a56d9d69556,1529,201,1730
bb77b39d4c30bf36cd5ea850bfd4c787bba6b2a539989ac3d820744b1f2dbc02,1502,699,2201
8ce0bb61469c32505469b368304cb854c50637bba4607680e40dd62ebf37127a,1389,200,1589
e5e9a3abbd224be77d3a0890f55ea454d56721ca2598d72e326a43655a96ed15,1672,525,2197
417d44b5808de2ea85030377287be96b51d2aaa92a0dac6cc93014e33951213b,1031,200,1231
ee5a3edf9bdc15d5449de9c69e7cbebbf175a0d20ae15628db4a07c128277c45,1564,210,1774
41a73862b0ad8c3b05a838566d8e7613f99ba2a805f752a99e933a526ee6b7bb,1536,287,1823
787de2d039bdee3d902cab2697848346f873e8f42366b476a9d92983aba4cf83,2172,778,2950
770a425a0d3e602695ad9fcf0b2488c8c68e6201e35ea4eafe5c58a018595032,1576,462,2038
ed803b2f328dc15f3cf0e91a8970b33fdfb7130b94f6798b6f967c169a296e06,999,211,1210
e04dc6d0a284661cb50213978520d93a4daab2cd238298567c3a36ad35086800,1459,283,1742
403983442a7c4317b02c758b8f99dafa7b5cffed0fc1f83c37bcb4f70eb81d9c,1638,563,2201
6ef06975ace0bff3659159116c50e552a93f547f48f76a23dc84d35fdcf834d8,1069,377,1446
32828972e6dd645c7eb227ef23a2bb97f14b25fa3acfe15c36487754c45ef102,1029,199,1228
cf260bb1b838aa43719cd7f6ace0f10c008ab984fd4d90fd5ddbe838d927a812,2219,1526,3745
11a71e1d06be3c944aa2d8a8e55fe12ae7c515854d597ec0676866e73a7c5209,1420,289,1709
6c4ba00afd1f313bbc8eb415f9f4a6f8ae97d1b72cb9b4ec76ee65b33bcd8da7,1092,211,1303
31e145dd48afe734a456c383d37ed7a38adac5c7bd3e266255a58b70c85a759a,1563,288,1851
bb6302967b559bcfee6df2a4ab83d659cf90cc13943ea495b8b095f863f67755,1113,205,1318
2a990daac1d9b8f00e0dcf2ac2295a80e783576440f907490819dc37e506dcbf,1296,291,1587
72756d12a4bb92c87ce68ccbce9d095a35a6acf4af834c4a659459c3c9ea08da,1320,309,1629
f83cbf491cd8b9fc6ad27d84794239d2719b4dfd495f4cf1af4f7bbd73008f88,2266,868,3134
090b0532c2d55eb7bb4e993174a45252153ce9efb9bc0a04f8860d498ccf11c5,1657,315,1972
d4b5bb6c9c27e7c2959157f19add44a32fa3b9a60005ffb218b0b6758194b8f7,1467,428,1895
222cd120c6ca4bef7eac3302423f8716e705076aae5651616a042eb499f8f5c4,1143,204,1347
466256b34e1e9359e7d095a09727a8530d48265953532c86e2b4530e718958d7,1114,205,1319
c9dbead1c31f0f7845062f0064c55ad201e306fe073002e9a6ef70bee0cad8eb,2134,1294,3428
06b28f27ba9fb54f0e982ed80095814df286f438b2376e9cf1630dc12083ab33,2009,2055,4064
0d1993e415edd473fc8d0e501e1cd3d04061777af7511136f7c3495bca26b3fb,1623,315,1938
1ba97448bd7413e102874a306c51d667e86763011a50b79e53ac7fce1c3dbb51,1686,428,2114
07c786aaa3d67fe676565b1643652e2768816ffb4234b50153146fc645612f4d,2317,916,3233
2761a37d96fe9b056aea978de5ba801ed97e3a9e7e360fd4783db6fa25171d14,1701,323,2024
3005a31f894a2c25fcd8289f2e67c7640b34326fc4ff101b54c7ade472aaacda,1100,206,1306
105d8123a6ce95e9a69288f5e13d36b031cbdaf8c4566820d4971747ac1a7b6c,1565,211,1776
8f289a0bc5e61af690c6784389f8f5b1a323d8323780a133128f3203b7a4664a,1865,1360,3225
8e9db6175a77acec9644f8214d04261fb7d256bbd57cda0ed03199836306428f,1634,646,2280
7daf47db34592a68d91d0bd09909bcc1c7e221022d30407fb57ec35314687977,1544,378,1922
707ee289798d431130dd48d6411d90e01cfabc7a0b5de76adbcc6e2ef1b422bd,1239,205,1444
5c01d9fad1bac42197aec0212d47ed377cc16722a77d58f9af6598d1acfdbf6f,1323,283,1606
277aa119bcfe7cdda57d496d72e01c00cf671c1b5e8e3fd2e6384170ca1c4913,1526,547,2073
cf1c5de0b0624791fbfe5df768e389e5ccbf0b855fdd5beff04b9a52dc775e17,2347,660,3007
957b9c30ffe8a9e1d39129dcaae24261a8e9559f35e037a623a467e58f4212c5,1090,521,1611
f56b7ce08446d5930ac30ba0c06548bcd9cd102ff52cebf0e77a55b3aa233a19,2371,547,2918
1a83e3df3ac26ab1fd6bc7ea021b18da73b460987fb0c1c7f5e515ad7d5a373d,1404,213,1617
a3b8f128151046ea54a580323611c34e47245f54045a1ad6e1753b1600100ce2,2016,1343,3359
acb11abafc5d68934e3eacb3b01941aab67a2d0759c96ffcc7a129c39287ffe9,1535,299,1834
df8f807c6f3364ef1e176e6eb486d7a70ced51b49af4a3389a06e346e5230848,1400,433,1833
47a0894ff5db61b8550828a6de91f87452f69e01db227fb955a0654dc1a80445,1061,210,1271
962cfc0e3e539c2a03a271a61a0902ec1e7019742d7c59f9cece13906a771d98,1114,205,1319
acc2523f1c6c902e281682bff0931e575402217f6cd0ddda0aa7ec98b5d8a034,1120,248,1368
b017d481cfa30cc32959070e06554bd39b92dac2d1450fdadae7e62a97c8e859,1100,216,1316
f6e340c2e5dccd486d08da8e2c983c520d0f1da6ca976bf002c37a4cdeac7af5,1523,606,2129
21da6a26273bfa25d01baa9586eb072d0e4f6f6acd2d584233a9a462e927717a,1578,605,2183
1f2f1b17a3bba9e2415241f5b32506d33dcb15cc263840fa456f3a564fdf1923,1577,207,1784
4e9a8370404551bbafb7fad1dbc6c1cdf641aa5976dc93b647b8e6c77aec29aa,1853,1522,3375
19da96ecded966263308f5c72105e62469b966dc63ca7012f24265647b4fd252,1253,213,1466
f5f580f8f62c67cd180b84b13e6e17df72e13757fdd4c3f86031da03aaa54bd6,1069,203,1272
19d99e0da4055c448a730f0b04582c9c95262a776e9ad457b756c0afcb75e899,1406,205,1611
b70a4da1651a212a825cea3dc2d8b9733210681cc918469d53a6714e0da3d793,2037,1609,3646
4f154733988db1afd45409ec31f2019bb02367f887e2b8debbf051b6aaa4d770,1177,211,1388
ca1da197e3784c212b146002447a030705586f34809e25c8eb523d5c6f049bcf,1684,313,1997
033005dcf5c917ce13262580f92a066bba6305b2d67f160626f63a190e63a543,967,207,1174
d0fb9eeecd4490127b11276592c486ce975a93a95cb9b9d5b203e9eb6c06aaa2,1114,205,1319
524421eb0e2eb2ced59ac39de67c4f62c6dcb476e21b552531b900640ba8e505,1628,419,2047
3c52a3f3474a8b309f983ccd5b0d156d8cf1605b530af667ce2e7ef429e29001,1161,207,1368
40cbdb588659f54b0ac67d8845e143b8ec9e094d965a25ea41c7c41461de9a0d,1114,205,1319
628ee658df8bc68818c7a4404594da148fbc0ea8cabddc03eea2b286369fcb08,1441,205,1646
a5fa9dd93dec0c15001207a55f65fb67571bfe621e5ecd5922ca89bf75f37d69,1878,1513,3391
45c42b75f0dc428fadc8794afa83d6c67956a9450dfa2c7bdbd119ee11129a8c,1601,828,2429
da18ca26fa6afd0c88710010281c8c95091d636c6698d096888e948422ba06a3,2182,605,2787
56a6aa7c0c97ec166da9eba3cfc446ce4ba2246813d512257908f7c0bccc870f,1886,311,2197
cbf70199f5803556d39a036b10c6fe267912b083acb14b2b88dfcc67c47e7288,1183,276,1459
30c3082f7bf7312b0e3ad75fd9276827a58ee9ee8c1cf6659ea819aaab4e476f,1675,968,2643
f153d9f090741cd4620c9020c3ba08c0da59ce692d54b9dfc030bd7cc7db9f13,1649,422,2071
e8291f1438de9143a05193cc0094a4cc9a5f7b9846fb12285d098eca25285009,1851,1371,3222
04ca91a4ed5d560e4b84fe0d1d2805b53624900dcb0195a7806370f4288c6149,2337,922,3259
8fd5fa253510b25b9abb7a1c22e9646d3feeb89efc03617382989696561b7c39,1559,203,1762
687aa6b8a1a72d97a7564cae8c37bb4b51827c1fd760a49092e164a7ce4ffcb1,1648,790,2438
b160d2bcf6a72e3d11349cf6ff6af81052f84f14cfee7e12f0dc1c7399f019f5,1427,210,1637
773a23b21328d89d1869f43e65bfef845612c94e01fdeb3f4e805fbb1c3f2d7e,1555,514,2069
413458c18697d9494de0889011c5c956c9e9526b6bb2e3cfe0e53571b64bda4a,1975,1512,3487
5609030a1f1a504d14da037be7223b4b5720eb0839da819640c66d165c4e4323,1047,208,1255
04a25d3b6b5945399801a21bfae478823538f22f1bc52f62e842b04394a55a5e,1889,1369,3258
683d77d56fa7402b30edfb335edb76b704980d9d88fa1b2c926cb5bd8cadae5b,1114,205,1319
2da5279d083b21ac453f4b6d7670ab2c6b9deb9e0cf44a500b6226c75092458b,1540,278,1818
a9916cd1e6cf81d0645fc55227256676df1dc9d2d8fac7c8be4058d33c97c8ef,1359,623,1982
42d9459eb6a03ce2a3e2abffd2f5103d86aa690dd4aa5e1f4051e71021d216a9,1343,204,1547
ca046cd8fa02a3b6282bd0ffdc0837d44c22ad42869f775055730fd9434610e8,1421,294,1715
318b9b36d89649211803dd1e4334f4e7abcde6e02dea311ced50709193c6e4df,2434,660,3094
48365f1149ab30933f3e437c91321a6cb43e40da8ff6d7fa680c0fbd4ef241a8,1119,211,1330
5058eb5012e389a64b706830c91820b0ffe63a88f53b5fbb68fb77c3281f0e4a,1142,208,1350
75f0287e2642e06cfcda00579bbcff363ed2feb0bea92895a8952e549c5d0080,1249,208,1457
3dc07a10d13346d216cb7a1df2f839d17af2c4a2a34aa8c51d249f96728a5661,1138,249,1387
11cb694c96be38a67577620371182fac9f1b7274ea52ae55602c4f37213a16dd,2244,1041,3285
252e8e4be80e3d6a55e7d7d880962f259c3e7d1149d205bf2e3fcf927c8c68c3,1935,864,2799
de8e747bea41ad4af3acd6dde4eccaa437df8750c2c828717e6f92ff72401f7a,2203,1073,3276
e1557edc05fe2fdd806d544830fcedc2db4d4ed408fb5d94ea86329a6c33c9d9,2024,1453,3477
cdfed3b8c1f2f6f5214e736201c28e3d5adec9ec0db93cf2ec79e0614f5ae76c,1932,1514,3446
eb0295adfdb174e62ea137bace181e2af70b6def8e97db6dbf8cddc9367f259d,2125,350,2475
7f5841a2e6beb39acd26bb9ec08b6b560f9032eb2f3d49d6cc6b2c6efeb53fb4,1105,209,1314
81040bc9da8769635e58023905be06679047c06c4487698d20fc3467237074f4,1114,205,1319
8bbcf3239c5c89ba4c6e0ec498e60c508b13ea0a96231f716448c4a1b1439d23,1090,202,1292
59ef48485c8b9364a03dc79632dd7dfe562497696ca6574b63900dec441d5a05,2323,1702,4025
5f42293efe4851f3fd7e309f3b8f393fdfec4b385a2b419cbcfc2305208ace3c,2136,313,2449
9c448e40d0395e7ad8f0ade729acdab5d4c58453b5663e395b82270849207f50,1392,213,1605
1b861751a52f84ca08ca8b29d3433d09d8c00fd95109969072274ef6341c01a2,1309,383,1692
664caec25045ac1d9ecd9e827f1cd2ca9793aebc95f577ec29cc58d7709392ef,1408,204,1612
8066b49d8dc2f214aac6fe38e59f4ee5bd288cc9f1aaac683e1231c4eb6e63a7,1005,214,1219
2df6f559cfd5d5b97b90b35e440d59bbd37e4bb43a04222f5b5a16648a08d9c4,1689,444,2133
6b1c11b55312a3cd4e235419bf63d1ea19ce3c6f9565452d8c875186eb9ec92c,1032,208,1240
6935fedc40229308b59ba48cd479c4d293423a1f93da846f29cfe3260995904b,2307,581,2888
44aa198dfec1c3c278115004d367ed854108f1da94fd191f1484ae7c333ae3c2,1912,1508,3420
1738c036c58de6f5035e50873e455548edcb269cdfe1c0d4b51b351ad5903d2a,980,207,1187
513b3e1f75684483b0e2cae6c4d3a569124f6a2a1758556d0f55a725f5676b24,1286,200,1486
d887d15170530b47354a1664dfd02c3fd845c13c0ff2b2134123d6221070d35d,1930,663,2593
d0a13af54d1445bd78b6f0a42c3d5798862e1f8a20c57fa27cef7342ddbb0f22,1568,209,1777
6c519ce4c3ce27fda795990c89133944f183bc138949b0d6c556b24ab7c91d5a,1531,201,1732
5dcd782c53874979e88f8ec682ae983cfec729fe8ec1f967545699b5481cb8a1,2401,1496,3897
dfabe07f41db50e84d6295ac7686e5bf3c34658380d06c92dae66f9a444e84cd,1874,317,2191
7b6e201498bcdb86767e760d57defac7fdbeb08c810f557e0773054bcd4529a0,1114,205,1319
e50ae686bd6d3267291edffd5aaf638c13c28a808da761cf45dce0b383a6a64f,910,204,1114
71e1f03895cf1bdb664ae066ae72f6a0dbd319973884e93ea7f8f656064b43c1,2278,2267,4545
b920a2586039dab081cd0a4fe12b035c405ce1e2c7cd2277bb0cf2a696d39d33,1288,1008,2296
8c427d458b9459cf3ffde113ff62e719298490770da2e815203335787137ae93,1330,206,1536
d839449cbb15e0f436b44a4897a5586ea4d33aa7ecc3485a094c8ebb3cc31755,1184,599,1783
f17e511bd0dc036209eaba83a04c61c0770be3ba99b26fec31c26cf01b9ad8d4,1950,1217,3167
6b13475b20294854157a1b2be480e8b5573356f04fa6a8ed55f243968e9d99be,1261,216,1477
e396cfb3d6014732ddc93741cff1593628946c118a0a3fa57661447743a9024e,1220,206,1426
01f546da3ad47ce971e0801c87c32d031c8790fd9a6e562f2b6239d1b9e54c40,1114,205,1319
e0b64ca9c99f4c4e8da42d1c7efdb59ced4c695cd1db0ce46f613d01de29523a,1413,526,1939
76da8bbdbd5734e02b1f2fdcc07c62d2b56f9289b6351da081fdd8b8b5362fb6,1567,209,1776
943fd57188725a96c423f41bf6ba7d80062569e33a64b7ee92b5990f83a26871,1411,599,2010
19647fe662e25fda65062eee007cdb62d144b92dfbde4e25ae2d232d4a4dbac6,1027,256,1283
7071e4c8072a4d334e4331919e5a18f1a99b35469caed01bb82c2b41b2059faa,996,210,1206
890fed635a7c56d5dc4cb63eda96ea87bf9af0ada020b72b0f8aa9767b9ebaa8,1540,214,1754
8b960e74608f28c8d0e8f88928e83021a98fcd1fd42f95c686996cb737b06930,1484,209,1693
da15023b7f34426abe0244b9c08845dddcd0ed2be27a0b15b99c0a225be40967,1114,205,1319
64bd23740b67c6e1c01c8e66fc65367e6a9bbdb79ad08c699ad3a4c87a1207ab,1779,834,2613
bd8f7bfb63c1704dde4159121c2d380d0357dde971a7ca6b6d3caab80c8ce996,1566,246,1812
fa4598333e6f2db7749ec0d38d05c0260301361ac5430cb1dfb97748b4068e57,1953,1355,3308
afe459ce4d10c3491afaa271a8ce7caa728477ab869e707441ab268ac0d2ecdb,1854,1515,3369
0424d9f07cd03db1c8a857bd7564df15751af42b375b91f47b2cd4fb9795ae2b,1665,1358,3023
d5f945301e3b64153bedae58e1ca76a7960c62e8a292fd5ae830263de8d20dcb,1454,362,1816
4619e706bf3a6f0ea62e68b0f79af5a75f9b2a8e612e62a20aa3d617c4888ba6,979,222,1201
cf5a5cb4c162bc8890fa1ec63fb5bd1da080100098e43c1878f7e21962c82998,1496,267,1763
25087c1aa4a894d4bacece4aeeb0477bc6baad1c7141645104498b7960df6861,1114,205,1319
d5443fee42b1dfdc4746620163633af9bb6bbb3b989cb86bb2af595a5bebd91d,1624,502,2126
382cb99b5dd0ee1c547aae2eb5318dc5ce4f9bed1b96a1d7aed7965fc9921df9,1326,579,1905
56e276793833feecde3dba91475c53a7f9b149ca3c4bfec5984797e07f072938,2181,790,2971
e0d58753429279febf7930288ef86cca8457a92a9e62c3868fa8085ea61455e8,2084,1054,3138
8d5eb23f37e9ce454f4e36be16a07cc891e3d0ef51a5764c8dd3632218d98ac5,2160,1288,3448
478d86ec8c0e5013135d076d8dfdb6ca3ef1afd06aaa4c8e92d8001830136d37,1402,141,1543
5cc043eb3d76993c020abff0b4b25e424be782bd2a8902d5e1d49a07b58872b3,1091,225,1316
24ca8ba524e4d8432a1f817a7b4cd2cc6a5ffab46964022c3abad33b70efe6b4,2062,1360,3422
9b98204aa4db8abc09c10b0594ede1de4f64b10536a0b7161ec239fff048cf25,2250,429,2679
ff5ed55c5bfe2dbeb11ef3be284e6206d66f9444b630f7ddab342ca887a2b928,1651,314,1965
24af01cf00d5eed10ef09c7e2e652fbfa687cf01de54579464218c7b422a9fe7,2286,548,2834
d986249a98b1eabd15d3cb8756f4f9171070cbfa5ac57061987989858c177d6a,1114,205,1319
79d3b502fbb797868d00b867ba57852f0d110c29a4e9fe04b6fc4a942a156a97,1248,448,1696
b68d701587a4191e55a57e492e8e2055d6538511800b6bcfcb3e678ff6ba3ca9,1181,798,1979
54bb1b519c7a7ee528629bbbedb05c88faa6974242fee1258ab97e16d57a74c5,2472,1767,4239
ea5f88978326e5b131972c09bbff9c540893986192fbd2b6dda7adfb13b460b1,2234,565,2799
f32b416e43cfd175f608f4511a4ab02f5ce38a887fad25b9da732694681443fe,1199,606,1805
c4f7cf8621005ea63e745333ac6c228f8928f0f63204bc1f9ac45910b2d6f497,1130,357,1487
c63008f6cd1c9eca859240ee6f500e451ca6127a1ba71e2014791aca471f2c42,1114,205,1319
d66c3d57a93ad92452160e0fac643a651357091ba61d63a149f4208f404c3217,1531,282,1813
61b1fb6c589b31c23181f8fedcb537c524b011a636490e84a7654f3ec0a6dd9f,1489,289,1778
0542918438b953d0f5a3536f4efb37abbc97ae43808c4ac84032dd71e297d679,1608,543,2151
545356262c59e253a37984b48729894774a97c1975f27726dc47851782842683,1728,324,2052
e2e0f1a6e54561bc59200d70a078eab96fba3214582b151b8d076c41f8887e0c,2324,1144,3468
13d045ef7c9aa3d5865b60dd77ffe31b7fe4df43fbbf90b0a8cef42f65ce5f86,1006,292,1298
9573436801125e6d232d628773d233e1af88f9117e67d55d5515f675fbb671e8,957,210,1167
ff4ac08405805329fe1eb02c5fb07f4762e316dc8e94c8704d6aab96b8602c01,954,205,1159
d38289d32005f0d48af0dc1d58527bdeb8187cc65075e9c8636fa4438db68644,2312,1496,3808
ae652f0625d66e006723d5689073fd045e503325b0c6c46aae2f5c268cfaa71f,1035,292,1327
d01a1442ec214f2ec19450ee6794da67ccc0c3d81c4dd34ec3899c0450f2228c,2000,1388,3388
55a3ca0b6d9f6e5fa21439aa9eb91ea30038dd87226a473cb64769f1da0f62fa,1797,1141,2938
05f05d10d61c6cc2e112d44cab807f202d29d77030fffcf00cb9ed0a614a074c,1568,210,1778
ad7c4812bed2cc07231cfbf834c21cfe17300380624c303991647bbbabfa6ec4,1246,1316,2562
b6ef288ea74464a91a08ec36cefe3842c85f02e962e1b79300d8c6de10d4afa3,2276,1582,3858
1943d151526f47a021f090f082a379d547c4d16ac62b4bed44a4a9a0e516d19d,1114,205,1319
042459f8459b03f2fee31864ceb865fefb3695ab6ee63ea8141e87883258028e,1511,357,1868
e8dff75cc964e301e27df37165c37f4f5599fbbd363b9ea66759fe95db25a049,1581,432,2013
12763a9a7f4c120557dfeab9705db5d05e7090096536705ea1b3becffdaaf7f1,1206,770,1976
63832d77f7974a50fd38187061cc2ceb2926ff074b59ab3cd402334dd84670c9,1560,219,1779
a7a3324f776d79460afb328d9a6ddb9c2cea7f1fe1e7f98415cc1fb7a438b860,1566,211,1777
d18d9f36981e7d2de121232ac486111daed5e27d718c3c60cc8ea246b0b66908,1092,207,1299
0a98f0c87e6a83d92bd0de324e71b2c7b31dac34cc8ab85429decaa636899df3,1970,1472,3442
676e05a030a87b88b0f6773b73dc30d1dc50b0c874fe2f2c2e5c7a08e1e8b629,1064,223,1287
21a8337a1ece10c732d219f13c641eea8cdc9ca55fa351bc34fa6085fa85c227,1641,308,1949
165c027a4f7174600e71222bcd8e34aef7d7493a050b8aa431e29fd7fa59a056,1380,573,1953
03766996480b985f6097b4e6200da8e536b7fdddd828fb2c82aa6fabfa912b4f,1065,864,1929
27c73b81e1a665f79e09a39a0819376944b4119b87e4cac04c01aa953747c04a,910,206,1116
df42bf4e0cf1ad9dc580396dc873d146987114243748cb69560c01c19cfedf39,1353,210,1563
609aa5ec3b88a2aff586f2579af3cdf0d937a2fe446176ee3a1efac63042d38f,957,207,1164
e6f15e800a2c4390ad2a8bf5b1b8a914a6628593e30f04912bf5a49c0fd68e0e,1932,2494,4426
0449e022428d02856eb9bb09683eb36db38cb3b099b9786cf2318d609c560989,1396,949,2345
1699fbdcef10ab84c6f44c72b7a442ce16bf4ab918aa6b5282a2679efc27fc24,1092,210,1302
bfb34f63de324ac79dfac5aba8d1539df47c57a6e7ef08c893f451c607165c84,1236,374,1610
1455bc606903e47f613715d101d6f4bed6482ca81a83c1b4e19534d4eccb6c79,1555,378,1933
95a92c1a535e949772961d6e3942bceafc2a0d623370ea9d248a550c8ef3d877,2052,1149,3201
144fcd832f2866e2c5b6d1d54428b77e78d3c6dff876251e233a12653d12888b,1847,309,2156
de303a2c93dc7abddcbc7afff3e0cd823255bb19ec456e80e3f9039dc13e1cf8,1114,205,1319
4a4668784c8c3bb8d96f4a944b3379f298e2b9adf12a4f9b813f741357b4d898,1467,430,1897
303d4fdda68785e1065e931f9e4cd94b74a68f51e1c8b71e8a9507c179692600,2005,1788,3793
6f76c44e5babb823dcffa0053b59834123d655052d38d2db4539e39e2478425a,1541,199,1740
44707b01637d053f24d35d18c80b7a9616480b561229c7c9c6adec58782d3be7,2311,622,2933
ccc8b31b24535c565ec8d8242e3d15d618eae00e2e842ce0c231ffb8ff65f687,1002,207,1209
dcc814ab7f9391f8bd47c1bd4a93b745b3118bf140ce1103ed4b3d238a8136ae,1162,210,1372
16e29b30f6f4fd77532a26097625ec943b854d53f02c5464dbde9a2e3d158e8f,1114,205,1319
65fbfc580e1611dd006c9f3b0420d3da3e9779dc762857bde3ef500fe2a9dd48,1244,216,1460
5aa033044da3d0e07fd8adeaa58f3ebdb496559ff3f83283b28ad465e368e315,1633,421,2054
84c02480a4d151aa1871182bc2f25a51b5371605ee13885ae18009bced58a83e,2077,438,2515
dc8cfea60e88efe281aa17d9a072c0d0a7aec5ff2550a8b416371a9b74ec68f9,1037,303,1340
0924835daf7a82d52856a323d2cd89ff93cfcfc3e3748d7201ae0101c2f20a9e,1884,552,2436
48e0c28e1077a04392b0b744dd3790133e875589d82b203ea30f211135728686,1485,289,1774
6eaa2e77d2f4d4c7d69837d00e2d1dff907dc671647301974f474eb7ef445d4d,1783,1524,3307
8897f449198ee0b0f6ba21dac8b02a291dc5df0f80c1b7c02d1c91e00c9c7e66,1048,206,1254
bcc776fc2f17408304eb5f867adfdc4b290538992c69eea2b542396b1070a5a6,1571,211,1782
be0b747be0fbbdb659fa077c0d3338add0b968e530e9384f82a896f4e7a8ca90,1569,359,1928
3ad9a0b500aa3ea4c82cf1fb1bc763023880cff4bf4658bdb2cedff22e92540b,1114,205,1319
c29190c18352524fc12417972b01c8ad6aaa2dd33eb320c2437c9fb125318bf2,1375,454,1829
0cc3f7391846ca1e207d2769559db1d9778169a453cc08ddd83fa2ed0236819b,1028,204,1232
649146fcb05d158884087ff77ca02eb0063c322f7a2b33c7304f9b3e013545b7,990,208,1198
56fb3e63ab2b54e42c84a93132f7dd2449b6da21a64c0f58e856e68566d9f9b3,1207,204,1411
857b60fd9366081e76237a54d82e4045212d25d1c7664e43016ebc38ea4a3f5e,1739,320,2059
48f0505d33c17c680bdca51bdb51ec33cebf458e7c8f81fd9617c384381fd221,1478,283,1761
87ff806a639254afe400972b93ede62eac875f1dc12f152bcdcafcdea6823cfd,1114,206,1320
2ef489072b7386872643fb9de39d81a898e23e8c50f96d8be285847bb87e14bf,1084,204,1288
89074f583ee822a47d2bf8056c1fc2dfe70122d2e80d5dd87975401e9ebb5bf1,2143,1737,3880
a1fcf7d9c14194ad5d06fc4ca4c358f4d038e47b8672e49f75d1bade7566d571,1603,529,2132
5511c41af569a46961d1bf68c95af9ac125f0d294be3fc8980ee4b4496b83838,1552,358,1910
70a632f2aa6689cf9c6948bcfab8ada4945737a59c4bb7e459be6ff0f6c07ad2,1066,295,1361
66cc1a1f122c65b8fe878e746292dcee614ef274ceca14d84bf01e1f8832c5f8,1626,530,2156
8652c65852af92858c038673f09763c2162a1f2c35b7ef6475770d776e9a7298,1569,430,1999
16123dd3269af6f1b9881fcffc4a74d3036c31c143c4d37e826ee115e29f1fa8,1567,209,1776
345db10bc588572f1a0f69e2718cde0bd2aa2434d73555601a2da4998d3c0d08,1568,211,1779
0eb35d94d1924726db24a72f7bdc5247cf5c0fa58a44faf60eda1c23f1d9bcbf,968,204,1172
230f94e01686e768efdacd7c4140fd5a710ad8e78a478b9c68c7a38dd7c6ffdc,1443,367,1810
ca232724e0daec85d669a31677bad185122eff9a0c321e5d332e60afb195b42d,1026,373,1399
68d579cfd2a564e6446753a3bdce6e7c8806674fa6d60f73020b889280a22a31,1114,205,1319
2f656eb2d5d050fd89e548f0dacab2cc28f352c5f7b40db8628d43658d8fc3c6,1035,210,1245
c0d3afb9aa093851a510f0cc9a39b35c28051ac880a127beb3b144f87c9aa6ae,2055,909,2964
eef9d1b56521e48218a790828b32305727d5bcc7f761b27fcaf78558fc0e1326,2331,1139,3470
d34b0b7ab403e6a088cf6d65b61672208243e29bed1e5c490fe4256b93d90c84,1564,335,1899
8c81dc832f5361f5fe7a67faba1de39c1dc2bf61989e319a6c5b48aff15c3114,1935,1504,3439
121577149c8309572a47e9c130e1598823d7af2a40fa84704f63411fb7781a53,1523,432,1955
a545dabd8c210290ae26bcfebdcc86da39e6afa7d0c3fac5e0673dd8acd5581c,1207,206,1413
69d8754323615b6b2b4c3fecfd737355c3d578e1a1763e703824d241b1bb2e2f,1365,253,1618
750db81767af2cec6be0b614c23353ebc4ff2ec5d7f2df4c6268c5f75f687fa6,1114,205,1319
60ffd9b0dd6ca5b8a785b13809bfa528424a702405fdf4bc3cc4c513c321fdf8,2256,1070,3326
0ada9d6c94066628ed77996bf5825f9938ef47435a8efd07f7e77d0a57a89348,1016,205,1221
b19fecbbebba1a0973d8189455a59263cf199dcdcfff9fbe9c6fa62f2226f7a3,1340,369,1709
1592a4af559a0bf12854c30a0579ef86fa710fc8c16c2f86a1ab9fe30b00808c,1279,215,1494
091db11616a7a3fae73f6af350bc76f531b9660d3826a778254e5e811f95c219,1443,362,1805
d47e681a88d0cc85dbf57a6d86c06dbe84002f909e277615eb61f011d5c1ff2d,1046,210,1256
13d989f82f61ea42bf56b9067924e0546bf49c4e471608839f5d72de448d8060,2186,437,2623
d8f57bdd5b44b3453b8e411f3598d41109a4b33f39d0ac147a5e3c77f255cd02,926,205,1131
a41f6c20527abfd6e6b814b990e936a7aceca0fc850bb96769df8200ea3c7745,1964,329,2293
498d068c37e2ed567bababa92573d4666e0710764752e49b2eb5626acbb5457e,1360,393,1753
aefe19a6e5e2f66480a08fa078f04acc400d38509e58f6a63f2164a7700b76c4,993,214,1207
500b45c89562f2b109e1bd8350db55618740785c3e38f5eb3e4f649e447b2ed4,2264,1094,3358
ab62ed2e4901be7e8821b1a515eb4d3da0c451c513fb6c6b92cbae4b4d522eb7,1380,217,1597
737c17bf5ed57a8a7908ede6fe4c9b4b9d90efa6ea471db3e3eff1ddb04845c8,1535,366,1901
6eeefd90a4823b8132b1d22bb8b08c36ae4587190a55294be820df3c3e623738,2185,1347,3532
d8c3025a09ee608417ffd7f0fac8f3ed60163dd1e88965c3589325d69370e4dc,2043,1509,3552
37915223b2033e5c1782d2020feb4e110c6da9d2121bab3f5cd83f5d26977633,2297,310,2607
caed2e56c1083687554ee2df631ff7da011ae92d2fe50cb8177a2639d659e373,1094,211,1305
652858cea6fcbb0e261c0b380e4806fc7ea660c63797d5210c1613b014edab1d,1763,1138,2901
ad35b775eaa7c6614980a89d34727dd3c65374214c2411a956042229043a09d1,2288,594,2882
11861c7625aa8c869c55134be322612ce36ada26398e1757837d8110c93c7be7,2144,887,3031
1c0e29dbe65c880abb087f9ccbc6762d186338a58e87da6b2f3ba25890dca3b3,1931,1416,3347
4dc7eecf4e22d915a6ad0818d02d4d138cef2725764980f7041200bd61fe825c,2209,1729,3938
e0792a152723f87cda7aa4911ca3b58cc01ce39bdf973554757e4cebb1699953,1860,1540,3400
4606957b695305d9577e2bcca2bdaad0b6916111af0fff9f1804050310f5772a,1235,205,1440
610bea60596c4ef010c1a96d16f1a2c017525bb290c10a12c749a6b7bf602266,1044,204,1248
9809cb3ee5f727274a4b06fd9cda733c312dc3d90406ba69c9d4a81cccaea7ff,1058,204,1262
d13c3ae23e6984244fcdf2f5968ebad0bf9c797e02fdcb17690d3e38f0576fe9,1114,205,1319
d6281a48a809dc20a5f5f62fa40232bbf2538a35beea9edce9adce2fd6d4800f,1111,204,1315
8c6cdabb5326f6cbac412252287f428e208ceaaec90bb7d9a3cbfa8343423477,1287,209,1496
26f6c8013a521b51cff642a6f2222d2f0b8ee69f974aa9d4f99e5da0cc78c83e,2171,350,2521
45270527cb9668c7af9c320544c71268b3e2aa94d3d756cbda31f4d8fa512de9,1194,359,1553
cb5fab85212b6c8900dfb79932790cea63065da76370e7b543316a5e4041b8ca,1344,249,1593
ea85dc42cab5d948e2af3ad1586f79a7940c7ca7f1d4b268d51276be8142042b,1114,205,1319
e2fda8da5ad0d3b7f6ef50abd3cb8d4c877dbd696517aa5bd83d0eb934727192,1101,374,1475
f1fb5e68cb5fc4068a2cfb8a3a89a49c457a8ec0d162a6f14d5f754e4998f4ed,1456,372,1828
96d8b883acf7fe4a13c05d1391b1302e17182cd947b247b2163d493a63d0bd47,1542,430,1972
7c1fc4ac0b65e46f87c8072af61af8e549c18cc3aefb6b823b1ff6ac14efe01d,1114,205,1319
9b27b7d8f4a0ff132034a0b719ebb45b761d19ba235369bf52fdc4689d012640,1010,215,1225
d715bc55ecd22f802057fee784e7189c404e8b250b7f795a2a0bc7840173957a,1449,220,1669
85f6d7683228afee1b70742004ac1bf72bd09b3d7ac5985d85ea8937a3d15510,2176,321,2497
376c8eee7e2f384e8d07470925d33ac214dc390d9cb59bcbf8d6905301cad67a,1905,670,2575
8336e498b9c4de542a0c2fac0bd85e2936b8a5d201bfe54127e369a02c02dd90,1120,208,1328
35cd681aa648c109d69136666072ce8fb82af567a0f3e5c03c85f38b538f8650,1300,202,1502
2c5ff98aa50e7ce1b406a5b8da6a8adb6dc7bb9b1ddb28b2de197d88a62756c5,1114,205,1319
d49628930eb696e9c1a68a78c989762375976fc6c159228d2467c6be88cf9cdc,1680,314,1994
42c565ddb1348a3c2b8989bfab7aa4819bd2e87338f292c47de227113200a840,1558,287,1845
55193dfb5604b7c35ade40618700474accc4c102eb41a7ccb5b4487f47aa8376,1302,201,1503
7c9cf6cad590d9d9c2ddd2a349734accae95aedd19db8231e553644cb1fec295,1425,216,1641
79b25cf16f8c55687201bfefcab75e37fd8cc494684dae08face49b8e9ee5828,1029,516,1545
31441359cff0c182144d9c387ffe44837d6e9caf0e0872d2662faaf5115b3a22,2183,339,2522
692e675426ac17e3bb92f645a1e97fcdaafaff6a3dddeb77f9ad8ebc4faac7ac,1544,869,2413
a66d338eb07dfbe4a997777480ef0f671936e78850dbb1b1d741f2961b3532f0,2276,667,2943
e970055f75adf6b0ce4b8f792bee309d2480fb1e26c6c97f8c54a373fe1aef87,1400,276,1676
3eb013262d429dadf3553589845f6f4d7bc5fa61836d33c2d76fee05dd0fd219,1114,205,1319
c9b8eb73a9dfa790c16678738d1ba8bc84c4b14952353c8182d693c55e30ed02,1051,203,1254
be6d82fb83fe1b023ea8f52aef87b2fe1f731f084353654979c83f1f9e28a4e9,1196,208,1404
c0da9be4ef947ad2b1e512960527c8e493351dee63026fc62035188782a8ce86,1100,210,1310
5e960fcd0049f7caa816eef70a4019357a7189c606019ae70d1780d489464952,2408,313,2721
4eac0f5939b6c050a297ce7c3693e48d7e4c3b31cb5ccb8175d881c305da5766,1871,1443,3314
41164530e942fbefe073604a2db738272c14fcf8bf9222be5d7ddd3c08a7fd0c,1836,312,2148
53bb88644b831caffe8b0002ece89df6c23eb6d1b73659614b1a16b40f58a030,1344,204,1548
776129644d34fbda94c430be6cb31cad65bcca02f1a58cb2e1bdd2bb49081889,1488,351,1839
551aa02cc54df1db63ddf47373c4bba84a35122d99a382b5abc1c7702a9ca5d0,1822,1275,3097
cf8b24b437e66723b52069dd4822eb7f6fcacad787d0a89c548f06ac8fbb5c7b,1114,205,1319
9b94e774017695b481ef90fad05ba32d3d77d328f75017f38986f5b6142cacee,2181,785,2966
6fab8a190f1a411e7e180e7f5572940de3e6042dd9371dd78915b7e75c4cb3c7,2144,668,2812
88e45349f23e15f2761bbd49de95a1c21cf903a3972c6e470617c6ab0b5d2858,1273,210,1483
34d06846cb2c34fd6307b18876ca5a517220b722bcbccfb9ba839e115d086770,1294,301,1595
6d116b96e41b598597e077c72e2793684ae131a00c75683c90b3daa3a85d5620,2234,666,2900
b45bc8b2dd3eaaf8699fa646e09fa7a84a25276b9741bbbb6d4efb129ce90cc5,2113,976,3089
3f93ea26315580852756681bb172bed9f761e41d74ae4a65414bb113db39289b,999,203,1202
99103009910cdfe56d1ae423e0df5d0df47e0677449279a063c6d0c40a24c748,1459,211,1670
0870038b386318c433cb69cd7333164c3c7307d0968fb8ae00a39fa5d5574260,1088,203,1291
88cc73ced249454d7651c6ee50bd7d0d3a3941df14d096567b90920b788d1268,1285,204,1489
f80504664c22183179323d3d2f1f566c0fb5c78a4fe3b27a2ca076d53b322834,1396,214,1610
e8b20acf26e7ae86bf058c2626fe14f4b6fdda8554a89a4fbeaacd504b20235e,1114,205,1319
6b40b31d0f6495a93b7aa33b6a5f999a1137d2be92368e06ffd4f178cb20d732,1412,442,1854
ca1297a486c1728a048cd5b5221bfe2356d88303cbedcc5eb0c2f105b15e04b1,2363,815,3178
430e85ad43ac8af9cb40089303c69163905ae6c279df2e5d03137dbfbb739a5d,2005,1427,3432
29f0da3b14141c2bf12b84f52a9d9f7c361de373b2ca88c589a7e2e3f4fd2912,2225,1627,3852
9a035558f5f9e1168cb9c96ab1c8c462932336ed031d866d5eabe10b75c225de,1355,209,1564
bc83fe3a1a0ccb1ba513e29481769caa14d35248e01d10402e0768c550bbc18b,1210,210,1420
8e67c7df72f9b0568cb9a57ac82a7213a76079483e46064a509ac8a72a86b8af,1231,314,1545
3621d8ca52cb11de3a00514965171d79fa163e26f9b09a9f87e6156802f52b76,1063,375,1438
0223a63aa7c4d3ebe02465f1950d24a3f28440f688e02545790a52e7ec700132,2307,478,2785
5e320db27ab3dff7d324e974b97988d4bc6a73595f70fe720245accf10080824,1377,368,1745
c81ee9eef42ee85b26719b5cbc973fd1c31dc678083d01c7b293f1d7327c6855,2087,607,2694
f0782bef48b80352de33a9fd16cf188f7a554b9b83c2772885849bfa42f6ff32,1224,207,1431
38669cba66fb2b14dca8381b194331a26148ac980a9e1b937e78253f58be9172,1376,204,1580
e1a08387d7b80a771d4ff35033f194ac99fad105183e55f61aba6901057891bd,1114,205,1319
00e8bda9aa717240e2807781abf4d45678599c93326825079e6d461eff4aa730,1016,206,1222
34ea781444a5e564332469f67c1b62f7589412b25af5a952e6aae35557d50d90,2299,921,3220
209f86e451d9c23e60c9af2ac07ba400a865ce9b341c292189f9643a51fc3dae,1241,315,1556
bbd8d33634724326aec7e4050dea9c268ecf3540c823d0f049bdb565f09664e6,1078,211,1289
167a5710bdfd609b0db1a6ef458a31d3ea05a06562ee5ac586fd08537d4fdf59,1187,315,1502
42d651f1ec9898248f8ad47751f0607b2613da06e83e50b1426ac46dcfce6661,2124,2410,4534
82fdd0cc9a49aa52ad014e7d35a25e4896ac4f5249af97c3b99bd320c2735789,1098,209,1307
8e3265cfbe2f5c8502117b4d8c7d983410c436843ba4461c774e0ff3977d3e88,1139,316,1455
202d06a66469c97cd2dc7afeacc92dc57fbd114e5444ff708235e17bd6a80501,994,208,1202
ea812bdcc25fb21a6d7165bafe254a5cc6d3d0295b82a45aed4974c91f50040f,940,213,1153
5157e1c22f9453800b6e98eb76d2aa89be0437a9337a665807781b2e7fcaaf93,959,207,1166
4c7ebc9d50b5aebce6a024d802617bdc831c51ee656bb1402ce235d9a96506a3,1149,394,1543
43b75fd08e5dec7be44bcf0b0e7adc9e153d15b7368c68f909be63fcc05cdc32,1114,205,1319
bd92f033d9f593dadb8451601b72ec834784f5bfdc09e933ae60ad029ce4e80f,1452,691,2143
2123047b460f13106115721bfb4b27a289b08dddf1ef6ab79ae1716dde4650f6,1917,1509,3426
fb01238228e0954e45f403b817b825bc7cf54feae1760a6690e1d421f8c937e4,2228,432,2660
10d41bc7870448ca98d3e5345b0b455f078d02b58e09ba378a28ec05ca48307f,2104,309,2413
b130b6197265cd972480c138a5285ccc8dcb0306ccd0eb7bc9fc657a9d6cdcb1,1627,320,1947
06bdeb63bddc24a5ad929e31d4527c968d5835bf83988c0fe7536cdaf942a1c6,1031,371,1402
30b6325413119157a89df5b4bae7973bd8d23bb7acd0d341f3f267e05500ec38,1520,529,2049
79346bdddba5c3b44e1aa39b20829d8e68243618f82857b5e823a6e643fac095,1558,361,1919
22a3046e9f3b07595645c6e4ae4db5144ec2d56555a2f32d5c40aba345f8d724,1536,517,2053
b17f7158365bf6d87074b7f844cac68f6d66ccbed45194217176b682e4bd1cc6,1802,529,2331
ea4a9080919eb79a1c96eb100fc5a51ba76f418d824f21e2fe9f8a0c00011282,1895,1600,3495
74769c6b19e643a1372da8ba1fbedc099a3dd8939c6423665f5564a7d0662ae5,1350,213,1563
4f1efd5c8711e4c50ca2c9d5e19d62f780cf65755be958ef283221af06042809,1644,456,2100
9ddd5352709822557dab1eaa55e093a4ad28a90646ba8200cc654f64e7c15905,1516,458,1974
854ee7b6d39df2ff9077b4d2bd80881216dad167905afdb6a29ad66904ae4098,1800,1507,3307
0828d7a37f9a4cfc23516826f3c0119b6ce5698631ffe9a3711673972917493c,1566,220,1786
d68615f70cde2d68eb486bc941f658c73fc3671b82fc0dee9d09dfbeb527bbc9,1132,209,1341
0da033c8e9ab61418623890168d1b8f2c718289ba12971391bdd40d6842701ef,1795,777,2572
14cb740bc203ee7ee9fa6c627d37093dfafb42fdeb27f1e63b80423316527bb1,1081,131,1212
9902f5b57c0b548513fcf5b53b3f6d5dfea87a3ac3bcad44a34cc8db151ed7c8,2113,635,2748
576c9377fccc44939cc688caba65d9206032709a3cf54a547f39ae5317e62504,2409,822,3231
5c824d2b0106cee7b2be1e401f6db49f606029c115ee9082782df86e94810b2a,1227,925,2152
46ae263167784dbf1ab1fca582a9d11a29dd318830c3ed593b5d9101b827fc2d,1338,371,1709
523bd3b37d4f72f6f56e50c5038cd8f8a452060c2035086d640ab782dd4edf14,1566,208,1774
92cda9967b86eba99b427cd37c4d9fb27e657029923191c598a4b2efe0ea5346,1916,545,2461
69d935784a0d2b05542c8e0a4acc12699e88efd1b532a07fcad373913b9962fa,1230,361,1591
1a7002cef742ced1d1960b992cd61ce8020f8f8959446611e4474774d383abe5,1063,212,1275
0a077dfb38805e94bfb388f764eec5ad6859bd278bbcab528ac734eace358f98,1296,636,1932
0db813abfac080003376b27d55ac94e4b8d8f5ff7f3f978cb88db8db375ff4c9,1114,205,1319
e335056b12ed224fb9a699ff66e86a0e087727a776d8f5f6d17c784a80f249c3,1131,209,1340
94e95e3a5c2a52bb6455064d903a162e6f4a9f5a2cca74ce149b3275c6f854af,1022,205,1227
595a715b8b531e56841cc3bf3bd0d51dd4019724d2b7eb828f32368fcd3d45b0,2383,1240,3623
0f8e0a04614662121bd3945a7701f6ac57645d0e193d43fb1b9a94254eb00d6e,1114,205,1319
56a2d6a6b75e4f606e08b9214203f8d2d790139b31c1601b199246c75976e95c,1125,210,1335
2cac28a7c9d1d63bd829c6cf785937840dc7e6652ab11932f91e44be22fa21a1,2369,1328,3697
384d32d9398efb27e92da7306fe1aefbe678b75cef1d39e11bff29b6f0cefbdd,1608,244,1852
f72128832459bb8fbe616508dcb197088417d8d04479a7847cdaf2cb76b7eccb,1504,437,1941
03a1f51c5407465e8a6188b782ae279d690143b596d8113a11224bff07620a8b,2137,356,2493
7c82e388a477e6b93b0d370587c0d52788e46219988632c1e46384ba9bcea9eb,1091,223,1314
1c534a4e00dd9c732eaa39027fa43337e761a769bc837e07962e0cd3bdebf719,1619,422,2041
77053ce7ebe577916cd62be3f491a49f28e4eef6abfb721b8512d4df647e040a,999,210,1209
cdf51850491f5044448a1c3adaa100d16cf3bc09104dc69f26d1f270fb15087f,1054,368,1422
5a5ac46bc4e4153708ee61852dad9870018e829b0a513aa1332197f5ef6a15f1,1495,208,1703
b1575cbd3bc50c7ce0634bad8c8dc66458f8d343a4454af7a769c8e242ac9bbc,1589,622,2211
545355bb0ce4422847b91c168dc08f28c2a3f2c1ea626aa2e70313b44ead44d9,2163,1412,3575
7642b385ab5eaf30b3d6c53bed46b64a0483eccff8aec081ccc330429f1faf0a,1601,361,1962
f9efa3eee1bcac5a56970ebc679e579d44d1b84a8bcbd1306dd01ba3c02f7abe,921,209,1130
05aa20ec4b3dd5d12d85f4fb5d9d2f36e96f834e888f79e51dcf69a7bbce0c45,930,205,1135
d643ae3653cd5e80243f84cff58b779908936582060811661fa067bc4ef7595a,2347,1450,3797
0b189dd63e6f7afa8e703c6f29b26b2ad1d4e76d46db0ea5f063c104573c682e,1689,986,2675
a27204c78c0d869d3f91a1b3b84c9a95b7772f90af6f2ab18433f0a2b93f212e,2297,545,2842
75c5317ba6c434dfe2c8e37f21ef5d861d78af30a1596afd16af005e80026658,1270,212,1482
5aa3f50170c16bd62022013b6ecd8d334e6c301cab7bb381eb432078bdc8d02d,1043,1054,2097
4d69f57dbda32c39baf4a10e6504ab9fb838b0530d3200e35654f9f0bbff542a,1030,202,1232
5f478ac782a3e3a0637477171f518a065187933f74e86061e703eb2d2d2e990d,1343,738,2081
7b932efea4ea2c7ce7c9b0af14a997fae29fdbc6b8cf800399f9300af1c7a7f4,998,207,1205
ba380ed2cc803dbb63ff53e6b46646ff3f020c922f85d859df908bfc1d66f13d,1533,804,2337
38985d2ea9edeb0c5a37516ecce4f512a3498a169763eec539545bb5a4ea27f3,919,206,1125
73afc4d75b3f76518ea907cff8f6455fe45846e830277ae520b2c09d012a239f,1380,294,1674
5d7e07cd8e3b90e4dfcfeb46dc9a218a5cff5437c6b047bb4f5238281c4f5f14,1443,218,1661
e7db8855e6bfb2726740a6207167251533d23763b5d2bf738984e523e06ac8d1,1005,206,1211
fc11eeea2a5fa966ee8af7f71a8244ce031e7d1cd356f6f7f0be9d5cae14593f,1358,206,1564
93bf6d7e5610a4c8b5755afc823569f257cda0ae42a02945c461d84fc7d99c29,988,207,1195
cca86bbc60efb6726dfb59d865c923a2a0479e7bdb8c72bad7aeda2a0b1bd6e0,1114,205,1319
96dac30cafc01d3711a8560622b36f5ba83f2c7f081f0501d4cbf3ec754df20c,1114,205,1319
ba0f47d677520daf7f91d834a6a8cf84269e80a67b6b9c620dd22c2d3df0337c,1412,524,1936
99a9247755feeac92ad8b3878a64d310bfcff4c642f46237eee046e4b833adda,1463,201,1664
52edc92f460cfaccc9ac2e45162d6b026508297073a66b6b1ec83955d8251f62,1568,282,1850
d08fa819e9c0a8c244308203f13d17a4914655b0894760ea1a13ccc082c0942c,1329,493,1822
aba266594c1230ade03e2de6944837c2f7060b443a45e5146eb2d678ce9051b5,945,209,1154
51931b89fc31d4214da1c3eb3a8d8bc1e108068022fafa6a1a8a44e20eb5f105,2152,1008,3160
538ebfdbdc4810b3fa3d27051d145c179289e4b9d60714cb9ad1f0e973698edf,1838,1515,3353
7e5b3d455aaa92dd21877746fbf72f9543d4ce993e7502dc22f1e97bc746f5d4,2064,971,3035
0eed9779a131dbe74eec024e213c99ae4cb5d39f1ad3b10a6133a463d7a87856,2275,325,2600
fec9d2a8692a4d16c94c5be8811fec118ef65d98dc050bd40eef1b288a6cda3f,1088,864,1952
ca98617b3210a6e1d7d6cd3510b5508492d48899016e358d5aeb360a2ce9b52c,968,200,1168
eb02ed98c0a86959cb2b188b37aab66911f84280eec61ef350d90e5bcba0d3c2,1122,212,1334
e82ac36c7f6f9dfdbc8ff0ddf184322e73a9cfd7fef44f051b4b5a425953686d,940,211,1151
6b82a342e74e426b89f94d45e77f64ba32018678336880b3eb531ad9e3aaddce,1122,309,1431
d4c6e276a5bebfe204f63a9949f399f9c21220eb5380551e5e9e2f13043c83a6,1108,380,1488
841b8af6e62970725f5226974b4636b55edd5b0294713dda0ce4393fce1b07ba,2136,1938,4074
05b031d2d95f593dc86899434b5f09a88cdb03155a9686fce3df496552cd3b17,1114,205,1319
2b23fa4cf3496aa311aaa924edc94c60fdc51f134087b65f176af1808294c2d8,2163,444,2607
e4638ba442f044f3ddf9aa8d8f22bc8d1b03b4d5c3368b26deb1e4b24503fb6c,2219,794,3013
1a613fca44e0a972e195ecaf5a684be0c46492415cda642131b9c0b3ff41a2db,1053,203,1256
293c6b78e0b63a1b42c59d8f2b8d0099a097200d827194eaed1f3d8cb1259b45,2227,683,2910
36abd5d8704b5d58f67606b50d084a47a0e94754ee97c645fd2cdd99e1c8c412,1804,853,2657
f76dfce539a7e2e896c73fd7f5f657c20a5646d78faccd0d1184423e660698bb,1112,220,1332
a65842ae10cc237ba2063a6b86d6da833e3015528950f7d6419c29e24c934e38,1036,286,1322
4ec7f295c53a95defa9685a8b117d5e5a0b9806749bdd7206a68ce0f48055049,1083,218,1301
c50376a2b645b7986e73671fc85c8d56d3111c96823a3a290ea00eee5196c65a,2142,783,2925
b686d52337281c0c947967b3861d1c4712902051ef005cc565580ec6838a4a8f,917,207,1124
cb359118b2d2f35c9386242d8dd89719ea4e80ab52c8c99ffec811e1ddd6cbcd,989,204,1193
58c20c68703a6814c404a5d420ca03d6984463dedaea8b242c69bd897de58235,2177,562,2739
fa03d24bc879503afc685c7aa1f567d3214da922c2ce44d57a41dd2236e620d4,1930,1983,3913
1f3067ce095265f61e4bf0c40a7cb250da95a231732eb95718b47f6aff456ea3,2239,313,2552
acc52ea5f700c4a27e6dc46a2fa38ca6b2d654e75efaff81cc70e0d762ddc68c,1022,208,1230
0d42c15d628eef7e52a6a894e83655dd48bd9a0b06382be6096da08260316c29,1481,946,2427
fb4bb3676de8afc0661d0d0a372defcd2dddaa37ddd5be1bbd622cabc3889e07,1064,203,1267
b71e23dec24d0b10fa3f498e1e092347c3cea970725dbea8ee3d0b692c6ae69e,1349,206,1555
75539aba57f344d08170a0bbe5c85710cf27c4c44c06ceb8525a1b9adc25a497,1282,457,1739
8cdcc17693a492937d5c8c60f515669b3ca54e7c8d9a5f4197d22fa881c2536e,1715,309,2024
434a7b564ac790cb5525d45afe7957027c9fcfe2158af28e9a5d0ca323efd6b6,1347,204,1551
c03944f3240ff824e1a29f3acfafc091e6085ed09fa01f9c5257f5d4b8f32cd9,1323,285,1608
62f17b7a20650fc3763774fa22c4efcf181ce9e92dc049c1f23b3fe87853a359,1020,367,1387
3cac9cd713a3c024af520a37d593253a3cf63a91a3480e00ee6b62df4d552768,2249,1323,3572
da50368973aaa3d6227b7723190282e2402d1881aec819f0d6f17a85e36d84c3,1114,205,1319
fa8f6c42e67327903d10eee6e336f4004b0847b137cb5ba12d8a570244561b12,1395,211,1606
c5de4486915701d62f6017015d1262f2baf7a75f64fcb63a6fac6000d811ff3e,1406,201,1607
4e35434377f7a0d0d256cc37970eef7505381ab2dc4feeba9a4b683efef15b67,1947,1785,3732
22387f5d5910907f1ee7639638f22e8bd4e169f5e61acc74eddef883778c5abb,1120,213,1333
c6a82bff86bea9d27948df0c5abf50a67301bdbcdab204b9fe659ed8211f76ed,1156,212,1368
7c1a6e68cffaf60ba438fb02408f200f0b4008199dbdf4a6f24de54d1b696263,1533,432,1965
a746308f142982fdaa4f3ddec9058f2d6a4f57a6a1d7bc7e554feec303e5d1db,1132,247,1379
c2fc3582c076c60ec57a934b160c82aa2114a0596b4f5d8627592d89349be94e,1658,317,1975
d26eddcff347b1b35aac1644b197fbbfce39c72b2c12b041a69ca45b15985430,1289,210,1499
b72354c72475dda5d606b00dc460cb9509d8c381237cb35da8782c7d7b481ee0,1856,1524,3380
0bc00d6544ec57c37eeaae6e417bcd7cd4dc4e747b49eae86c753d8f024484f5,1715,310,2025
3a3aa1669062de19c6796534a0f4657cdd7fa4476fe351c2caa5b64800b7d8d8,1246,287,1533
85f3d19875051238439cde0589c4bb61b44229a7e82dad9931eeb831a90259e4,1347,837,2184
f1bf2a9b0434f2e0980b166318452426050844c6a06af39b2bc87ae15969e316,1024,697,1721
4149f705077d158015bace76c0ff741e17794d7343d949157474cafe35839b10,1121,202,1323
7745fad955c253b6d5460c9e4f03e880b5b5975991c38af543c4ae76aa6a420b,1316,214,1530
913dcd2692561da3584ffc783dc79222e72952a82e5b27d10a25b4117b6b3792,1936,1428,3364
0e966477b5a74f8d7197a12f78ca538c09289a32c8d7386197c87af9d43f4a74,1237,512,1749
4bba5ff13a64b673d3a78d4ed2cf1cf671d0dda9e31008481b127dc669378adc,1112,285,1397
2a6b5644bcb451948e91d6dcf4121967d0b0a60d52f98a941d44bbb44e74b624,1668,656,2324
fb8496228bc0681450d8d55585aa6f20ae636ef0c3cb0b3b0ee27596aaee3a90,1114,205,1319
b4205396940adcc8328fb3475a30aee999d0b3ea99b9b6bed6e9df9364b8b318,1367,213,1580
6d4b8d810690f709b829650ab66e784e6c1812a93682a276bfe12e02ee4d26e9,1112,204,1316
84d356232332dcf02900056d05bea3b8225fdc8aa973f9eae912d7bf7d41140b,913,210,1123
20c1fe8a48428e2c6cdf760c9fad9b60e16b811b5ab130d0c1589d46de8837ed,1399,201,1600
c7228e129f4eeb4502b58e3c8ccc5e19418cf28c310baac578c453c24a4e0f80,1203,205,1408
718dcf0fa645f4cf614a14cf211bcf99da143953b94901fdbd57a52db3f682f2,2139,317,2456
cb069fff13f851681b0bd3cab40ba67e3ec506ae7e43ea30794831bb5d06b9a9,1349,212,1561
ecc746906f115ccc221a7ae37dfd67992f848277902edbd5fe01b3620c8638fb,2359,1017,3376
b3d2dec902e32b41a475965eedf9636162c31f61e2a447fcd7b4cb82826e7075,1438,252,1690
0e9371f65cf92446caf994c625e93d86658f4d6441f2de5c29117ae29e8586f9,1114,205,1319
a5123de8c796bf73484df220d2c23d6051966fbf93d02ae595744e29ae7b1326,1433,270,1703
2b0837fcb6075cbc5efca781d46c7b9a7580287041896649a66bc6d8ac96dc1f,1034,215,1249
8035670eb48f198110a734ffc06d46da8e57314a4d74868e9e6566925b2827a2,1248,205,1453
695e7dd07eb72f2dabb2cbb81dc5dccf0f2905d25f433a23f5c3e5097e4be459,1309,860,2169
05d3e799dc4a84aa558c83046613a3a273446d0bda9723edae417a73e84fd0ec,1860,575,2435
5d78d3825775be1abd17ec5d56045b3998691014b8d8a2e50d3faef8b3bd3016,1183,200,1383
749745d980bb6e3bf643d369fd0b63c5726e90a551261230a9ec121114786f13,1501,206,1707
cb55f37362ca9ff9f72926ef2db50ecc8b755edd3fa6edb9c76abee810d22e4b,1059,207,1266
bf48fe1b55b30142cdcc8105107edc4ba0f5dbb35cf37ba389989707482b7d1a,1297,290,1587
a6caf72594520593f36c02100e900f1fd9ce4cfd1d925d56fe5595b3346fe797,1368,541,1909
56c471a3ef2d267fb422a67322c3b4b2b5830578130e5c7618d0e338289d90c1,1402,671,2073
27f9ce2fb84aa41ec71fbcb25bc52dfafb22f6c429f84306be8b8c36e0ad9581,1236,368,1604
0db6091e621b9377afbf4debfdefd1e0bbf939a23e0ffed2798f057510d984aa,2229,1794,4023
98046c2599d6cb9268bc4ecf7703047ee8caa6526af680c7e11708b8bdb95f89,2030,1425,3455
55e71875bd4472a3466a377049870f72394455ae1964a18178cb168e587ae3cb,1563,363,1926
974300b5cf28432d22bb2b233a863660644e0101f14e9b0814e2ac332808e502,2122,398,2520
1bb23a0ffbf18b56cafe2366cb9322f8a995e083df4e8d923a4aa0a2536d5bee,1232,241,1473
3c29693b25b9d75fdbd9e7dd3d60ec0184045c816ae559ba88bf316bfb85e915,978,216,1194
1a4a21150924d2d9c66068e775f496ea8427ed128046b8cd924b36ccafc2a272,1168,284,1452
8972b49d511a40cc40bfc585fb4c2c0b859b2bc27b985c98e6c43e9578f85b6e,1181,450,1631
1dbaf610ff2e76f8b7135f9a84c0f3248499daedab6a7d6205569271edba292f,1523,204,1727
c45f45922e6e87ab3b9713165629aa9c884037e79a8b9e59ea26dcbeab72cfaa,1758,1021,2779
a54f824f9881f0b96265ed4f6e90baad6e53187c9f59f67a50ba3614e9271e63,1594,204,1798
9dfe5ce0f53b343d19b6741b500041cf93fbcd818a840dd7b1c0fdb7c064e2a1,2290,1553,3843
95867d9e242bdbe3484bf034fa7776cba56f1a00666a020a16f61cc50b86909d,1113,204,1317
d31123d3ca1f61f4ecbd93d306c3dd4b3f1ffb03b2276dc33ddbc0aaae691e6a,1294,304,1598
2c30cd1d250257d02528c886324cbe95537964cd7677529b813a22b867fe16a9,1357,710,2067
beabd33a8dd00cf63c0f3f9cfb35793ebc618a128b477e287a95ef509a2cc5be,1121,593,1714
b77eb716b84f29e0037549e4a301b07d6c61357c33d856dcbf6fb8d195407a21,2389,1540,3929
cb5759367775274f276648e85395a51dfc57768a831b86bd3cce123982693d92,1231,212,1443
6639202e64e49c8db2b15370ba47645ba4313730b468b8a79f7b5fc40664fd07,1830,654,2484
7378920c16908959b32ab5829ef432eef02add4545074998f2f92bac93bd2896,2199,741,2940
c5910520074d6e2465c84f718639b659d41d5c0043758c83601e895e8c4f5af1,1465,293,1758
7deaff0e1415480fc54f0f9d663193f348b7b30c49cdc9f8892e8710729c679f,956,207,1163
2310bea84a4b71aa10bc0798e3832ea1e4ebcfc76b17a54ded6c8c1ebe047791,1121,695,1816
2144ea6fec63c1aef297177d2864e02fe1641553f7f340192bb3cf1cad384092,1130,215,1345
91b2591cf5859d92c572bc1f86c8a10ef758b2f9ec77baed23aa5bfdb2bace9e,1206,315,1521
30bdfdaeb8c5b9bbe306e7d77d5a48fb742663c51cd4c5c8688d0a5047f56fb6,1874,1095,2969
14cc5a0e9e089f1afff0ef081d93324268deaf199a7eab3cce5b2725e1cd1368,968,200,1168
b6662058d9119a21a950a84cf1d67e1e34dcb75fb8f3c23c32a168be485bb6ba,894,292,1186
15684b965c09ef900ec87e8905ee6bb9c28e33747c4c47a7b803c66c738ccf00,1113,205,1318
c5352e44942093b67c8b6fba64fe6b8c7b7934f81a439bff193a6eff44be3025,2262,438,2700
1223a82b6b4a29e92135b24b2ffa67fb3c4cfc73d97e2b0a2cf77ff9e9be5ec5,1164,210,1374
a8c0014e8490b9f22b851f9e2d06229ede4cddc2e86329f5df104848bd16dd48,1870,1458,3328
c5ffa7855ac5d9e3ea70a13cd9fc07839517330f98d479a33e6ee07b5d522a0c,1072,203,1275
0205ffbf631f115680ac176faceaa74b0a967b55e41853d742ef6661d0b1d67d,2065,453,2518
87a613d4b3e405990572f2b73259e171ee1a7ad98439e0c154d4e94de8cbc9dc,1275,544,1819
339fac35c36ebe7ed02e3a4ca14819af4db35f9d38b8efca7c8fd18a59caf1a7,1555,586,2141
ccb01fdd417401291c472b26878100ac09ee76ed6ad9b7ba1a143b34633475f3,1294,211,1505
0f787732cd6742c5355ba6694dc694569965ba321ff75d73e7ba2d715af635a3,1029,204,1233
80f7426686f18f9e2a1ac4a829b7ab7750423d5c26e766b8070a196ddecd6b77,1565,209,1774
de9c2102290ae2968682a33c290c20739a610031d7ca2a73b3b043ced2d5ab64,1372,252,1624
46c9be31388ad83e539b7a9deeb88245c51f7222fe88baa1afb5f6e76a30135c,1010,251,1261
2203a38f2d071e9ba38c524c6cb00a4c2b02ea0ee9782a5beaa22e0a9a9f6294,2301,1185,3486
9dc83c88f240b34c5236e1d118f709b95cd8fc83d2cad06fc4a9af2bb30d733b,1987,1237,3224
cdd08bd565dc3c1c9060aeda9da06721e5e607c7e72caf87f5428a4196a092bb,1365,696,2061
5fccc54ff5ea2a7e4aa6b1c0a1ae5e93a12a2ace7a547d2e1c15d648e83229eb,1273,627,1900
5434a95d7b029173ec16847c5e3dbfa0873312749c27d2bc5fb633ab01ae0a64,2207,1527,3734
3581b47eb7695a34236a09585665e4866d39b896b983bae5ef7401cede6097ef,2253,1369,3622
066dc7145307c1f9cb7ac3292f763e6fef81c39304c7ac8fc6eed2f7a0a58c1e,2308,1340,3648
8d7588f4f19e90b13f7122625260fa918575a1b64b86cbf3e3125af17a425f9e,1932,1510,3442
98621589d8eda1aa633ebfebef5a40340cfe47cb6f49e5b7459677583a94523a,2239,1092,3331
1aa240e5332b5be98b32429f40048b62271eb74d67c1867f978fbab893e6675d,2018,1664,3682
55bfbeb4fa68c62e1501434bd27a7ffa5905ff12f3211695d349df04a698010d,2333,2538,4871
d42a25ba7f52a3fdd1bf9eb37cbc7b9d25dde3da0d9da5052caed4527b87f446,2166,1776,3942
