id,prompt_tokens,completion_tokens,total_tokens
91e8bbd40284f4df63ca5b008586b19bb46f814222e56c8438bd79d00095227c,977,204,1181
bd3a196dafe6a22610399fb254fa19a1684c68c01fd0eaba830ea0053a24fb12,1171,205,1376
b092a0e25368036128ac38022a739957fda563bfbdc240723c7d90bdad7db18c,1123,204,1327
db9105e74bbdeac68380a1dc1f524c466850c16f7276e6d8fbf126399e198f99,1089,211,1300
1c0cd04dea27a252f1a7c8d82ed2d934f0175647774869f27835afe8dcf1250d,1012,211,1223
b38d97e78344a8c73abe69010fc44486e99d437e44986a42850a9320a309721c,1492,214,1706
77d36d52da668084aba84b921fe4bbce5483124efd4d20c88447c3744ad372a6,1147,364,1511
ba860737eeca28f90cfe6068fb063ec81e38ec148fc5efad1be0c5cf83f0fbb6,920,202,1122
cbc4457f928becce271f36df31d8c02b94e5f669eff8f187d760f95c9c8d1b74,1461,209,1670
5d6e1111f8395e3d08753d6ab512995d52eab81267b325bbf4bba3a6e4e71783,1113,211,1324
31c9e708f5def74a4ff8bca599531a72102c281abf4bb44e06aadf968ead0070,1181,208,1389
22efa41ff91ac6a507c1ec064b6f2d5fdc5d6ada4ef52159f3bc1c1a4b8f5d53,1388,204,1592
53a8512316b7803b9f578be072056eb1527fa6f39cc007b4d0bfc7ed7d9990ac,1253,217,1470
a7d94898d20ec0f0880ba45070b52822f7da17fb1e5e746d56969edd59ebc19b,1478,449,1927
070444b9fd970874f02189438c3b7c7528a02dd7270d8e9405d1255129993a1c,1059,213,1272
9b5fc957e0751c118caf54fa36a94cfa6e63d4c393646d41c46ea748934c59a1,1367,221,1588
a471cb5e6b62c9b3678825dc29ecc373cec3aa8c85b06513bcb4946840ba2b20,1208,280,1488
54f1b24d28a76eac00463c5971aef53dab35cfd73d6b20212e411c5d836b6c99,1123,206,1329
0fd52cdec33dc07210638d51eb86d160e92ed85f3e40b1535c7bc1562093dfdb,1100,203,1303
8fadef24e46f5ad2b17fff8a98386f825a5f0c2d152bc5eab4056a79db998a12,1039,212,1251
dbcc008c2ea0c6fac66c0f1be2069238e7f565ad3fa158ee16dff91eb4165ba4,1294,289,1583
bde103ea2558b5203ad9f10876d0b99efa4815a748a3028d09f8dcc2d045450d,956,217,1173
d6d4bc3bfcdd8dd2f6904fd2c76a55d695aa060ecefbd0c4e65c8f834b109880,1462,308,1770
f024214bcf2a6b81862d37e784dae30d3fe0bcd6816a96f84545da9f5eb0073a,1231,214,1445
125aa0b027ab43baa87dd2c548df8c7c5fefc8642ca3dbcb6c66d11ddd42870f,1030,295,1325
a4e94b4759739924a318aae0a0e212d568b681e3e94a370e9ae89de01d68db7a,1049,374,1423
6ae79a4e9260f47f4feabb308767e2f8130b4525d7c37f0d1e63763ccd38acff,1576,215,1791
713a2f82cabfb82f793c6112d2e89e81199dd1862e48e27c3b158459fd5dd76d,1123,206,1329
a22d49b0c7d1a6e6e7a1fe83ac7623b011e0c5d8208dfd6de22e0fe6b4c16fe0,1181,134,1315
b7390ce2f384222e8035f8fe20339e1a744eec98bbfe30a2f1c33014d9325c3a,1314,209,1523
3317b0ab01debc6e32aeb542fcf2b76d94a3a4a6176c854173ce21edae391005,1658,442,2100
a25a6c1cf14c5ad666db2e69415a00157d32aecd265eaf1e4f0412c2eb6b8fb7,999,288,1287
018f1ba80a70edcff9a84d76d94e5769d54c4f98d7631d1b93907d71f06c6626,890,206,1096
da0a73ac6c9c8805207812c1a92e69c987877890fb863cc15d27db7fc6376c86,1436,451,1887
a8eb3bf917c25bd7053c44201055ce0736287c8b4cc888479abad8abd3b5277c,1382,378,1760
31a58c435541d0d510ee51338bb466129edaed6b9424e6d8dbef6d9cfa3a3a5d,1112,211,1323
2b2ff6af3fb754522815ece489bd324c351be0eff5cda48b3871bfff8237c9c9,1993,431,2424
1a1c34f4ea00432fbbae6264e16bd9658d54d1539d9feb0a528ad9551bf77308,2117,548,2665
45f79afe81786c2fca1e77d3ec86ad1b2cc2159b42acefe4daff6deeb6ed4b3d,1039,377,1416
61c019da26741c2cf3ab4fb9b6a901da98724dba7590e75e88a25028c73cdd23,1262,438,1700
03bfb4f9ce5b2a6e2bc5efbbc480c35b898f1fa7f10f7f3ee86d95e69e998212,1210,318,1528
9403aa49408ad3e66fc29944db2a55c722b426f857908317d7fea773a8ed639f,1007,210,1217
28fc29acf2cafee1041236a08caf8f16adc7278c9a253f29616517042a962f12,1330,205,1535
5337fb630d9e122c272af8e98ac109b5a7ddd356ea32edf526d118981ca93833,1002,210,1212
b94ed9b30508f8fae858d7b5119d70cadacd5eff550c5be76e8f481ed0674bbe,1215,211,1426
b17767d4a932f8cb7468fc2a9708b915eab22cb1e6c01e3ea56d62c995cf459e,1047,364,1411
022fc2de3e842fb614fce2b96f0c64c5a8abf8f446d1f90006609c15ad71ee9b,1637,574,2211
fdbb8168d6fa375b145ea0d610a11c9c440eeef1cd46a4a6009ae39fe4e1e5f3,924,286,1210
01cacb4cbb6b041334ab0c864ace143e68e470674004597d895459039629888a,1001,284,1285
266684ee2aab895b628b2c2142645fa90d726844492aba0f014d213b64c61552,1410,363,1773
d1465ce3934bc06c1db57c8ebb4ab66957448f815f49528f0ceb37c44328076e,1075,209,1284
e707508d1295c1ca6f61f664bc6e95090a00b64b17f5236c2eef22caf8dbd4ff,887,201,1088
11f464794f8684702992d81396b06416fa37e16173cbf00a7505d8a8c0a0f790,1136,210,1346
98831de2ac89f6f840489f85e14b1dc940058dfdba0e55cca1b4a1a2ccc7dc86,2149,327,2476
760fc4a0ceb90b521f84032d3f0a6c9f056eb09c9180411a887270a5a27884b9,1141,370,1511
6bb05527bec8ee450eec5690c2794e9d816c687566f602ef28a4198a625f86c0,1422,210,1632
68f41644b714748d31c4d64bb029f14863c81f441e89c76f59820ae8644ff6c7,2303,320,2623
1398af68da2421319a3ce7383ac58d70705ed06c41f4d3fb4094092fdb9cf3a4,1123,204,1327
e03e5e815ff332a01902540eacdbc9a0e750927d9c8d605260bb794448d3aa70,1694,311,2005
856facaa10a089040a95bda6f2c0c433acfc85c42fb58f91148b72bcf3a6341f,1599,200,1799
c0ab03e1aec581e096c98aba4bb13917e280460f60c1af8bfdc0e337ffd67808,1267,218,1485
6e077d546bd8c5c6ea9a7cedc9b89bc58aa3764b54aff6de9b79935002147488,1652,763,2415
5afc149da05c942046b3261d858d7f79a5fc5b120a3d00ed86be252fce6b87d8,1107,134,1241
dd0c115551480b2dbc8f659699e93cf8525c4ff18ee120e39d70143013bbe31a,1192,537,1729
4c23e92599ce2a0d0a40040ddf09f5b77ac03e91e6b150c1b6a60d8cf1114f02,1842,513,2355
599270929780223929e0215e939b5c94b9a933665455caa22e05ec25264b0076,1106,376,1482
1a85275c4eb89b6ef3f46666c17c0cf0c00de536db8d757b869860072c76d31b,1206,365,1571
41ad63fe7e63d6f86491c9e8714f5a34a132fdcec95703de4770f17f94ccf883,1046,213,1259
64812eedb28ae5147863a2dc71365bcce6a7d7e8439fbdbc8322b37f1b763439,1119,204,1323
ff8bf6700f6a862bafd44c45921c29f4d257e68e4404b5fe1534160d923d7bd6,983,531,1514
6ecdbf88ca0fa0bb935bb8be2d9119a078411b6f44f65a3b6a38d0fc50302d9c,1524,215,1739
d0c44b1d33872a693b5af9efceb3e66d8d3cdad0dda4ad8eedab884cc42636be,977,201,1178
0935e41bd70aff96572c48eb08e3aca86290a7778fbf7414dd57e59334b4915c,1130,301,1431
fbcd0cf692f412d4fb1648a7010fdc90197ecc07ee33f026f51229c35955a348,1145,542,1687
00a0752f72cbae0666e191926581af6bdde3cc7aa81ee23418e246a9b0fe780f,1490,294,1784
2356d108c9ad49a4ac7fe34c62846d1569e9da71615e949831f8bc122859db15,1617,666,2283
50e15ee0b509a04830979aac6f8bcff6161d1118acb0f8b6d1f779e14db326e4,1193,372,1565
751eef04f3b802a2854d05daa8b95046aedbfba02de7190e54e4f79bbd1c4fc0,1285,375,1660
88f20907182988515a630217a9e78922d0a1ea668d15cdc4548aa57f9047b9fc,1396,211,1607
794db0846637ea8593dbf354df8b3a4421fc840d8c901aafb8281484670366e1,1047,277,1324
956c795adb5d330b188392b09afaee9b5e6beb9507df2a3b240fa7fe3142db85,1005,287,1292
396f3db257f9d961970aea5f52246614b8ba54653c5fae1e6bd6f1f803ee7af1,1281,248,1529
07690eb4cb40825c60c7afa47fe4ece585063be57337cf2d5d1b28d09786f40c,926,209,1135
8d2ea6db44b50d01c19b9127799848da3ddb20b16629c3721b97e0f7188593ef,901,209,1110
b920d3a7a5c663427e314e617f68c90688bfa1e8ace9fb72b6a8820a08402a8a,977,204,1181
192b0d5a0e396458e0d5c6ea2b41c126968bf825389d3f8da917222449c6cdfc,1204,435,1639
4f92d9543ce25056da3b18bae87630d8ca876b78c696e35f1d79864a971d200c,1036,222,1258
c20946ab78bd8458eb8fd2194a384406967659a7cd16aacae552ff4f670e4951,1426,246,1672
aee4ea878cc3874c9a04361775597943736f5777aae8aa6055ee73e0b4d1fcae,1385,203,1588
89274fe5fa6778bd2f7f42d3dc1a3ed9b919b6325c6c4c46d64e20808fbfa840,962,202,1164
8ca329c53256538763e6675ae861a8497ca4c39f540dc6f127a2c30c135cb16b,1956,314,2270
00ceeefb5573f6d832a45ad22c1f3cf097d698c39c4192f16790521910965a0c,974,202,1176
816475d30abf03777b023cfb4995bd200da654e52936138d19dfbc657c733b70,958,204,1162
340760ae216eed385523893934736907b68f7f269d41dafd5ee7ce85b0373728,1266,209,1475
03bc3624a6225ed2e1eebbb1421db2369ba9377253a91e4f64daa07c3b6041f8,1060,205,1265
a65ab86677dc221a9f2abd74ae88edb7dbd9467843a49ff2a36d5704d448e3db,1055,205,1260
74257085113a1cd0ade8994ec23678cc07a8efc924199e99d69f9ac49d69e02d,1077,205,1282
de3c026fe9675b35d7d98f6464d8eec3ae4bb186671c564420a3a66874a43f37,2102,546,2648
e2fab9fb76e75f46aeac6424a1db2ab7a836bc6648309263b757947f7990ff44,892,249,1141
4726337a3920a84a3d8bf306e1978a5e5dd7b0b9f23e0e77cd8d04f870039038,1057,213,1270
22b194ef0222157be82bc6f4dbe4f46f8a66b4e706f888d9f05b42fb078b3897,1123,206,1329
0f8829c5ab66bd25645ba3dccf8777ecc38a0a1805690c6dcd155d27ab71609a,1794,776,2570
96b0361008c69ab1d7985e276a93e80d11fd25994ec9beabb43cacd5d86de69d,964,296,1260
ce3d75e21f66baf270ced8d6c92661b20c7da6842d636e6d93082ebf69462f05,1318,382,1700
b38a3ea2f8bcf5e8954a09178372396a483046efa521b60fff085627648230c6,1352,217,1569
93b7e67251208befe740e10bcbfe81f2952a64deb4faf7f0c6ca6d438e6fc89c,2332,313,2645
56b76d2f746978e7367ed9e805ceac555c10ff1a9f9715b5c555496d60fcb847,922,129,1051
f8d5c42530d9f6abc5cc08da5c74f0c2e92e22cfa2f194d9f9f849e6b09a381e,1259,213,1472
d345bc3286c417f3809062a46c483be617c2ad9e8615a4feb29fce8ff4ba6f4f,957,292,1249
2afb595932723727f529443d1f0d8189489ad87d064608491895c9092c6b072c,1477,220,1697
b2e29438e3ad5c0d0ad8d465aaec7eaa60c572e771c2a894c216fb8dff4a648c,1217,135,1352
bff7e78ccf0872e823ea243fc921ff879510d271c2bb804eb894157f8786bb0c,1057,592,1649
e4a1c65fae4d720b80f32182092102211436869550ce83b0ed0c29c8708feefb,1445,219,1664
72ffed0dd5ab7f0f957b89bac64ed9b4389a40ef6e5430dad3befe994fbf0bb1,1040,211,1251
f7875189352c9a5491320d1671f7bdfc922177a8f9777fc5d86a0c21e27ca3dd,963,211,1174
f39cf6da9efb33d791c4bb6355d50054fd5ca9f3cd251fcae943064475fd0e49,2059,329,2388
3835689c9a3d357dff425b76a4532591f53f8e31f4c24fd23930c2a754835c8b,1361,207,1568
a3ea49427f9e42d1b6f584bd3a3c223bbb681e5f362182331b2fba7cd8603578,1016,209,1225
0cf80bc795c9359366b8229fc0b97069d309bfa704d0be8a92a1ca19a1e05e4c,1477,449,1926
910e06fcc63c1a5292ab7aeb4db1c1a5dcef294713dffdc1324a5fc0a7161b0a,1301,211,1512
89e359af43f2171839f27b9fecc24101daad38ddc267eca80956a2c677c59011,973,389,1362
ab7bb0e77643effab22eed25b930027fdc4408583fa6305e2cd2fa69140edb2c,2218,547,2765
bff9281e0d13de6723197f9c17c17ca4afe7866052962b0e81ca244f583d4bf1,1877,313,2190
4745c8a5ca45fd3badd423bd15af23af26ecf40ccaa779460e2ef57b064e7824,2223,539,2762
be5975dc39bcf06a7ef986f20f2525f92032f9918a73110611155346d788dd95,1251,205,1456
1565c7d503fa54e0ba6d859390522ee89e86f27f21d6558107f6fb8e54634f04,1056,205,1261
abafb3928bb85294b9d7662cb2bb4c7ac3c5e40a773ec037befcf7ba4e51a208,1090,698,1788
289d8e18d33c2fba001f235c144288a908295679f4c8a6998e770639d04c61e1,1670,314,1984
5cc069561161390ba4241480407ef60560ae739756791e99ca687197c8092fe4,1123,208,1331
56f84babc50baa244f6d04dd8f1ae9c4585e59be5a368f4522d9e17ec0d83a6d,1207,312,1519
724d8ddda8ca098404b3bd8305e5929a2841124ec2700ceeaf053dea1a62a733,1067,290,1357
4fd8ab4bd4624d7132d22a6a7481fdd255d1aabfbf76f5737a0668e441b3adcc,2165,659,2824
8133d7b223b250e6bd08893e11e1939d53d797869a36414e05aca0ecde9187d4,1147,419,1566
6a5f26ebdd3b49244d292dba1258b0f29be61b7f011dbf3520fecc4fdd64454f,1400,449,1849
1e5449146df57d3b6df364106e045a947634c4894e22f70aad22638be5c2a7dc,1387,356,1743
9837d1ba9d20a7913c74542da40f11f42fef0918698ddfb24271b6e316876513,1000,293,1293
8ee1495c32d915a05ba57e71c9386a3caf0fe4d2494843fc0eac81fff0c5fbab,1842,330,2172
b1ff0553965ba65b866191d79ddcf24be5459ef7bef25216880f8cbced670e9c,977,271,1248
95726e51dad0d87f2e483f89d45122b448650f3dfec13b4cec6f8d00b74dbce1,1172,375,1547
ce424a770ca613277467f88a842e2be2621329fcd823f24665b576cff635f5cd,2072,544,2616
59cf5e235668ed60a9d66dd38fa152138b2084cc5f442ddfb3b8ad8a376c5182,2223,954,3177
1c7e6edbf61c9750fbe954517c17bde1fba5d2e860f70f3988806ef4db2d4fb5,2242,761,3003
39441c5623fa3d4c8f3043a5ed55c943a5cf93913e96fbdb4764a5813c0ef623,1748,547,2295
d6699f432aa4ab25b5e9b1b380e830f47e4b08dbabf45dab4c69ee0286c75744,1338,215,1553
566f26379b4d9bb1dd8973eea4b96c4f8b76d4cf9cbcb632e9fb254360b8d533,1031,208,1239
397fc0992381dd2de722f2467993c539f5c072154646887ef1fdc4407d1f246a,1166,603,1769
56f6abaac01d3ce627a3364e12215e91166c062c5ca5e8c01fb3a0891b2a3524,992,203,1195
420c7c505d2f2f4cdd808b0f66b9f13455b6409c8fc2dc1b49eac6c49d922280,955,207,1162
04e7b882bc04b61a8a0c3945c87c496130c6a595e35c1bfe16879fb30f03266d,936,214,1150
b4e5947a79d44b5b36ee34587dc0dcc518cd64507731e5349a2636f1170c16ae,968,282,1250
662455702f4b82f13ffe5b515872e71ec22b74d929ba0fe548eb0de08e5b176a,1104,476,1580
daa4c9c08188edd1bfcc60dbdbd25207643282ff4ef675cdee6ab0fb55ad136e,1600,246,1846
509f588dab76c0a9bfd54456fbb5e54de392a02f4edad28470c894e0fd064619,1053,228,1281
9011805b8d0e9e0d920661996640b186099fe2e41fb439dfcc11c38109646a50,1749,315,2064
1da0a5e1286296c0efa12407c7ed95654eee83f972ba0a73524bc0991969473c,1123,206,1329
895fc924a4f9de4742d63d9334f71f91cdfb162ce26a17367a80c5db98c3c044,959,243,1202
2438b6c2da8241b0b70745b04cc296bed48e2d8f04d1a158e6f2d4dd8438b728,1569,204,1773
484e1942421e576f5fc4c50ed1d214cb6ede470b319e0b997423ac9cc8d3da52,1039,205,1244
3e0d067b11d412c02c028a219d85576e2a043c492951a60c123f8dbee9fb2f70,1065,205,1270
fca08e0e0074e2c0cf1871d390025d7875e6c5642bb9175be487d9404094fcea,1445,205,1650
133d70f2e5dbfcd78e3d4fe754e3803e614d06747113f957a55910baa0b1be1d,1081,205,1286
e33c0ca9ab4a05afb0ef2e7f42fbabb048bc4f5e352bf0e4199c1a6e312158c4,1756,424,2180
d853f8dde96bca6a808365800bae057d429e67f5c2046a9d722667e19268209a,1001,284,1285
c7e405f34315ac24564cb27fd4ea87215e1fda076e31b44a1e1de0ebe48e8c3d,1232,213,1445
6618a278c56aac9f7860992ec4f7f84f4c3abb5fe7d1f42766b804867880151f,1315,367,1682
37f052f7dc3aa1ccf22e6af7bafce58a6773ab7166dd05a583637f7f406fdad1,898,214,1112
686dff5094b400d131da5051e1ef3b3fe821cbf985bfb4c4d83ad4602f764731,1086,371,1457
1f4c0d45986d72cba34a896b2edad5ccdb99868270305969f3b8738257c6e4fe,1496,204,1700
097f7747baf0736519296d9e910d4d45767a23db68369fccecf7964390732111,1576,282,1858
21f436b7f7dcd28e891086c9c9281936b3a3c6744957930dc0c571e7abfaf9a2,979,206,1185
28d1c5dea25a3e11b7a813c9949d8cafc954f74cc4bfa84a396a614f7955368b,2015,652,2667
751d20a47e8f78a483b1509ed2953359073799e6beb87eaf9588ac9526cfd391,1987,310,2297
37d26e6f5ca7c2189c26d73bd72668ad42783bf8a47679c66b84bb3f45cbb16a,1686,313,1999
6d6a8b685e08f72b30395bb673665ad731474a53720a4034726a4eee3b2e0e68,906,202,1108
c91917c179535d50410f8470e53e537a681142db0128b665f4a88e837175cd2e,1038,212,1250
97a77c1a1ee5165981141d177c0252324428eef69089509195ff9bb64b284a85,1063,286,1349
24050f13cffb40630b1dc0bd1319fb955d667bbaa31a25b8862c22b870ecc7e2,995,285,1280
ac85e4adcb26bffa90827a7aa1519938199f17d3e50f24c9433ac6777bbafaef,1158,281,1439
bb953ed8293323799b64cf539e307abe184479151b7f170187a118c43382495b,1267,208,1475
721f2cf159702a5c03a95f03ce4fd2ccd626a097b214c5de0039b3d46cf68fec,1150,202,1352
b6ae824363c15c6708aceaee7ba4876c76b17b3735c3a644b485ce5b32d458bf,989,211,1200
8b6b9a8b06cc851ddad75067a1427045709198a63d6b94f50c7ece0d61969702,1123,206,1329
66c0636e475c9c75cef9c2b05640d46fc0dc660f03934737ee4d112741a00a56,1014,210,1224
71461da6351f0d23c365d07aa3d346eb44261acf76fe24b0c1fd9542df71535c,1443,776,2219
43ec67b3b58843ba55cccea9a1c39d9ca0ff62476368bf8ae34c784fb18e0305,1212,212,1424
63d90205f05e32a15f905ac48ab4cc902c57256e7c070e37847f1186b85d1db0,1473,205,1678
e5439587628f074409911acc2dda180b147e8d2bddb5ea59e66ac41d7a8ac565,1104,210,1314
e0b082ee98536a5fb3b1d3de6fc16a70053d8c5bc53763b51e09c4c977390fd3,1401,455,1856
8f97d8034f8bffe5267feee3a7be81f832d4e7b0025f9bf92f716f20cffcc77a,1739,313,2052
d56b4e8ddec754c214b5f0ae64dd90763b23928524bcef21e584aef292861d13,1957,317,2274
8bf7387c51dfc821ae3b9efee8f8c9f2f72ccf563caa7678ebbf9916345c1ac2,1591,207,1798
85c5ef655f3387224e7cf0c9796073903ce48af1396b344905d29f696946bef0,1296,214,1510
bf00da058b758085c3ebf3fb43705074496ed04f735706170c5b0d7d59d267bc,1001,209,1210
65576c0a10bb0a70f13d01fe073773a89efb200b3bfe111322dfefe510153c5b,1145,208,1353
933bf250d72fca3772797c91747eae72fe749bb6e374014ba30138b4b58d0d4d,960,283,1243
874312e79bb51dac4f1f061c27aaf25fbdf9d81d26f2f9ada60f5126433b21b7,1249,454,1703
1527876142aea0e5210c3a511ae2850b7dd81d3fbb4e602e9585f3a823240d7e,1403,205,1608
81791a2bd9184380b012fa05b0c38415d8140d111ae396b80c85554d6edc5ba0,1364,217,1581
c0441ea39ff6a52ff8dd23399398dffa90caff328993577d8628edc6af3452b8,2236,688,2924
c782af968b27be400deb93cfc69bfb15826115e1fedd32dbcf9c29349e5881ea,1342,370,1712
cc1738de848c7bd09aea77e8e138926143b8b3d499056a10d1523df8a4e7f008,1369,290,1659
84bcee0d9aad5d47419317c6a12bbd1a1bacb3a3adfbb111cfac5e8a369dd545,1249,208,1457
d5ade94872d9b12b243cb0d6d590d350b191b72745a28820574ac6d4237bff88,2186,430,2616
ebd925c730142a4319e49a27144f87f6255dbf3e61ef7fb307890ce3a87acb4c,1618,311,1929
0434d82d7d21b47dd90c2dc3d32340e660dd0f08c72c796eb1e2bd7165c163be,1142,215,1357
06ee4a2fb6a86203678130aa86ac64c97a72f0baea5f470e35bf5fe5c9b0bc1d,2269,1362,3631
4325d1e20bbd56d827826ee284310e262c7259e1939c97f4a8a98249f1e1e665,2085,496,2581
c23cf5ab5e761faf5a47362d2067fac448dd332545c00469d3bfc956043d66c5,952,301,1253
419e0bc1541ba3661e069f25ede0e0aca6eaa19f45bdc5e6e7dced9c05823bd4,2000,316,2316
a9f1c4f25211a0f007c99b4b5f89d8cd7e502bc0b23b19eb47e1710d5f4aa5a9,1010,204,1214
f9c25344f089aedf0909294c11a0238760b962741fdba264d8652209feb6c8df,972,287,1259
292ba703c970bc74189ccd15bac4a2c8b6feea3f892cfff8d953fc5ba7d2aa01,1083,208,1291
de76424383b6d0929a62552ed4a68648d80656c0518300d7a34316d95479f349,1775,554,2329
83652f1129541fb28b12bd71716054da74eea7d69df5b090f01249825ad4ea8c,992,284,1276
b793e5120603a1c3543fe8ca7bfeb2a5eeb9d5564a9e6a9366fa5c6cf3073a44,1123,205,1328
d13afd7e1274ac7edfae5a919239535c5a2ebef7d01a0a24c1a6b6ab20e5855c,1702,312,2014
d2e10a94a3ae8293ecf0d6183771b8d43b482fd1e813796d56d2356bd305d0de,989,206,1195
2a690b304fb803036d0f035c0963d8daaa29baa8d0e554eff9581e2b9d505bfc,1027,211,1238
bff4620eb50ca073628d82e88ce32bb374c88a51aa6ac13544e33b6863d87157,993,287,1280
9a365748b265374acdbe39afbb558dc5057074f55cce29c562dd2f92d485dd86,1938,892,2830
45426581099d351f41465e3ea00939767a6c13183160a959d18a2d54b2553733,1579,210,1789
0de2fcca3627163430081a2cac5e2d3754495eafa4dab2068601d526496011cd,2515,430,2945
5638caaa5c08b8d74417042a4bfa96a1bb6ef1f605ff7719f0f72565f4173ebd,1800,315,2115
6370ca96f62b67f8ed8d2648831e0a3dfa6b889f3c355d9b793e56f156c6595f,1212,295,1507
2f0377d104bb5a4f521d02e920f227d3fd9dfc15a099c7b421f21c5077b9ef5e,923,212,1135
a1309290ee42e28d472dc4b45e25422e16223a474efe896982312a5a2e3f2d15,1308,210,1518
4cb9541b673863c392aff1eb8f0dffe01a81c8059054166baa4ba99147123b05,1256,289,1545
cf59965b6d531495fd219211042c42e131a7482357df0566699d3efbaea07ca7,1117,204,1321
e8cde8144a6dc3a2ac2037df021b6d41a8d5b7101fdb361fdfeba7fed58814d1,1499,226,1725
ffde59cdd1ddcc4670fad11409acbbe43b6ce25193a840a602f0b0f70eb2d843,908,205,1113
3639048eb292368063ac4c6d6f1ad1b30dc31a59ca7622bcb04ff2f10e372c25,1605,209,1814
932794c97e1e66d9dda745b38602f007f93b2c33e95465f436a3bec85841d860,1311,283,1594
a67d368cd401492e669d22c8c9a92823e495d6d041ae597460ed8f649da5b7e0,1313,214,1527
2bcca3dbf6e6f096cc7a656f688cd106dd95e77abf42bcaddbe284f22fb0f4b3,1699,385,2084
949d10855024bf18a143f9d3b064b38e75955d95990d47ffd749afc9ffff93c4,1596,205,1801
63c7f7af0e2403013e5e319376efb56ccb4645552556c465704aeeade5cba00f,1573,205,1778
78cbefbf49bf8724f185b94078c28d40fe2ddd0b3c00a525ec69cc3947998fb7,1029,205,1234
02738d51d67f837bb7d9fb116313210ee095be50879d3887ed1449fe3023acc2,1038,205,1243
a0fcc7b48949721d7f5e6aca828525e1901126abbb3dd7ca7818a81501835e2d,1010,292,1302
0a7e6201725459c4957de33b3e7fdb2e4e6519fafdb91bc1785502f0a8b873c4,1124,205,1329
b335a3c47bd44f8189b4678fbd04a175307006ab9d3ac487ee0534d8c5f1ea9d,1762,329,2091
088ce61d050d1cc250a652c3b6e6d3e3fce2eb1f042708ceb3bf1c052a725750,1662,317,1979
58861a3bd42c0f6332e2b38e9098bfb999c54f40c5550cdf9ef501a225ea330d,1915,313,2228
28514b2b6456f391f1fb16aa6881b60f58cafe24cc5f64948ed5f4d51707cd74,1066,220,1286
97225f4bbce60193d68f3525cfc3340e3649f9e881ce17a9ae3c4e19807d4cf7,1981,1507,3488
d8cf95534f4767194d7543280170e66626ae2692f391b932b53b338e1a2702fd,1545,202,1747
657b35b69ade4ee1302f56a9be1727bea96b705d48688e78809799a12e0f3884,1277,223,1500
ca0738cc35f2353a63f3aeb2002a4dfe01b6646b70ab319eb2e4982382d3a80d,1062,205,1267
40f98a41fa67ee440ede1a3549da4c1b055309ba9dde3675b4cbf24fda618fe2,1682,668,2350
22ebc5711af7521dea8e2b0213c3fc25852eba6ddf54a86c354239ee56938143,929,206,1135
baf56ffa6e840463c34fbf9e0058555ee9ecf84d258d7da0ee07801bb05cb76b,1209,206,1415
1ccf97013233b097fd186ca3ba0fc0c1aebd0e6e9fbfa347e22e6e9b216f8ed7,1149,202,1351
b712e3769ceaecb6ba11f3ae3050042f1fe930d824569d81bd29074704e23a9b,912,291,1203
7d50e75970ca2007ae3f2a720e9b77e1de0f677a1fd442e77b188d1ab43275f0,1566,247,1813
f7e220097a8cdbe4a088df4951270c2d7cec7435d6024aca8b16c419eb317424,1578,456,2034
538f0114bdebf1471f39482ae11470e0b0585ec972d4f6eb2e939828b54f0c64,1121,205,1326
bc9acc806faf8f3e86cf0be64487a7c3ed7fabad3975ebc2b70e663fc1664d71,1359,690,2049
39acd136e96735025f179222ca5b33b4f55bc078220aa3e0e53a072bb804f904,1371,619,1990
069725575344d27994bdb4a63b73f75594877de920c496d90062a3738c799097,1039,216,1255
7fee2c8354817c40eed99ba47e6bf8daa37c22d6eca585754fddc7ee394a42cf,951,210,1161
86ae548761544f1b95ebf5acf2af44ca93e28637fcbc33392b6603acf60cd0cf,1027,209,1236
464060a0c6fed182b9ea58bed26cccf6b9ba39072e82e8511dac094b5673bfa1,1129,316,1445
c2e7e0881436a5040d22b9e5120aa56ba1d1ed3f49396fb7eb43f7d7f1fec2de,2310,1326,3636
917872abcd12a2b5c481a9f0586340da90826446a22ac80d1ed0ce3dd9f65722,1137,586,1723
8d266bb36ba4ba740ae7ec4d02ecbb90d5f5609ea005b4f0ff53a8c03e5a469a,2182,549,2731
2ca2a51a2b806203dc88f4ca4745cf3d15d0aecb4b8d48180a63b65124fee1d2,2349,660,3009
618d2e74a2cf3d60679e3f777584fdc6e73da6a0c4584b093fff8c533c3cb242,1022,213,1235
557aec88f118f1fd161b9a7c8195e0716e495f2c6cde39c498d655093dc949c0,943,208,1151
90b0f52504c8981600eb784ad028d023e45829a1935f0494f2edd3a912a341b5,1124,211,1335
1f30e5c862046c350101f8ab54e5f2432be3ff850edec310db6582849f32d312,1186,210,1396
39108186a10bdb6f609bd8a59c6afc08c24765de8b7e71694c6c1ec27d10cd44,1259,282,1541
0d816efe97821becd3ae8aee531071d4c49cfcf4c43d9a3f25e31dd144a7e918,1074,700,1774
6fe10a59f3dec4ccd47a63e859b4bd068a25c636c8e53e249de6cc1b76800c46,1170,209,1379
7599f47b2d1bf05d3688b36427237fb4cdb8aad48c93bcecf9070beea6e2822c,1263,203,1466
832a519cafd88949ef40e788529807bb1562cda3635944ada3fca8d7f0e5a274,959,217,1176
2f08a953301dba308cb51ed5dd44a8a68122f05020ccb869a0d9a85fb20dbbfa,2407,1229,3636
ad5ba26f0e4dc28e08b2c4656362107b6594a006d5d354d358d60c2d27f63919,1012,217,1229
c947d8c584ccf840516af528b6f1ae499a2d6fbdd8824f2e672238539a98892a,1304,441,1745
18f604d1288f5e63d753fa4c64dfb7aa2930b979a7d52327bbeb04074201ee7a,1225,208,1433
3bcd9e92c3f233f7aecef2852a03c61375a91be7e60741703ed3a24c8ad17e28,1284,389,1673
2f22b356ee47872e0fade271118975ce945cd34d4c910ec4fb8490dcc8a4fabc,1163,208,1371
d7bdf6c1f18d1692bc04574e0c0364836a61afd923055af7f38332caba6756e9,1109,205,1314
4287da56d09edcbd6619b9434072e24b5085c2a86b4f13f5ce2849b37bdfc409,1368,282,1650
872c378fea3abaf0355a584e0c8cff32db705e541d67442098d5d3db372a3379,1180,200,1380
763e8bb633f8e9a3271c2bdb3d3fbf42f87085b3ae721db9dd73b0cfd3170948,1715,480,2195
5f3a8c24a67f4b3961595b240508c44bc81e3d0507862bcdebc474525187bd6d,953,291,1244
f8ae7280d6b8fb30e3711c1b2c175a3a4c11ada3c849dda877e2ed40e72dfbab,1012,209,1221
f4ed1280ba0c162424a1ae27935f8c686c4054e968f39f2713629e39906275f8,1389,202,1591
45e7a10b0126d392ceb7e7f1315abb7b126bc5965824d57decd8c2aa9b964b22,2263,314,2577
f050c6a7888560c28f49da88669f91dd43f64d53a9b47579a772a9f2ea067e5a,1049,217,1266
d7b6080a6cb611b8a66aede7f8ec05089ea8a4eee81a7cbe63cf9f32b358ace3,1123,206,1329
2eb3cc9f7419c240ae5851398ceb2b540c97ea2b87588c49a4b8a1b259032770,1314,466,1780
f0e78bfd7b372dde7455d57e78b0c5bb50cbe0a2930c60bec4e678b5ace00508,1684,658,2342
360c0b8ebf2944060793455373e0fb849b86a37fa10e59be182eb09655771284,1821,673,2494
c030ac5ed7a1f0898d5d501f8d146b5c529356cb46e9295740def4eacc9ee93e,1830,433,2263
d578e818c9e172623b63b2a122bf61e10192abe0c22448a03d2be3ebcf404402,1380,292,1672
23480647264b31a2c5e9dd33cd8d7467d7bf25c50114cfc7a329f70bf2eb150d,929,424,1353
a71ef0600f06f82b1c15ad0156de553ceaba0910295102249aa3570682a10a01,981,209,1190
4843c283bfac6bce5bfd8b01bcc2d22153de154c78885c321e383955186a5b94,2173,1280,3453
40d0fcb88f225b336e4f9e214e21bae0113a75459ab2073ea8b275df277be45b,1123,205,1328
4d997ebdbd0bc6db366520a913960ae28cb06f8bb891c50f44fca898a6801065,1601,629,2230
2e3f511211f540017a45423709f0f106af1c31b20f32d3e90bf24d45ea767017,1328,331,1659
01a19fc2f639c05853b9b65f8ff9411c9e942166e4b9a1b21a2b629cfbe13689,1210,211,1421
6ebcf27ed5464377342dc5da32b24f5d81a367fe58cb76401b24d4fcf21f5a39,974,212,1186
1335f7c570340fa2026c152c6e280502cf061c3d02b3c284f5d02cca387219ec,1035,211,1246
65b5762de43f540a4695234c1046fe5acd77d92a9fcae697103d3b70b99c2fb7,1284,377,1661
1fc88bc99d25727e451df6be097efb35dc5ccecc97e6ab117afbedd5e5ab9579,1306,213,1519
7704fed3afdf20397bf9975d939225c7a163bf7be5ebe5ad217f3ca97ff9e686,1370,204,1574
71bcd7ea09053aae09507678e8614abedd865fae62701c431034d3fc8820deee,1086,320,1406
3a9de30752e9148b83812c1f6427a6260bdb204e1eeb7fb0b8020e5d54edd395,1347,295,1642
6eeae35998b2f762933d2b44fac83ae7bf141e44963eeb7be0adc362eca3fb6a,1219,364,1583
dae5ebf2c52b2307d93032607c06e07a3073dcc6cb49364389e1d725ec526fba,1252,216,1468
ab3ef7cd9b1c85b5d9a3352ceb64c92edd48a03dfb5f419d69c0e28d48e9318c,1302,364,1666
c094cb7ddf7ce4bd7949599e1fd42b48417f68b8e7d09dbfb0e3cb47da148a8c,1600,243,1843
e7919357a244085d4d6455478ba98a3725c001462d85e033eb04058fc1b172ac,2173,552,2725
70c29bcd3d6b0795ababf1378bbf67b7207ecb429b953c94f70448bf9482126e,1220,290,1510
bde088e1dfef6d1312ecc388209f08c86f50ff36580e547be497901caa2c1b82,1022,226,1248
00ce53095209032db36f9d7cb709a4f96703c5bf048237decdc132ea17637c03,1719,316,2035
c568c1ca20e0bd2ab543b401c31788a33331395087774ddb3b0922d7895ef206,1102,208,1310
769e202a55d5f89fdf6842e66eec8980f68d9f195df9f02d81f87b5303bb3b0d,1445,216,1661
b560e1b06c739390034b830271b90d8c860cd98c6e20900c8374e3b083f3b227,1673,436,2109
bbf6be242a18ec87cc1b7a6e157754db7f943b4298dcad343a7ce043ccd6de68,2270,555,2825
a6c3630d130f20c4471b292483f10be26ede116e553150ffe1541b540f1ecf90,1117,66,1183
faa6711bac6e76357d305079f254c53245a2180f7ddada459529cfae0584b1f3,2081,139,2220
452e3254b3687352407bc61e22677846fc9e6c49275c3098934c13bbf4e662f5,1258,327,1585
0cff67e59e7f889d6ab2db74c7566966e3cfd5f5d0e839609e392ddf08d4cb97,1456,620,2076
0c1cc573adae268ffd8c59fa83e8f111f000cd2f2239d501eebeedf3f6f367dc,1146,314,1460
4f8f90e52ef379de7a4781d579a0b817f0ea86caca4f1c669736dabc60d27358,1137,209,1346
6d00dd320032ff8c19070e79566f0c554f3ba8d46387b5f10cbb45ce0408de39,1123,204,1327
1b691231f313dc9ce5776633459f8939ddaf5b65a44bc9ec3a352122548b60b1,956,209,1165
f911779da58eb7176aa1e6914cee321b693a7512dd8c7153ac74c0126defc0ee,1333,310,1643
03b4e2ecc66689f71dad7ce1a1ac4868730027d711a9fe7442de059eac695110,1049,524,1573
5d1f2846d6f16e88f70397e5c96ec55eadfa6318a23a76ad34c1bbc02062611f,1088,372,1460
6c40f7e7a05ecb3c4a1d78030f1c6248e4a4324c5cc76a9c5f0a5bf2b5512a27,1274,360,1634
7a229fc6f4fcabae5f89fe51a9394ceae653c18de1e84f40d0491aee8889c822,1018,211,1229
d2d46447730bf9fbad954b74eeedd5ff1b6d80ab584bb9c9ada671e7483a30f1,1028,200,1228
7ab32516608e338ca0486d221ecabb59fbbdf8a3094b99943f50c7713a2018a2,1250,218,1468
4b4e19fc66a6f8b3f0fb129cd7e5ba22b50c284d680f258f982a0762c417940d,1594,209,1803
db8004d406668be479de50d2aff3eb606d5161181c989f8690eefd4271023560,1010,205,1215
39f3561f3af2bc03f510e75ab9b700d4518454853127fede7dcec6ce792e175c,971,216,1187
2b8fc2919572c17d092f58ffc0932ab8c6b8cb2b7abea138a0d80937f6840b2c,1495,211,1706
7b0bb763b3033bdbd6f484478ff5603d2d294ae2c2d3984d0c505ffec858e012,950,205,1155
a4eb3b52815603fec901758c14c7a9776399e68b3b4259b79c091b45b5f053df,925,425,1350
a0180ba78f224383caf20fcb4f4edd03635f4193b0bc7bd28fcc349f0a017061,934,210,1144
06402f95dcc90a3bdf41bee965d44d4ab846459dbe381e498ab9c64ad2347800,1094,217,1311
adf27de208dde8824200ec2a30b1455f6a25b6d6cdd34da8183aecbd7b355b05,1664,325,1989
c653ea33cb8fc5d6f5e49984243830a86663bbb9fb41289357a8bee14b9cd12c,1566,390,1956
17856195ed8d6ec8179e5dcb5149f5cb64be4d3c1e6334d2018c3851689de9a3,872,200,1072
53c33b3a186cd70f4b3b9b454c16ee8413c507834c641c8624313ce28f401e10,1110,209,1319
ad68c5e50883f7c7dc1d57c9f3465a46a46606529be3582db173f1f0f0403020,1486,474,1960
046474f870ac7c9cb603b529b45d7df709cbdbe8090017f8fa3454610208192a,1481,267,1748
9e5768a929e65ccf4796e26e09f0706360d9f13e00dac63ab20fbbd48682a0ff,1395,210,1605
e85615fbac56cf434bebecdfaeeca8f6de4a42120bb351af65b58fb04d45437f,1085,206,1291
3e8a0c6d1bfe330aba63fa65d24498370fd890b01b299ae884a18c4901292f1a,1085,208,1293
89c6f10aa72dd86a58b6b19f5806724eb8aae7569bada9e3327e535c653c65b6,1503,210,1713
10f6e1bf079be57a8c6027614a5665595a575546c8b7769fab8822db0a5f8747,1029,212,1241
3d96050e0d23d6cd4828541a258f4fd1f47c5a810e0e894faa29545a059fee2d,1169,211,1380
13d2477fb9e29d7539a58b06fea30cea9bb3d1e2fac83077f187b66f4ecbef0a,961,208,1169
18445c3fd3e0a1c19ff0510aa4ebec9ae93f7d2ea6c86644a321d56b04ebd0b0,970,293,1263
9d1933d5d35620760f55400c7d591c3a2c6f249d34a21a4e8ec6a1430e8cbbbd,1123,205,1328
452cc969d8415d649d570c3f40b90f3e316506eb462e78cff289b9e23d48c4f5,1369,214,1583
5ec078c991e544c90301c66329af9e1be6be212e290f4575e5462f5abe31f78c,995,207,1202
00556efe1aa99fe7e832637d9474595f834479a27a8e9429a6a496d35054ec41,1067,360,1427
9ea5edab6fb761d16a62ea79f30b3dfd90e804da6726c47cdb2cbd9be6baadfb,1150,205,1355
d150d8952cbb53287b1d36e8c76179ada9014a366fd86f9c309d292499324219,1246,205,1451
a109b64d2145526179178c4ae2429e0562cc23d2011496995b87d5e0f3921d0c,1543,202,1745
3ccf309b276c0b44bf1c47ad9ff9e0a43f708e34c69193c7ae56522d99e0e6b9,1123,205,1328
3c7c6934b16b6a56465ac7315857df970e9688d727c01fbf5fc87fa3ae1565f0,2096,327,2423
a1cf019b8d9c945db6d5a2056644e6d54c2efac8e430de22802d5f644c2113de,1228,210,1438
528c5bdd157307105fb237c70e597e21d3f6f763ccf18b6879d8de714340dd42,1054,360,1414
0241bcca79b3bff91aa9207be5db48401fca1f53ab9096003c8e977583cf3bc4,1428,199,1627
ae697c15574eb48b35aa03ecc7d32b501895020431585d600b87f3c844c9d808,1291,371,1662
365eddadebb342fbac82a2e29d2cca960b2b197d66e01fce1008c69a4f564ae3,1099,213,1312
20fe99d8643c1b930d62888d2a7572328ab55f7b98bf1bb06ad1cd526cae7271,1292,210,1502
d65fc019f7ba5b158a87197428dc23ba0cdd053a851d7ce56a6265d802c6f99d,965,209,1174
352b30934059cf4a06e4ba27a48f06861a3b75cada8ad48a1417728c2e707e6b,1186,208,1394
1f7a5c1e88f5e6de148e74059f0ffab24ec6176b8f28fcb04a561a5fe5c5b85f,2142,544,2686
a96302fca475dedad1ccff941ac4f165467368cf48589b74cbfc92b08a7772db,1696,985,2681
e6ff1cde35b34a3e4f30acef0a41e92e91d1c9e0be78c5146380efe3c49adab8,1035,210,1245
03d32ba764bf82f522f4e894208621365d69b081b70fdc8597f3c5831cb77c12,950,221,1171
79f3b5f304b83920f8cb844fd206070b174bd7fc74246b417d79e581f4370c8d,1026,617,1643
0316e75029e4af9e095484a11ce7fe0f7a9c78551ea945b6f5f1dbde5897d513,1271,462,1733
4de8f9f2b92b6d8fdf7fdea8f0fd2e1eb606b5ca455bdc831294834a4e951593,1296,206,1502
1735d718eb1b5261b5dfda2b868688856a5a0525c9f8f9190c516de929f30c85,914,206,1120
aa3686d743a63eaf04f867717209216ad75fd105183613eae521453c1532e695,927,285,1212
e7565ccc3abed3d5ea0e37da71e53e6e61862c3af273d91c075b948cf522a831,1097,301,1398
828b9b9ec8c88c241531224f3e9f70cd9d453cd0f8cf3559f4017394bf5f4600,1145,214,1359
ccbbc37cda4ae6559f0980f7314b44972d99c8d114eeca331d3d3a7512c4f79b,943,207,1150
b4bbe4213f10fce33ffdc6c870ed0768a129927a49b1c25c10083afcbd87c4d7,1211,213,1424
4a5b71b22738506d1a84d06a03c9598ee5621f598cbd5fad9142ed8ae6663a6e,1993,322,2315
fa415b5e1923926b43e6d3b155e1102aa677980171083708ed37f9d3356f3a41,1388,436,1824
615c00218937229591be0ecf84d1e4585af0e56d057660438cde46812e335a23,1023,204,1227
41f561027a95fcf91ce48753d16575aa075f0e1f9b2fb2bc2e272769445369b6,1319,209,1528
fda73e02388b5486e59cd7f7081f5433dfe29d60d6c61f1e183a8bd9de9ad820,1195,208,1403
bd8de3b4ff1d30a8003b68dca1293ff4a3e5bb0fd31d07d2b81cc96bd6ea0f05,1157,321,1478
9474410d25319528ae4877102c4367c5cc72670bbe809812e2824b1dca56f42c,1101,212,1313
b695d89ce05bbbed6a3affb2dbf758d3bc89ce89c9e35ca7080ba59f6b9c5b3e,1086,204,1290
63e0486696df25927e636d6d87c092abd91bbb3150385d8bf216563a7f385db5,1395,295,1690
0a02845a2ebf2c784b442e33dc23d87df230744765f739c9f261b597c92ef986,2254,327,2581
2c3e3633a4ad9c4c6c4e603bc2fb55397108bd681fec67b543756a8c380ee353,952,204,1156
e74c2646bbcd414f9c6de15e245d5e1cfde7ca2602adc9cce52305ba8b8995fb,1228,288,1516
ee7135f11897c227fa69de067cf224e6f0b1bba778224bff0a2fb405b01e9d9b,1546,205,1751
6080ab557fe70611608828e30cf4fa5eff5fcb0ca0cc98a9797a0f3939306e01,2284,322,2606
2df6e110541834eddf3b6b17c1f794119b1cf6e53ab8e83a16d3a4175dc1c6fd,1010,204,1214
4e86a97332683ac5227979cdb86bb3af0d07c208b06c4ce4654275dc21dfa122,896,210,1106
5804383c6c1a03379eb9c0f40013cccad7d3391edd11830f26bc6118e03df5fa,1002,371,1373
ec3b889c940fc88626ecee1daa38823b038dfb56b0d300878511388f68824173,1123,205,1328
db199a20cf57dade520ad8f80b5f24c2467bc2cc21e709f61d784f4bc9d49336,1110,443,1553
9245f42bd60b02b5cabdab9280d0e237b8a499169a6a50177ba0217e46f23e75,1301,363,1664
4cde9614a75d9bafd01f3fb082b0fa2956cce6fc5c7bb67e73dd6e2a88ad1d7f,1011,214,1225
44e0ea91501b3d6c198c98f89ae7a6b058e4dd57db478b7cc6edc3aa73d54152,2401,313,2714
b529746a3d1d9c0fd1b17bbefe4cc0d1e4a36fb30e1fce80cb558f541e4d5de6,1751,504,2255
8ff583e76b5f1546e852e9454d18b0ee44f8bd4d8c3a9b9e5a06deba00e3bbe6,1083,216,1299
6bd3f31ffa6f8a34fb9cf99c6a41fa9370e76587427dc439ec2304b07bb4eaab,1109,303,1412
9e526b393e09c6ad2b45fa6bfe2035e4564d99cf374603c2182c0149338b6817,974,304,1278
cd8fc393854975fb101cf92a38a2dfb53c34efa991015d9e06fe09f6daa44617,1174,710,1884
be22faf50c906ed08f312509f3042c9ef07cd5516c5db423a8c9d096103be828,2017,316,2333
df46c1c65af27f8483f4bb13f29386fd697d6759600516ca22be98f096bba251,964,206,1170
36d7c8530409f05c8096b398061006c9d3fd1438b84225996234427aae95e2d5,1129,305,1434
f7408057aaecc2dffa04ca77f037a341f4d9a37f333d3133bcf1907e342b9d68,1108,582,1690
0fc95a99e9d2175c5df62472d11e1d24ba2b7ed72b3e4cd66a367c8ce26f4ebc,1155,313,1468
8ffed6cbf5031dd4c911950d20984e81113f3550181005486008f01102e83034,2338,1025,3363
89a1e63d8e80d211d3c28d2ef0a8e49e0b0facfa69fed868b6f1c0cb531c9bea,1667,681,2348
05f4ad897f9b1ac8da274631be98ad909259e2da59dd5baa70f101ad1755053c,1372,210,1582
404008d0b6d5abeebb36b6a3d733e88e5e6c29fdd7c838b7af2c44e9101dd477,1291,305,1596
06b2ccce6a5de00487bd5da7c8c21c6ff928542b16759106605316f6a9636414,1044,218,1262
6b3c68f9eaca99b87c1bbb9ba1a05de844e30cd89949293ab202a4e2fa136367,960,214,1174
8c9f2b4e80334fb4dd68c84f7f3726eac52cd53dac87cc166ebc74354175de59,2020,312,2332
be4be568f0de0ae1b564536bcca0146624aaed10698a5f0ca8264c3b1c45887b,1004,241,1245
edc3a1ca17557affc1dfd7ec3b9559bafdda000a06367d4b650b5a08d803c994,2145,773,2918
883b45f5547d7c9b3267e44083ccb21d06a52c7584b94272afbecea8cf4e9eae,1654,313,1967
92c8e8995723a01810294c514c7db58d059de8b25a18cad70657ee2f5389347e,1371,297,1668
7d67fcade655f9dda82defe1b8d3d659a1e8518c867e662b0da0c6b205ba0f7a,1073,211,1284
b997ba03fc41965be80f4d8574779f2bb7b6186bd17333311a75e322e9221f2b,1581,214,1795
bf55d1accd933e2730f84463335782795732b02b266b900c80e1c5d0ad575b25,1026,287,1313
a778632c5ec5c7d2345d2029fbbc11d8ee763c4d1725c9047d81e76b64298ba3,1426,211,1637
481c7287266252a1e03c3451684fa55afe7298b80b2b98427f9724212fbd363a,1123,205,1328
1a584a376b37f4156325a48ea292dccd39010ea36c88cdc09a6cdaf86007ca49,986,287,1273
5d851c9b03f34a30ee4aec92dac90ef5b64920eb4a6103bfef79968aa9decbcf,1641,557,2198
52814acf659f23e96bcbe170f0e80e47b94fe2dda017d7d6a53ae1418685d94a,1568,211,1779
d35260be3864336911945b4199d90fc3231cf6c80aea4b8a27a44c6811ea6f40,1341,207,1548
6157f411ab7f2285af2c56612e845a95b5a53fb46f779f13eabe775fe7a91dff,1012,207,1219
08d82f4d7834da4266263a31a051b4a9954f438dbd96d54ee20510b9d7c48c91,2216,541,2757
8fd192e57152f991fdeef716462582d67082c184265133b9761f1f7d14188b05,1365,528,1893
02d295ebceb305e05dc9012719c002195f9271acf2048373a8fb2c0acd631eda,1040,205,1245
7bd2b94411fa74650923ca0dd5c46da46d7315d27e8664dcc7dff0e5b82d8687,2240,862,3102
b26137969660fba9b3b8fb117d96b03a83bea1542197e1eb86d03252184691e5,991,208,1199
4eacd048ef6e55a0667908aa739cdf8db8ad1ca61aadbd5d93fb1f505a3685c0,1014,215,1229
92ec5857677fe569ac19258f020a4bba6fa43a0add7becfd9bd4de5a3aa807d8,1453,218,1671
c8a29316c1df70b09064a442d569da32365e731996975855590b2f0a93d6bf94,1348,203,1551
09e756139735dfa2bb3cd30e6131b2f04dd760fcc37ff6e375e25da33df69449,980,205,1185
97a5a9977963fec745174d8f5da23ca128e0716af0713e5d2159af7205d23fcc,1306,270,1576
6d216ad8115181318cfd439b654ad04e3a9551be64d6b759679483942b62f019,2136,540,2676
9a0249c297c6fb0f567751a1749c9a21739434abe572205ea0222a4b2a1bb0ad,1157,222,1379
7685aa14f51cf81996ba654ea3de7ef264fa36223a9572b5b2c1c69e5a5c61d4,1062,133,1195
4eb3d7fe231109f65d206fb9d3828903514f5a2a0d115d55c723f2ded445620f,988,216,1204
4fbc56a8ed9ff0025b6e7da6d2d8589466091a1c3523d427505920b728304415,979,205,1184
9f90b2f511fa984d8f614b68858dce73f7ce67870f9d8db8bf61a459413c4510,1190,130,1320
8d9b98faff271e75c222eb73354a6de97bf12962918f9eea7e8fd4fc1cbe4867,2287,321,2608
548ee0d989f2b4659ca3cf5db2d6eae358c37dd30deef3fcbe57b2189fbf7577,904,205,1109
1f1d5ac3dcabf7888eefefca77c0288f36c77d5987fb45b1133a9a45464c01da,1673,313,1986
fbbdcd59af21351758baa67d4f4ee08e7e56f5acf211c377b9eac816927bd235,1101,216,1317
f54e33398e56421214c673bcb767053c5d0aa3c7b1f6e711b0f56f3e80381836,1062,215,1277
28ef5677e1671fa39cf8a1102af87f57d85c4b23503066c702f6ef9a9126bb7a,1675,1237,2912
15ae01be6c8631dbb85bb6890998b14ec9fbd0693e12077e41de26e769372e93,1460,211,1671
6b55407337214412a0966b70d73372331cede2709b6535e882f856fd9e48c837,1044,211,1255
a556447761deed8c0dcca77bc031839fb37d56f734ec75693a32c82101f6f563,2174,545,2719
343fb9ab5012783c147f5990052b73955e078603065651f62b7f9a9056a6f7c8,1453,205,1658
3576ac76910698591205ebfde14cdd62a73cdac7e8159d01ad7fa1638ec0dd95,1278,205,1483
1280f46dcadc753fa0947c40df785e46777089b5050d2bf7505043b36792382d,1226,204,1430
93af6ca6ed52b1a6a8f86318c95af923fc208f45587dd634affa91dd4fba9c96,1336,215,1551
4c0c65ae9f75173f5d3e7856429176899770d20ffcb155af4e4cb8cf1b6f0e22,1206,210,1416
97e26817c5ebdaa02fe0af9fd5b75facd1d375ea0f515370a0a0b97424a3fe7c,1566,204,1770
67c558060237738600eb05c6d260c179d9355dd3641402f98d7630283f433a9e,962,204,1166
42e26f1df38c7d4b93674398147f0d9e86f26d76e3b8f84d82590bf5424f337a,1100,215,1315
be11ba6ac732e78513420801fa229d7a0441a205dc5b90de0faae485c148c9ed,1248,204,1452
41a2e12a9e6bcf44bd70c3b9ddea745917a5e0b072d190aea6963f189811d9b8,977,345,1322
6454aea22aa857621b42771ec813131eae211322b881d313ca5d7effeefdeb38,1311,219,1530
92bae49c23727252c5e65d68cd0716246feed2a48eb019effe8484febf1a0df6,1416,216,1632
257219130e1b81062b7e91e06616a6a97d506e6108d13cf6e66c5d10a90f5233,1734,322,2056
6fa6539026a6af7aefef3971b83c24a35f0416442017e04ea664ca18f1b82947,2229,703,2932
5a7b7833fafa92c3fcafdc234249a79a98594b2626af706be2ffe4cb3df51c0f,1872,857,2729
b8564d34809d2159e250c29be0afb57ef79c2f022033e8bcd6c1a385a2fcadaa,1123,205,1328
8c01d8016ba8a52065801356d441b9dd7bffcaf65758b1a44d6abcdc16dd5529,1043,362,1405
5ebf8617f6905f2988ca2653a408b9695397df331d098025ca3a0d8c89196009,1205,217,1422
c987c6fbba6a00f58646cd893ae26513283654b9ed06fecdcb56879050a9f1f7,1190,602,1792
e902f37d094eb76ce845c5b6a434c46296ac5fda780a345360e797ad474742e6,1893,735,2628
32ac104c6e3c21618b31f686ab03e599e7908ecb0c093662ff2cf8c5a1f54d09,896,220,1116
f6800e211ef55e0f553336882993ff383ccfe472ded9a207682f76f7935e6ad2,1458,451,1909
a98b38838212019a2b705fb641e4da0c252181b8f045da99ece5a18a5e9cb99b,985,369,1354
e6e895daf07e9d096621505e4ec9ef518f94e3589b82231baa92a6bba928ab3c,1394,214,1608
064ae8807583f0723dada93b27845a4b4f7d6287a9b87b04dcb3554a5ce866e4,1185,214,1399
8a0df98aa6d17a99438bccf0a8e28cebaf0071dce7d5b144560347c588e85542,1002,211,1213
9136421824f91d265fc95d369258ef81fa81d7acdc14d8a8c4e6487741bea344,1131,205,1336
7cff5af02194c315f2e273e97b93b26c2d7694be4133759438912fa0d582e0a2,1184,256,1440
d04d5128339a2fc67b9225719ed0448ea37508dd0c9f1f6da2ce9977cdf08533,1167,214,1381
0dcfbe3baf2c1dd9d5f98883008b504464d922449723913fcefe7c48ec09160a,1123,205,1328
728826ff37a9d0b58108beb8be00822de308fcf53e16e44fb3fd85165eb1b77c,1010,205,1215
a68eb95e413b9631011270c9c11eea4d842c0898fdf00caa7533f466bc7e1387,909,209,1118
d7a37749db3c22d06f72104ecdea6dd22a268e78bc169fbcb07986ef5eca957c,1298,296,1594
7a2fd9f2037a30a37ab3ee0c49288c61b50c361f250fcdb56220c80cff2022e3,2194,313,2507
60a669aef5ca0a24e2598df06643302b6498c3d8bbcf94693443a85f7444eecd,1140,382,1522
bda62902d108cfebf6b0c925687269f77b1ecc0a3aadb65e8ad83dcd189e0828,895,217,1112
2cec8f2544181377c7242acac32dc431d9303dec87ccfee040659cbda512937b,1481,291,1772
541f2022627825a045438203d9b644c91b04b513482f11c7dcf6c35ddc589c56,1771,770,2541
e2f9a2156cc14d5087ae77807e8ba319d808a73878ee6af4b1c06b712689e577,1056,303,1359
0ea2c2e54ff3310170cd44f455712be1b38bb1bd32d7bc1c680090e35b19fbbd,950,216,1166
25f592e885043ba5865d3cdaca0418a0cce795517343de53baff12d7aa0f78d0,1134,383,1517
1f5ec925301ad37e1d160ac1db9908cfd28ee230a73c69a08634cdfd999efa6b,1918,550,2468
16bd15991cc9962f2b3c836fa4f5ff0d59920c1b2d0a5f551332afb2323db5de,1091,214,1305
a1a16cf6470fd6cd644936e198d0dd0a716bc911f11916325644cb64eb700eb7,1270,364,1634
614e7d2622abd9d4b7ed88eb9a3ae9ed49651113b699807b1bce17bc41369702,1221,286,1507
2c1d4331dba9b0d77d487a6e092f3a7f15e97de8a2d1976f70ac201647fe5d81,1332,449,1781
4c443add87320ec8cd22931cf6812406efeb0c62e168708b11d49ff7b917cbc1,1336,336,1672
08be43e18651faf662d0f2a180eefd82df56a05414cb5be028e253c552025d51,1554,327,1881
4bfa2e6904b5536593213c4ff6171104d3bb4ef0b3e070d39f4206823a759fce,1203,311,1514
c78d788912cb2e6c135fd7c153e47373e4cc0f8b8d6b40e7aa4ebe108a4f7d89,1035,308,1343
7718edfffdbae1a1af793e8277b445655bddd56d62df467af0b67e2051bb1a08,982,292,1274
e81343042830ddf3c72988fe2e0dfdff226d58c9ea53c7117cd9a9d2f4631f23,2071,373,2444
812a772a49ff38ad6f300ffa00f457e6a4b2b5b9ff97d2f11d782e0c36eda50d,1174,217,1391
51f428156d9c3b1934950bf1575e8abd55d80aca849df23cd641ef19c350fd95,2289,737,3026
20a7e818e5cff8cf31a2c1b4c67e8689448fde8c076bee27133c5ff998fcc344,1123,204,1327
6f158b3daef0451bcbb044241e762b6349335b3f2263cc6104d70379bf333fb9,1071,210,1281
03450889c29978e6d42e9a23d43501b88a8c098a3a19eedcafb665d7f51508c9,1052,392,1444
2166e7c33f1a0fbe38dba22e45e1ffc875e8660929c8ec068c5fc1694e995cc0,1187,268,1455
104224d9506afce00dac938e5fa990fbea323426e107d40e978ec6a5e38b4931,1194,208,1402
9a2cd1663a0c3bba15b916e874b06e589a867405daf862f373ebc4d7b2619c2c,1586,206,1792
1fe25f62e784d38740fb158982c5485e34d9bc6a667af7e19f22c42cffb955e9,2102,657,2759
a2ce30e50267a007c88163603e977e1e60b0879e764c590cee0a5e7dfe650ba2,2162,898,3060
07c230cd3b80ccdb0cd76e9eb29ac87520f44285ae9c88b0d114950ce0dd2e8e,921,286,1207
5aeaea7b50e461922619e43884df0b18b631f1616ab4f4e51729e8ff00f86fe3,1277,360,1637
3c7c82bac56e4aad2ad8e2859860d1b1857cd9a5ce315cab345836e7f1120ecc,1266,322,1588
2f1a101370b49dfd822df70281cbe430957973bcaf1fa7ec416edee185d8c6e5,1017,200,1217
17b5abbaac3469c9eddafad9f6afcf8888f570ee24f57739145f8056912b2562,2320,665,2985
2d932f9ab33a6821db4006eb5be502bcef6724a36c5e7aa18e4c746009d63a07,1491,211,1702
d0f37ca742659e972cb78b6d44f04e3f360d063ba87116a6697da0a44be52b03,1719,324,2043
eb2564c21d3344021a3b6ea08b3fea5ec82304c45ca0ec512d3b252565781c6d,1352,205,1557
27285f77f944105d259a578b249984c027f271137a3cfef503f1d7097d2bf55f,2303,1372,3675
ca21ea57fd0e913007506f00ca4ca36e51e63f7a3871d355c5565b6a10dd7ce5,1219,202,1421
b4acaaca7886e762fcaf0725a338bf71c59e4974d544a4097fa2d1c20947012a,1576,205,1781
970a05702616ea6c4ae88bca4e0207160bc89924382099094e3aa87b52322d4c,2267,653,2920
bf60f1b6ce3e60007581c6d0366f6a774f47136157374eb2a15ec0d85e570d72,1242,294,1536
72dc3696721cc6210ba6ea4d0688b7b98f0b02669fde266ea62775fbc006afeb,1327,215,1542
256362bfb75a1969b2f2c77828e05caad168f62cba19d2a8d18ca1d18c8bbdfb,1211,205,1416
38458668c154a1a6c6c3fd28ecd326317b73463c58dd62d9afdca25c2f6662f3,1226,322,1548
1977304d776d617f0f735c5b9e9393c43a29b63866f6f6c7d8bf4b3cc6a05472,1033,203,1236
0d79774ca9e1d4d2f0e983e98c30c6588d78e4d3a20c18eb8660074faed3b492,906,212,1118
c18ef65141b1c85c388ec81ab4a6d1410176f8f64cd690cdd7721f2c3eaa7baf,1317,458,1775
5e361fdfb1f37eda6a183b364b8d2b4dbd0e9941c3ad6ada5d2cb97b569defb4,1042,200,1242
effe62aec1c7d1a03808dfbd909b38a988f864eb601561d01d090eaa90a3f3ae,1783,87,1870
aceacbf982b9dad2a39fbc9a7782f713163592f6810a1f49a001fffadd38b2d6,2227,273,2500
e608e745dd1e0d107a13fc522ab92cc4596ec7f2003fe2f7e16e7b6e003a2fe5,1336,20,1356
8192abad570e8ed7a8e661caf622b75eb3121b888d46ca331fc0c22b8be97421,2176,814,2990
b75825a84734d978c4b7cd5569f00bb99de6125611c20021f004e5a29b634476,2552,319,2871
d1bf9e50b201b74035bef369f91c39e385e9023ac8cfb3fd20219bade3b42455,903,200,1103
a34a489bbc3b324d5689b294c809d29729bdaf9f959a379cdca1f1889fd6b5c2,1328,206,1534
59a34bece6ddf1f19c1128881e0df5a7f2caec059688649483a76a82ea019f64,1123,212,1335
131ac6d365a50a7da5b9a7fb56a8ce70e5356fff5fda5bb1a65584ff1205deed,1396,205,1601
db218ebe755a5c6adad051082d3b8b61ae265102bdfad6d49de3cc47a2d26bda,1003,588,1591
2052da3a7f53d80ef9f71dbc2fe5ad20db62caccab29bc4d85ab30fe3200051a,1616,307,1923
db779e604ef0e936908afaba09768225f5986b261e38e25616515ca8bf5d94d7,2164,1016,3180
acaa1b135a3a72b446e47ed8476c20e66f599d7ef3e0ff20bb6d3ed616f2c34b,1093,297,1390
c82b69e7762546dc4d60b991a24dd8f0641ab4f9359a2e2750eab8a231b3e870,1623,320,1943
2d6c5cf891eb68c687149df9658101b50bc15b0d304af576b8a6dd0ba04256b4,1048,209,1257
8df8a85ec84c78968a229e0279af73346df92a9c30cf64350c9663661ff91b08,1040,354,1394
4b1cae46705bd92275b1a69bdd9c3e368b10ac2d441673fa2ee12d56ad90b7f5,984,204,1188
7c78596c26bf433b1a57ea3158397e727fb14d889a9ee216be657132d11d5aea,1415,211,1626
ca7b474cffb7308055dd22d785cc414be3c72af3269ed12d6d67717894a126e5,1388,203,1591
98e34d5d33e01cd7b3fc2e33bc6cebb34387cc88152f80b559b5e8d7df2a3686,1249,366,1615
49776352acaeb80b15dc1e07773c04d638cd769d6a873cb07bf84fa815dde0b1,1200,204,1404
d27fd86c8011cc22dd327a167fa061cf1895b33e406dd2f2edaced7f5b5e1cfc,1141,1328,2469
d955a08f5628898b4e18fc64c5a57bdf691d2a64cd7e5993e33c974e502ea960,1395,360,1755
9d6f1689b8da712abf3fb5314b8037959d101bc32d170da09a07af4729f9bb68,1129,210,1339
8931cd31dbb6506644929be24e8437e13171e436b956a0c314ffb7e937c8d335,988,284,1272
eb5674b0afe2e4c4de3955241585ea7cc53d093b8e4be13b23b5c5ebe0d70d9f,1731,642,2373
55dd2ff4067c71206753bde6872f1371bea658dfad6d9e58f5a153f94b81f46c,967,201,1168
72a0feb03f30f0647cdadb1dbe53025715d24d32bd7dced2a7339b87a4f99843,1226,208,1434
65be1c9a8121ea45f768cc5350d0d7cbf0dd510fce35949ec5dadb8169a7e6e7,2256,348,2604
f1ffdb21e88a6edc00371bb2c34c3069a6dbc11a30a6d3132c9cd79fec5dcf37,1103,552,1655
9d16b19947b21dbcd5fea7f42347c637253b5b491f3d0e6ce7bddbac06fa46e4,1168,207,1375
2579ef1ed5b32cd60aa70d92eceb248a7cc5e244879d83aa8ece6c4e0366231e,935,204,1139
3947418e6d0603b6136b515d0db0bbd764f8aea1603204aefd8bda3ead9c1f98,1913,540,2453
7f1d9ed83ff9a97468d0f8a5c54d220ef15ca30539d680a75549adbb9ebd3ad9,1404,449,1853
bb42f6fc010056e6d9acc19d857708fb267a5dbaffe7e17480821644222e7a9f,1123,206,1329
1d8aa9782f06d7e73ac17104df2ea5771e97cfa9ba7e784df1ac8ee9f7f2612e,1086,215,1301
15f9f115bfc6808724b8f9e33fdebc5a4cf9b0dfed294f0cea56e27c1797f33b,2194,738,2932
6397eafbf82dbb403bde82a3c761535df04cba2470ba2e4e6e2ee7ee839008b0,1074,237,1311
55639918f8544e835927996ba4af1c71957a96cec3a3ce1bfb303a4ac1492ca1,1579,370,1949
3c96269a723e6471da9ad98a72af5fe88a61f87d02089065b88280b9f004893c,1103,300,1403
f78f1dee546a4884f8e0f5ee9061b63cb801f37b357ba7cc900b1ef117444846,1712,780,2492
2afed0efb3afd141d211f7fb01b3ce4c251a2b0c292fb67c5e9a25102a2f4cca,1199,440,1639
f19e432e18bc8e026079ae3199a7376c9f13b931a8bb038684e019b075322d1e,1536,586,2122
9241d8d15e3d4163167bc58720f11513f1a522558c08c3bc4afe70964b784c70,1440,278,1718
27d56ace77210155785292a0f541719e9125d011ebf303e47bc1237bf2f494bd,1036,214,1250
35a8b825d70bb9e7b86e44dd96cb53ed4c72d3f4e5e060bfb0eab5bf67d9304c,1453,373,1826
230e414b9bccbd8a1a1e80412bc360587744a9a260381c5c53a4fea1cc84ffd5,1472,212,1684
65000815c2b61e7105a85621e975cdd5eff311bef26585541fc33fb9f6667fe1,1312,214,1526
8a7eb83c0f2180ac16ab49fb8fcbd133355c1658c4686b9d235e3ab1e39d42fb,1123,205,1328
37319f643738c7c0d884054cf34c903a35efdaeaab97221574c8a8c0e2907d57,1103,435,1538
51b890a3a4b1689098650f56f0e73b823bbf995e11e3f4250564d162a232ef48,1409,210,1619
8070dfbfaedebf2da2cf61fe0b8342f3647986620dea75ca39c25ecbcd04b208,1061,793,1854
2a3711bc0569d7033bd540edb6628feaa3af6f0a2c9d2d2d4c59a4921c60716f,1507,216,1723
73973759a87a93bbd23a3fd623e5a3d8ae7d581449f128f836d8932a8879890f,1248,211,1459
8beeec3c80fc8604a20ef04c93dcc27bde5a30ef26fb9219333a22816f63176a,1955,421,2376
20ccff0754bba07ff0235f32059508f1701813ea2ae42c32f8a8458d9b9bf403,2530,319,2849
0242183fb3fa8d0f0c6cfd2abc65a77589b1244eccd173f12a745f056821b42d,1221,210,1431
7ff1a7903b0126b19eeea4d1533e65f2fb17285f99dace3d0770e76793daa0fb,2128,325,2453
930027c3c8bf644f5e45d009045d885ad76580f5b147119368fbdd5b74024cf0,1149,600,1749
b1b653a4d1c3af7b7e253a0983be956c565870db43cbb5719c9b8173d862e7be,984,290,1274
7ab2025d073bb05f1b0490a7f4124c3d74d88d18ca6af9ccf70cc1423d5976f4,1129,213,1342
165ff4516354c02590b6f3cfd47922305ebea422341df540f0ff9c0790fdc875,1832,483,2315
b4bad5cec823aef6286f949bded75a287df78946da6b6162f6ec4ad7a12e9b0f,2193,662,2855
7d1d0504945e409e593c6ef3d60ff09bd62e714c4c28284dfbc8a9710342ab0b,1112,278,1390
aee9807769f6d78eadd57c6565d6e334d74e960b186254eef423244f20f17b03,977,293,1270
2e42fb4c68e13c655c2c651de7ee997a1634f4e0b1b09e44f1e08d606aff17ae,989,205,1194
6372eee660732f1998234cb4eac4e709e853667fe938019b9860c5a74ae1125d,1222,304,1526
335f99f0a2276ad79fa1dcdd9621a228641c4e1c3556f17b2f77764ca904faff,1030,205,1235
a1b06226e26317ea516d16ba15601afc5684a993bfa07f6db88709b8ff7074f9,1243,370,1613
1459dd2c23b2ccfee3466312539509f6946576070d91b69866d0db5474323ee0,1421,358,1779
c17ea9a274688aa0f8ec240f83c591a7f4e0b26e10a538f99019d3cac25b2bdb,1295,202,1497
35cb9fed4e8bf935f5672078eb57bf4fa935a0c8b9edc09aa1f28facc80c910c,1928,500,2428
e8dc507c5c7fa510fa4ed29e33f71f12022697a24b59a1b1f48746bbed5927af,1455,203,1658
07eaedbbfe549fc1c88d2dd86254e2b1bc4a64696142dd1c13463aaef99d613b,1004,203,1207
c45685b92ce4e4196497912ffee81d1c91c8ab112a1ab7a65df8671d56a2eea6,936,296,1232
bdc785285ade8cd3b6adb3f8b5b6073307c1c5c12d5e2c164ccc76ff19041521,1219,283,1502
87c1b1fef1a929cc2c9d84f48c271d384c803cc94a5d6593a536af885f5c5d03,1360,213,1573
f1849982e484000aa0a43d52f7f91520fbbdee2ad8349eaf266845bee15e770d,1123,204,1327
051ea4077969510fef81fb401ec52bbcb40810125fd89e59d85b55044df40fdb,1107,289,1396
9f2cc7258210f2e81ec6e7fdd042fcb3069fbe4fe085a2aee7d6eed5115abf0f,933,209,1142
4e399e02bb9a9168d5529fde761762de1e25ff3424ac8143dffd13603babc713,1065,204,1269
3831115c29e7a7b337168f90acd71f4302f2918eb752f810d65a2c12c7017695,984,370,1354
5e3d961fad6c042cf54e95b1d988033da1c59ef097b19944643de3b33d69ac7b,1100,210,1310
af7f672d758b97ad9ed98ee84b1016a62aa2239f9857d1bf67992b9aa2ce960a,1150,199,1349
87869024e7dee8ead59ae5c9b06e968bb02a1d2584c5b344fc0e0bb16641e856,888,213,1101
c8fb0abc1d67f38dd9bb5d1f75349bad7932cd7ef6a631eb3179035f05e5d511,1248,317,1565
8ee1454dfa2055f8673bd636e3d5d53272a59a4ea5db081a01c39c95982c7d81,998,219,1217
cf92193f792bdd72bebe0058eeb3c8d12cc46d7b3c130c43e7f51c3c75bce966,1595,205,1800
a2affc59b2242f1604cbd181b94bf318e9fabcec9c4b3f9ab837c85661663f11,1947,205,2152
a0851cf7f6d9f547e4d5a4e27fcfd24d8c876e2453ea2017540b4839420a66b6,1124,205,1329
8e1b402ddb9bbcad6a6dd41b2e2359f95823f04344c8875f551882df4f3d4afd,991,296,1287
a75490998e4295d61ed8b8d2ed6ff7ab507efe88302ae5c9521d0bad8955b963,1182,426,1608
fd36b8a1d730c6f48a6db4dd90185be8e03f6e3ea6b3e95e45d9f9cbb405e729,988,214,1202
8438c8302cddeefed101af177618483f568832343d5b8a5475fede68f931b3bc,1688,540,2228
7fd352029fb1c5a618b474fcc915a38fee90e4eb20b343b6ef7439014017897e,1071,210,1281
471f3a83bb096f2b1ca74b0e10d689a5b0280944759f1cc5d6e6dde32d654111,1315,210,1525
91471ddf063695e2f7e691ef4fb64f3ac1f03d80fcc00de461804aedb526ce87,1080,375,1455
80f141ac8433d7d2ce879e762346427f728f6adb55cd09a6fa6c97eaa0ea03af,1024,213,1237
007ab74c3d74c9bbfb04a7137952552479dab5cb47fdf5cbda55bce567514239,2049,323,2372
de704caf31d6b1987064497ffcc530be0005588b20e65b96cc9c0c6a86082076,1411,202,1613
09dc3c2d443b4f28848b9660198cbd02996f08e5a226e9b8b7cacdcb96ecac83,1616,319,1935
b393fbded90886b64cafa7da114834b31230eeffbf2ead72e36be406e0023355,1960,540,2500
fba5c8f270b91858d655641b324746b33ae0017dfb3296054a41bb16470044a1,2212,427,2639
d2e5d22dc72e1e8eb517d7c3fe6977746858585c97027ed1f6b40b884c1d9fc0,2137,323,2460
b2b78c1d69569c2c57f1aea621ba5543da06a926a967eb73edd278283cc9ea2d,1011,215,1226
44799efc038269bc95e84c5fad4a1a61db70874bab519b06bb3f2c5efbadff58,1319,284,1603
8ec104bba9e7b8739489773d4e59122950cb95e12e2ad24e22a2ee6ae4d13b6c,1357,209,1566
ea1196d015a63a09287c25a88079eb1468791acee3c2be799aa54cbc3c87c493,1076,202,1278
40e9f61f949e5e295a9c40eb0d9fe3ec8cb1bcd874ed3d316d1fbf6771bb572a,982,212,1194
64d97d5cea8b32db454b382160ded343f5667480cd686eca032bfa29b0af2194,1687,310,1997
5dc2ee5300a59b913bb31a8d4e9cddf906004c37a4a421b255f4412f13abd163,1070,216,1286
2e7d18072961dcfe42da630fc86818dd3aa47129d607c3b1d653c1174f925741,1837,787,2624
660604aa7544752dc1b8a79938ef81b5fc892221e7c1955eec14f07d40045a8d,1542,204,1746
e74ed92e8e8d5d907ce12ec562fdc4ccda0fcdc56f467818b1132eb003dc26e1,1436,900,2336
7f1f437dbfa0d3de2ea5c8bd24a01be2714b3278d8eae7c68f08380faf2ad5a1,1484,290,1774
a8637739e5bd7063cbe729b9313c2da96ba7300584b2885a50adaa2ba0c9c024,2121,322,2443
e9b57af96098423ee53cef0977998e49782e55eb44bc3b6ce5f468c8c60ff613,1560,488,2048
56b1a680fd2cd15e0e1ee02fa51489f45be70c28725e631b207730b83c3b1ec4,1157,205,1362
2d455e989b6391135ef63ff0deff43356ace25e9dcbbfd66bd3967775f74618f,1241,419,1660
1aa0f546e0be5cc8cdc942ff407c762490fa47abbb96932cdf9e99fa62a252ef,1255,204,1459
e5e936152a493df61e9857d3be57a97926faaa4984572b048b72439c87d14d66,1042,210,1252
36483ee1beeeb625ce73496ff94cbc503bf34540798e6d6cd5a9a75741bd7cdc,1424,204,1628
d810932dd5bea8618be2f3cc27f51167e7e1608c25ac5519988fb57dca36ba47,1092,212,1304
bf6e62825816f9d758bb379d3196c94ac9152d94620c7bbed762a1f27bbc67e8,1218,207,1425
fb47272ee45f7ba52f3432ed2b0e0cbdf2ec910e1cc1109ac739330ed2f029d1,999,212,1211
6b8fbd94f5e884048f94f6bdf621eaa713994b885dc2398a6e5cd2f0ca2a0f62,1124,206,1330
c9e2ba2fb357e0c136fa4da6229848d6da8e3ff52ef349cc9d4e6c3c74861372,965,203,1168
98de83924d7682690a8428d5a345fd42d603c839887bc6db63135f461eb71a61,1176,204,1380
28d2e77952581121b8f026ee3d652097cac2bea926d220090e111de3eb0b2c18,1196,206,1402
4cba081217ebb61a45af6f74ebc76e994cd9310399adf69e7d793be316a7db5d,1232,207,1439
19553339ed9ef0bdfe4471514ef75334e1d1ef8a68af089daffded8046cd7f14,1295,212,1507
7cef175becfd730eff87622849a3f470f8f957ac5681f96c4646f656d697640d,1136,458,1594
f2088995691d8111669a7e40bc72c610abfa63cc466d84b367a0fdd943d3fc7a,1469,349,1818
64d6dc0d96e375de691d54fdff4cb5df90098d24ba01e388dfe2bbd718e99d11,2254,326,2580
0509b7ac186c7f6b0aa9041e865548e32e91f56ae7fc28393722e57456d2c543,1068,205,1273
084a9e5094ae7ce97f1c382b31db6153036505c4f2c90c5c608c763103fa8dfb,1096,210,1306
ffab7b18c8175c0a4996a0f0973c853f84da264f692cafc3eb1fb9369dc9af8c,1497,206,1703
c3ebd5374d67de76fd181d93645a51365795eaffdd57249236153623c3f0e056,974,702,1676
cc572992f288d32da464aafa4ffb9943b5af76b931ce4bc52e18b6b650f790e6,1449,204,1653
8f080e49c2c7ff6d56c8a2f09d5d109942a36753005040e6928f4dd4f1eb7e65,1062,206,1268
15571afa216f4e0024e16b8a76af944aa85a7005f1dcd0fcbbce75d05cb04ed8,2082,312,2394
15a2ab673e3fcd089d6a3b0e43888becdd772a18d82cd6a9cb3a20f67849108a,1068,205,1273
ac76b19477d544d1759c9ff3418136edba519f9557d3631407776595fc719122,1140,212,1352
130df1b65e70592c6eb4d21f7e16aa5382d410821d412b20b6d9477d9e6827f2,1483,267,1750
bdd527cb1738fd22e4d4c0b3c861148354e9f31c208993f8254b534f1eb3c8cf,1253,216,1469
92b8b53094da858e42a17d9d56e6c32993cd5d9b1450d721828ba6e3185807f5,1268,205,1473
2149d1fd302137f6dd6201fd5f0b823d6be061ef7a059304a26812342b390671,1035,210,1245
b5fac83bafb4fe4f51c7ca1273e6a4d3aa19715c42a46acc24051d15a8304558,1292,213,1505
c047df7eaf05b74734c1080f987da5e16b0cdbd3a2333e7ed51f2a782d94281a,2685,309,2994
ab2453fb8a61421d1b9176ef3fb204d09ba6a173978c4cf2e1a729bf7abf3995,1001,205,1206
8079177299326a68e4176bd23bc7df0439f23f46ed7e452695bc8ef278d3f9fa,1814,331,2145
39b70dcaca06ac848a1627603989964b9b11ff6635d2028da100c534c1207a07,1299,304,1603
d474f371630be3d73920ec8508ca22d0449acf2912026b98d91e6b541612ea25,1142,213,1355
cdd15adb9a2cdb6748d2b93c30b2bc9684f2dd67b893474c5a41cc7ac23d8cea,1050,203,1253
40fa8130c348656e6b9fd14f8e624420035f59baa52553bacc23c0142373c6c1,1094,287,1381
6b0edfc5b567182b459006c88f84f81c505765e80e637cc01b9cd2a46e76aa99,2146,658,2804
3c5296ae9d5fa32c40ba0d441103510baf4b1c18e32b828cde311cf4a660dd8b,2421,971,3392
fd9ca325f4fd9a807aa5ae0889f03f55d7a26d2b6c1432394f686a779b2a0cab,1216,215,1431
6dceb1212fe461955859f0338cec65203e2175d2edd5ecae86902e30d963b413,2435,315,2750
f397ab5d697c20eaa0e47aed09155248fd2f41935c78c04c4368820287dcf7fc,1088,204,1292
08d9d49f1bb1541d6c28f4ced5434a8adca114ec1d1738247eed31976f5033dc,1502,615,2117
f467847d89a8a033a7f397535050e3ae000feaab954034fbfebb9279d7175ea7,1033,203,1236
6138c8f62876929563a3f2a8b0e3b50c08f2ded40a65d87a60ecb1b8b4055f34,1038,205,1243
b27d07380e268fd378371467acf7897df45fc05cc865b92ac1c040f91390c4bd,999,215,1214
b36951167d16c063a148892a5a5abe2c026d2e393ff9fd56d429bd6675bbedf7,1485,205,1690
679b93fdafdaaa837541a742f9d20fce56f46839174eda507c72f14657c0c12b,1517,214,1731
b621898961dd7d44d71e2661ff91965ab31d4594fa737229282fd476bc10822b,1041,213,1254
262a6fd8fd1e7658fa9413b0675a5756f51aa4652f85e63cec96397f6fa472e6,959,213,1172
1b419dae3695ca2507f89d09497f5c98411149bfd077d8d421a9dbfa8b3b6ba2,1124,205,1329
c5a8c6490b54eb47f04f9ee1dd1c5854f52127510da63ce79baef2d31d825102,2355,1004,3359
d2a14b11cb320b883474738e8b0f211e3308d52f9e4f2c45b785e08bb2b83ee7,1031,215,1246
be29a14cbbffad473b0a181271fca6d6af7afa17992264ad6b5533c1011a6218,1048,295,1343
91e486e36df6efac5c669ebaa431744db9a516a26b2f41b94d632186594c46af,1847,313,2160
a032d9653b22d8b14ea2b77b9bfd2c7997a3dbfdb953c1ad168272eaf0dc7f53,933,211,1144
1d5fc952d8d5d8d8114aace74ba3942f35899022341c0d4f83260ba8d2b36ffb,1238,215,1453
c6db58bf4c59c581b269058900faf487d68a0f0b2f18092b44bf7055a3371032,1490,614,2104
ae31dd7429d8c353a61e5bf2cafe532a62565b767b30e7cfd6eadd85726c4ff2,1684,583,2267
4d4ba2fb5c5af7de4380d371ae5ba9a91f60688c6ffb78cbe2cf8e15baf3ee0d,2198,321,2519
9d32c9969f4c0c10d298d7125a1b0d3a764fb4530868b71bf0beb0d048c8ffd6,1012,299,1311
37dda5f681f517e18945ac1b65f199ae735f4b88b38f242f5b344877a9c7623c,1097,283,1380
fd96821b37b2ccde8cb1089c1f7717f289373471b221dbeb64dd509408de927d,1005,307,1312
2cdfa3666387a7daffe520af954dd2e8dbc80fb9afba21f59f8acafba5d1ce17,969,356,1325
87f728402700d50f8f5568ab3cc88968e76260725861855eda1db9679f687840,1031,209,1240
8f3f623c998df16aff88615636956ec0364e9fe7956f58cc66bbac17b2cd7b7c,1124,204,1328
cf6b7a8bbeea917e856fba436fe4a260d3c63043c259e6063de1ad2c3c084b33,923,224,1147
4f68bd8affab5e1a1a92a46b6ce939129ac5b1f97b58441afab98221508ece90,1124,306,1430
a889394348132ca2f595190d16218e7d89c02415ce0062bec59bea3f69535434,2272,310,2582
bee083c92807427233aac8dc3b80d131e43e6a2b5226e08476ebdd256351b63b,1318,212,1530
85cb4469b1708ec9f4ec6fc06d62c99c1da8cffdf00937680d250018a34555d3,1044,214,1258
244411b39c8d7763498e1e343caa7322165c4cd82f5952c97c7a170ca298d4f0,1105,212,1317
913bef9e19e787a8f0e5cf49ce3f11c83d40e4521a47f3050bdc3bbd952af516,928,205,1133
e3d994124b6f6213008cc49f1b6a902b22de59791233f6ef6b45c7a4425df531,2447,313,2760
fa1c0396e81f290c464a1d88a4ddc0decaa4dd8c6c7f9796cb3c12369000bb5d,1070,209,1279
0c362591b72d8bae545cb29c3beaceda4030e235d9f1fd6d93b738703b5cf3af,1074,252,1326
6e1eed27d9cb5417bf84fca537b11233b84f7c28782e36bd78590af52adfed9e,1200,293,1493
6b72779184d8b6a6f79141f4c5e62d91f1599a2cf5125cf253d2422271bb61f5,1789,320,2109
60485445167cef3e40f06186f4d5860395d56dc2553c82ebed725310b1329875,985,212,1197
66d1207cc71b3ee08dc60ea7c60c56dd33b8b11950355f036be423782b92db3e,1488,201,1689
b70a5289dc15132e6d86ebba0a22ca6015b83e443b34596e64e37f8cf1b83629,2175,891,3066
a4576aa89121ff9d71e51a1c6222861355a7a2d3c93d28a75a3c020fa1d69399,1453,220,1673
75cb5e0dd1e4b4da5eaf4853bae3d70e33bc4f924d75d0dcf12e462daa1c49fc,1120,204,1324
cb825997471e0835a147e05c1e43bb70e7e819fa1241028dc268796e4aede026,2236,550,2786
e8eb9afc558e48b5f8f37260980fd22dcd1c2ad38a11a8577e288a1d37e63058,1217,283,1500
1ecace10d8b3f7a0ccbdf4ba58d566e84c25643ba8395c4bf1e1f176813d4ad9,1019,214,1233
dcce99896d1c713b8091e603e42df3358124d84e5ccd095489e1919eb805a939,887,212,1099
397327ebab8da870509ebd8da82fe7d71edf6aa70b40948022435f7f53fddb52,1055,215,1270
66eaf4ccaa09b96555885e1a42d7046af5cdd70e70bd1b6cb563001beef67725,1071,210,1281
b43cac8c711a60167d287d5646acf8d605a8a7f31549b2cee768b5578a2c0fb2,971,209,1180
6ae72646b76e0428e3d28894e8dcd5fb4d54970d9efb6f92a0652a5467968a40,1127,358,1485
a32df676d8bab2f28ce93634bc6f04ba110797b51e53b7e05eaf31101bc4ab00,1078,204,1282
1cdea5823988f7cb4a7f8a3bc5b3bd7e54f5a7c5c1f0cb4152ae7e5d91b4c3f9,1163,317,1480
e7573ff543fe9f4695589df5a0e703261c961d59295286c7d10068ce676cb40c,1150,206,1356
036b46007cc814a130454fc9e509587ca5632f891c9dc6042c080e745f84cb88,1203,440,1643
c202db5d9cbba84b195a0b34b3d8b11fbab912eb4c7a1fb36485f2164261c9fa,2033,878,2911
36b1af5bf4e6a2aa46c72919136962e0b7e77dbf67b63c01c97b3a1795a81060,1066,206,1272
405d8a041d5d93302d2254ff8ceaac352f608ed551f21e5a84819a44910f5ac5,1589,930,2519
5de526572263bce352b7128ee6306d55b22cc1f8e49f0304a2336451b6602235,1015,207,1222
b531d9d4bfdd5abc9e3871d25dd147b5e86396cdd47d5571caad0daf3da7dd16,1106,206,1312
afde05ce46ba2615a5b7c899de2a2ba33de283e7486410e7645a1ed80f9f1026,1124,205,1329
c6d78da808c2259a0a27e1987bfdbd7fbd4f00db445f2eff5e2f777ef94a7143,1456,213,1669
700fd200bde8ca2667b5af8177fbba877caf6e9f7fc4b5398c05b71b78c1bfdf,1070,212,1282
f77b3faf01dbe7a5078690e2c9d76b1aedaebecbb4b3da3e3327fc168d05cd81,2368,334,2702
5fcd6640805d392fdc1aeb28765d68a8992668f5845f5c4399e1d3e139cfd99d,1068,206,1274
3161faa0e2b0730e01cb5886b79b4ce687adca97f22505da370ae58548502345,1419,298,1717
d1403971f5c80a361ec74efdf1974544d77d2213cad211b0a683f2ea7e5412c7,2084,188,2272
530d3eaadc2ab23c52fb135c0430b72f969bb194beae076adb53ecef630c0f77,1016,200,1216
720a8701df807f6aec2aa54b12bf5a7465551d142658ff9f3cc1b38fe8b6a6fa,1528,288,1816
9878421ee0245fc3ebf2999d6c405fbb4d8db1818d0814e2bfa79c71bcfb845d,1112,215,1327
41372eb76d41a824b76d9f51591b4edef4ac39811c3855288b4a20bfb239bb15,1021,212,1233
8546a5a44e299df459f2e87d5b7ad64474a6d48a731d86b27cc7aba89a77cfda,1841,321,2162
159611beb9af45f8cd2788014179479b8325f2f38f2d68b732995156c30dd7d7,1284,210,1494
2cd33b2e9e618bd6372f9b68db129e97467a01f6cf783ec94de71a1430e64815,1951,537,2488
fe6a9c7382f45c37340342f0548da440553e28b506eee60acbb2fe0e7df97337,955,218,1173
fd9f9715b3e6b1e0d59d5e6f04cabf729060a46455723f72a1e31e8a4b94c40a,1141,219,1360
3f4f3d27ca9ea20dc5729da23e03ebfb3c4d6fea565895a214ee94a4e14e246a,919,215,1134
8eb4ed9465f346f5c137ac3697f2046409f28af0cf735f93c92416c2069e510c,1042,217,1259
1656f3df4bb71305e9732919131bf27878e5f6cacf760ddd1806b427adee68c2,1245,210,1455
bf2487482dc57e9d993a0b0e2d40a4c93fcd2cf6098edefc4863fe9ba2665052,2215,666,2881
11677877714cbc53c1fbf308167bd7ef2048240167c570eddadad904377adad5,1124,205,1329
063802faf05aa0017500a19bccad3f7c486bc01d33697bb86025c356d702e985,915,210,1125
51b9f849f706edb7dcc789d1d7b2ca49ab994b3447f4e66315bfa09bef892013,1835,319,2154
ed88292ca4a358f27a1815cc99fe45ea6e66dfd08fe82dc77c451f10cf146283,896,214,1110
9184e849110c544106b8b11abf28e2e7df6ecb268d77d23ffc32889c099d124d,917,210,1127
1220931757c983e01d081397ae2b996af6cea38979bb6846849dd9273378c504,1055,211,1266
dbbb6568cc7f169aaee728d68906b5dd5adcee901355fe19e741c51d295163fb,1398,213,1611
cd6d14cad26832d574c59f2f16ccc3c8a43b26752e39d6d31ab849150d9748e0,1246,212,1458
a18f1b3454c00c37abf35d6cd3e3c6bca1164833ae1e873cc635e229167f5599,1120,285,1405
d9eac6ddfe36cb97509f1edbb212d396624197af1f5197a42494e76bdc046cd8,1248,324,1572
4345a84e360eb300edc4aafff6e4fc685b74b3b7e1a133b225d75463563c7818,1189,210,1399
3791ddb76d00c7c072a55a003e681c0125d756234bf3221c99cf347843355f86,1031,288,1319
ae655863a591cb8f291e0e355f88b137785050192146156b195cc9b6b3d7f415,1033,214,1247
91fd08a16d5d01571105f354d7c50d0fbd1c96b360295ae6d6f69aae261f43ec,1303,210,1513
52330a7f67fbab1a43c101bc601c7c8f0dc8b67c7d223521bc287ff166889008,2220,321,2541
42fbaa0dd4be3a95ca5efbf78be092b2e05da15a45bf387c687e25ed9771bde2,1060,210,1270
a5825c3c5f72b2c7413eb665a6ea40d4c7652bf00d9644fbd96c708dfe72c4d7,1019,294,1313
e5a93cb3d6683006cd2f0262a13978fe6a0eac4932678c1d75b7f5b48cfa514d,1007,210,1217
d7c92379a14dbbaafed21b1dde60d8ea16655448681f1c11365347c9b6c3d95f,1069,208,1277
d55e814b3b64d83e6449ca104ffffcd3a973b5e63a24d31d55d6e74d318960e6,1006,301,1307
403f4cf7d8c4381cbb98ba96ac6787229566ce427f3f55082e1d68938ee3100f,1124,207,1331
b8bb339b372ed99bad69cec4c9d3251818d3d1b6b569efe66f34d46938637e4f,1712,319,2031
6ec364f8582381c5dab350206436438ff4683bdf799c7ae770a5780afb5311ca,1034,209,1243
8582dea38cede6e6966c5f5b20a0648c479769d7b76feacf6dc83ed9517ea723,1718,429,2147
0e21abc31a06b08a85fbf30b406ae474454bab91c281dc3c4c23d37cd27c4414,1462,222,1684
c4faa6f945f79fdb61189309265b42ef18455a3acd218db71949a477584b2283,1342,214,1556
626b13752c34707a60c567e5026a247a6a5bd8114820be1b8b01d6d95c9c54d2,982,524,1506
d136f1e1ed51bcb4cddd1ebb897682655887bcc150cbeb092f1ec1fdeeb387f7,1199,208,1407
ab7df3d0df7e1365a98b31aea38a83faa0601c42eba43fdb31aaf2582d5ee3ee,1146,669,1815
6e0e257d3f1ab3c8b5c5f9a111d58ef4659a5f081dd7b75d80fc03cea5d2574b,1124,205,1329
0613ef14da0a9e35b11a87aa15aeab77dc0a44c546452a525aba0b1beafe419a,1181,210,1391
75d9fc91935f4e76ce9bf4c80bfe2d9c38ba493e8c0f3c353dd6caaf3352094c,1431,210,1641
23324088d031c0266153f2c330e3b18aca2b2631dbb33baf27a0529616b51c47,1220,291,1511
4875422d867574472d0429aabd0da4b6c46138e8e0220953ae78ee024aa8c1f0,1753,462,2215
fd3529e9646947982c157636a1f65b4c5e7529d67d25d569d22938fe57d74678,1249,212,1461
9a2d74e37e24ed37a24c41902fc989c392e8c8b67f9d78458f7215ee33f8677e,1312,287,1599
771c005c21bb0b566921b826282df9dd37dd0f72a421a51b9a2f5f9e0a11e071,1910,549,2459
20b073107425f48df6e3969f011dd03c397b12f568cd2a0ae8a129af37139c50,1945,793,2738
d7e6845b14eb9b937e71c66f20943984090dcf9da08c5ad5100310bffe9be8f1,1062,210,1272
d32aaf73edec2ef6806b8540f3f0a675d62fd9d96f30a7c2d42db8dba03f17e9,1329,287,1616
66493d6a8f837037c53b7e1b872ad29f3464dea7ed1ee39b20c80701347b088e,1007,451,1458
d4903df1a9efa5a336a08cff619bdd6f889eb199831ccabe73ef5bc87e6b87df,1235,368,1603
b2dff7329ff8038596542fda7104bcb03e45d71035bc97311cad08933b94df18,1151,212,1363
cc6b1dccf15836f0bbdb6cf7445e9b373e6a860055cd033fa1fd208d3240e434,1318,287,1605
559a919e004e0e920f7b3a2140dc05f4ad662d196e56e89eae4aa14d84c8c431,1101,305,1406
cc47fe7e47a4169e4d03835dcef66fb555be8791af55296f56d4bf8fb053715c,1880,538,2418
e1efc9d8fa98313719f90ee1166f7bdbd7e0774fcae66b5cf446670184cc4e11,1415,211,1626
df5cfb60a6c51a30a8dbc1c80e4a4227ae5e5c89d23caf57f9d1c3c614d0665c,1012,206,1218
761d798e87aa678cc1e40fed8277ee34d50675338f10dc224822b356ffbd7cd8,1124,204,1328
139a2b4358abb792c4be5a8a8ff021dc7bda45894f604f97ae2afafa853d450f,1075,369,1444
536f391b6406000fd3ed347b41c8fd2785a06a26023aaee473d61e9189d6a00c,1215,213,1428
9b27bec5c194a4079d16551544083946eb7d61332772c78a6fb3b1b0b465edbe,1206,215,1421
e30dbca2b079678afc03189ea85c350dd0b16952c67d3d5bbef9f87d48626b8a,2300,319,2619
4089d5d7d26adb82d0f99f356e92d4dca668d510752477973ad3f4c3543bb475,1632,1255,2887
ab1ca817bd73895dc59a80a6a1f8791183a3fdfbfb77c4c2b6672df66fa8ccc8,972,426,1398
ae17cb8587b232bacdbc2c092c38546a64d11306f003dafd9b0e65996d78ab4b,1107,282,1389
fd733098abc0833e88deb84a9f2b51aee5fbc67e3caa9dae8acdde411d9e4252,1229,224,1453
66d692d31f035e820f61a2a711a60be6a9ed683b7f72e40638d58e9561ad3d6e,1344,442,1786
136c0485a5cfc3e0280ee1028f04e7182cb0ca7fd45b8a98f30c5f52087704a6,1121,288,1409
f5a4e69e01dda07ca90765b67cb78b591c8b7519a8585720099dfaea09bb75b7,2252,620,2872
fcd4c976b036753b64910feb475b91029f732118978cd31a60258bf6290f30c6,1209,315,1524
5f174dba71e67188892545a9054d27f7ee409eb4dbefb1023aa8ed53a0e3323d,1263,209,1472
0449d7b9d8c081b6e6c86b7117547d1dc602b6898d9c7361200faf891c106c5c,926,208,1134
37ab740687b9f35c3104a300fa360db7775ec004f6fb18d52ecd6cb50dfbc167,1273,283,1556
6ecfd9813ae1a867db7782d9b45951c55a285c08401a9504d8715a43ba56da04,1056,282,1338
03c695a454199467f2b0d4cb2c4f83ef47899481d1ec97c8a415c72924af96c0,1074,206,1280
8729e71e07f6691b06dd3f580810150f7e1dcb99aea731597264207266d373b0,1109,294,1403
6800fd73aa033334f03676e220639c0bc0c4c04c29681b94bb76915be9dad31a,1182,321,1503
7ddbd28f415c7ff983e998dbc30e740120886f3fcabe402dace45ca2436541e5,1243,205,1448
0e801e18061c0a960d56b2061ef2d8bca87028b5107447227e7a2a7d2bac1d16,911,203,1114
4b1fe4381bbb66910fb8ce9b82e089c61a69d641a93194888e56c3d394a96cf7,1299,302,1601
a0555093d9c9ecd8ff1517c3a2ecb289461e6b20917fa641d51b670b19aa2832,2198,906,3104
3d4483f1ea0aca28a46c6236e074ad5b5225e8e757e7c9a447540e278baa39d9,1224,208,1432
b67eca918bc8f226c55166480809db27822c074dd86b046dbf9d9e6873355cc9,1947,545,2492
8fba098da1398ffba7bbc7d2d67bc7c8cf8d61a45ab331d0b8fe0f96e0d357f0,1182,323,1505
d7369060541c17fec09f4ef79ea8ba107d978a57e38388e5453fd5315aa6f65e,1473,305,1778
d1c9b2294567b19387f9472ed3242a40e8a6a5e0ac351840cd4d3b3fd313443e,1040,211,1251
49872a687882727da847f71d0a417a3d0b04bf9729d898e4fa3bf5cb9dd6a0fa,1059,524,1583
1fb051931841ec5b116b4722154766a09c84b3d954a397c8486cccf46f2b7422,1109,667,1776
802bae4671a83f6ba5537071fc21767ae4773bd7544bdbc8cbaffd17ab63fe92,1020,218,1238
d1cec23cd488809f071ad815837024b9a3e73588be537c0c5a0c6ab2137d4dfc,1124,205,1329
e44b01839bdbd37f28fd02caf05461ee59a3dd6215f109e8df25893917c32c72,1089,284,1373
73b44857add825f1e313fd7d8b87a8d80ba90d8f4a6abb33e4639600b3472fef,941,288,1229
f4695b969a045a0cc7879256f4f87545b91c0766450d51a7a22d1be15ce69031,1463,205,1668
b1f02dc0f71b9292848b82936a5a14070139e063edf1b5ae14431277340ee0de,1415,300,1715
a70cbbebae3cca30100bc0f7f1dc571673d0d4c927373c540b933cb664babec8,1261,214,1475
f3aa6fa0d68f38000fb67dfb2b57135c7458dfc41eedf0cccffc47ae0b2e29f8,1302,447,1749
76c46bf4f1aaa34c3d0d13d4207f0c2744b1a48a1863807fbd1b53076dc21d68,1139,372,1511
fa143214140b4772aa779390da6e7476a4fe9cd96e7491083009ce826d2d2d42,1011,215,1226
70df4ca6884d3d3d9164bf2dbc9b682dfa7aa78424390c58592e0db02cd62346,1500,205,1705
bad8f4f1fc46f9023ab720b30561a4d63faa1ac28e1f36a319bb8b13b65cb6ac,1711,895,2606
33735df768d1de7ff4aa73a30c50d99708e833753bcf06ff8077b90b19e68f30,1056,317,1373
c5433befa50f564a4f73b9e1a9d09b644776f3f0d76cce1a1192d1506fb8886a,1173,222,1395
81ae6f3f8dd85a8cbc9b901094fa7c4efdf059626a7f8f2636d88a028f19b8dc,1124,205,1329
4a19065bbde4d96edc3ee41ecc6682d6c484e7e07ad5fd84582a972366bf83a6,1098,217,1315
20c53ecdc12fdf56cb0bfbfae2bcc5b45a27fa45d9ba88c6c86d1da9cb03a727,1171,206,1377
2a9372c7fd444b192062aa1cd4226311874e612ab55ecc4fe680b9108580d2f0,1466,209,1675
de8fc4947f04c6e9854088b6a11954438ea0d3c78a253ae2e66295e846c51d2d,974,209,1183
97163d2819c600c8a38cfd6dd0ebcab08c5aab9a5e584f07063e811e310de937,1733,892,2625
7b68b3bdd3ee4d57d3c968af7e2c827406a5b64763be342a89d3e6a0a3d91a1e,1587,627,2214
547009e89a3ccb9a025b21cc047e90b655b7a4c2761acb4bd54631ba650f259f,1185,219,1404
f3a73a81f3a21b14df785efb04f1f89053505d11fdd702c76ea671a955ac5b86,1110,286,1396
110443380d122fba85efa7d4c965f8da7c49ff218664c9b9fe2e61b510ad7c48,1334,305,1639
0ee44848e3ebbeddfd794f54e094cdc215bc14b30fc490441ee12e90bba36d83,1016,209,1225
63d3785e684e1dde704f80301490611ade2963e07229717f2c56fa5c53b30369,1373,209,1582
c44b62968c9e717308a83e722fc9af26efb23db17ee3f1e917e0bb56a2552f48,1581,204,1785
cd049cfd01894344997384b4ea3e82706e1d7ca66a18e103a62ed59d6c8e25bb,1266,359,1625
bd5a7d36b21faf280ac0450f401757fcd3c2ba7761f5ea4c7b0505a198a03197,1052,211,1263
cd37f0fb44856a2d6ebfd124337ee0ad13d83a6c2784dec9619df164b563599f,1018,205,1223
0184aab35edfec5731062ff28fb0996990c903c486251c08c777811cb7e7e7cf,1124,204,1328
f29e0b695b258b7cc8b5b8aef98b9048d6f0ecc26cc6c2e3341cf048d8e7db51,1158,297,1455
61843769901febf4a8315f37a5889a54c62c396091a116ae1aaceed8c5f2716f,1367,469,1836
2b40393906b8ff1b252e09f65de105eeeff49d7e69354fc188929c3013c24654,2261,1082,3343
06b571c66dadfc32439fdcbe1a9399a1fbb7d707c98299e8601decf3dd6a85ff,1264,365,1629
6c3eb97f0c9e24259ada2f85314d307b041af5d78f529332d2fdbb2bb6a1967b,1500,286,1786
dc2927c8090b23a0d2ce1aef52db70aeaa4f1f7081a1a12013a0bbb773fc8dcd,913,286,1199
9f5929627ff82e33dbe5b67321a9ec2c02fb1238f241dd5cec20fc66bef7e266,2448,561,3009
f4e6b859d2f894f93f97d57bdf9445ba8c6f57f44892ff40d0a5fe8fbc86b061,917,205,1122
769b552bab7581f378d0baeb448c88f632f10584c54dbe07badb6053f769a921,2352,324,2676
abc0990931ac2a6275251f385bc75d8dda8e60d8ca4d0606b58a14ac56eb34f9,984,207,1191
cc869a0f70105fa70e38b83b657a576d43b4db9614fc93331d9bf45e7faf2bd8,1002,306,1308
3adc710bb96fb3405c3770e7882c3db8cc751d097c22344456ee25c35fc3af09,1925,313,2238
98339a76c1dc70dbeb151d33258ca4d4cc47718b608808c6b755133975db817f,1075,214,1289
3629974f6b6cc786354640cfa897b50c8a94fa5996ec9fcf80f276009cab878f,961,364,1325
a75eee530fce92cc9116c1385df627b79777f5614a5942aa5a8f92014c30e83a,1124,206,1330
d53a4cf06401e965d86a38d6615fc6331c08fa18435744acca4049168cfe02ca,926,214,1140
f81b8d9a269f810500c129db6a729d8e75f1e00912117edb05dd4876dcb702bb,2126,826,2952
1ab0c1a8853fe41ca71d77c65e203cea86eaa78889e92692e53c5321bc1ca6d5,1416,208,1624
d7a7ee83f0bb51d95187c060ac9ff43d85a1a1ef3f856705e8f7f6818be779ab,1164,309,1473
2520850bd6876462137ac85e8c809850f3a4c76d8fa8a491f826aec7502c4f9f,1093,215,1308
951067474c5cf2da23ed69d1c2eb9c8810f11db5d1cfdc5545db3034254c036f,930,202,1132
add8d4210181e0bd989f2fe64c1d2c0ad8c9d0906ab9a914690fc7682ad871ea,1778,640,2418
0caca84737d822b2261a49c268051f052027291dae4f2341a5beb18bb961f79f,1014,216,1230
438486a235b7d2759889799388f8541fba0236860b554119f272065c5c797345,932,202,1134
19efd057d2d85b0f676e993d657ef29ae9ea7aa158d2fc605562ad90d4408497,915,209,1124
f605d1e0652a0e891af1315102237c62efa85cfac9eebd8abb7831f16f797b4e,2304,370,2674
ee31d48438018cde0ac43e18ae87963402f145014d10832727bc83d9223047a6,964,208,1172
9d6cf7ba6b97c810fa3ab3b32611ed79d7216c8a87723b89ce22c4dcaeb0aa16,990,260,1250
b9eddabd0d5f6f993b0e1c8dd8422b6b7cbcc938a7658f8a509ddb052f6f1d77,1115,285,1400
aa6c4254ab44284c14add06051d0bac9a68bb740942f98de6ebdcfcfdf31a9ef,1258,311,1569
19afc17548b72180b36cf6df7cc18f8cd72335e1ea14e65605ab0662e1e0775a,1052,266,1318
772d4eaed23169c50dc98f8db54d489db768b2a2dfce921c82d4161c23471faa,1124,206,1330
8dc3f6135c6a8cecee5c4a5332efe08fe7e309e9083e0b384e492dff57e12d64,1837,378,2215
b100d689a744eeb88c34fe027451a4791a7c98187abcacb6216e2c995fc71612,897,215,1112
83dcc3cebc6df860790aa4498d2fafcaa3a57ce97729489d70c51438019b7160,1100,210,1310
ec7185526caff33f3be766d54a900b2c2e72a38f7522cda134ac93f1b23c3010,1138,203,1341
b6f0424e01350824e96d9d6b072c18ee72447874f2b25243b1e8cdf8fc2b4533,1066,215,1281
d1eb83f279ea7bfc65cf730a6eec0a170c2b60d44169c84f2b07d7c6e9a2c93f,1552,205,1757
d7bb06f55d46aff1c95037e6266fd1a202077adaf82dbda327163a1378717301,1240,212,1452
5f7a356263f465e29089a1012ab191fb6c02a440c8784b987cc4dbe4fa94f505,1370,293,1663
dece57984d779953256485e8a9a2bea74d23112f18deef345f430c9ad72379ae,1008,286,1294
dff97cb01b0a83aeb51b8d35df44ce6b3ba704789a992d21d5927f8061a36e54,927,210,1137
0fea167569e558b57620c085ac52bc8c3726a67f5054d530c7941612d1084674,2324,616,2940
76d7e1f45e7bdea7bc5ad5cd8c6e34d7d516863c3ed94a97b1c936222eb6c519,1381,208,1589
739b63c0e24d927d172321ca4f8523082dd0e44674f1d2266471674ece502306,964,203,1167
ed7e8be603969ae4f74b3f4b5e4bc0bbe7207fab509ef8364b107a7caf601f1d,1240,293,1533
eee5ce9e3cf62eb70e66640a33b5242e2cd002d1aa618f2b184b98f832ec57e4,1033,207,1240
3810abae788b2a904df3afe4955fb939b53d12aa9aaaa78a75b253140a44ee35,2188,346,2534
3f01aff7e4a2201b85a0b0da37c89f34f25224b80caf3bdbcb0a16f646cdb99a,1143,213,1356
96ba1773a338b628e04fc5b949a48bda9dd8853164485362535ab3ede34626d2,2264,435,2699
6013694d98dd1b306dc3d02c33424a0364588ffb551506c24bf066089c44df7a,1017,207,1224
6a31b1f39523d2154b906c62cff5edf94cb51abe8579b885c606f393a9c95106,1124,205,1329
069a9088027bc209fad8e7ca716e8f00fe50318af33eac67b1d860735611a864,1431,212,1643
98e3c9bdaef14130a005d34e137b2ee58a13713d963d8f8df7f58205a2ade30a,1727,738,2465
3c13dd412a8efd7689a09d286278fc93b056f3772eb857d162f9b078120978d7,1112,213,1325
30d796927c119f2b9066a7eab75dd437815499e3e65a86a20603ffb7d202af0d,1203,910,2113
b55953d4cf8511e74d96fb79584be91c8be6281a026b8c05b238886455ef4720,2495,799,3294
a33459bfcd2b6338ac3505b5975c93060a8f8247ee429ca0c21acc37629d92fd,2018,321,2339
da18e0a40ba5eee072134ef5250454674be81cc13af7c19a326c39184aebb1ab,997,212,1209
682165824373ff0a6601d020455d75655746c122601fec0528623c617e6677c2,1095,372,1467
1aaf5af95c03a6186c9acf387198c06d5caffe119f23cf33698ede6b15cef312,1072,212,1284
9777ed788874a36936138c72c823cf153576ff4972cf506f3ee404c74475535a,1043,217,1260
bfb94f3a2f54d2880c0f820479ada0af4c618c82f004857e7933b7bc1748c646,1446,141,1587
76d01ba52f9f9a282b5f73b508c74b84bb4eedece2da05e2288b68c37cb38a81,1031,286,1317
2f9fae8e213f072647ccd1017ef581f7c0f69de895512599c9ec462c3d98d4bb,1244,317,1561
dc26a41686d028fff410017cb742b527abea32bcf27a23d512d59dee1e389981,1100,205,1305
32d324fe6879c0bb20dff5d30ae3f6f32906c743fc0a05880cf5f804fd16c2ab,875,207,1082
331bc05309e18639b02d4ef941121ccfa84f1699ef04ae2091c6bcf5d2a1ee57,855,200,1055
9ad8b014feb38f7ec67c600dbcc8772cac77eeca990bd40b6d46ab12f970196e,2218,670,2888
f72fca0e132bc93dcdda42480b4c172981bd60f74988a789c27e8bdb0cf9f634,920,207,1127
0409d2c02d0713ad6fd8b3555a08c1d636b87dde7103af29901c4fef0fa9a4aa,986,366,1352
d0df9a77e6db2029ff93414715d28074e2382b6bbf954aae3a054755aa89c4b0,1040,284,1324
9486b1bb63bdd3cfe3758cbbdea684b0f45b5878b7b2a0ae3f563703b9f87dfa,1124,206,1330
12eb53212f196ad1e16a436fe2c32d56c156943bff04125202b7ef042d57c40d,1303,216,1519
b5217b01855055207355c8f504e54c623c67dc06ba14d4986c47cf273e4577a4,980,131,1111
be03f6c4581f4c9c0f12df8c18d11ade6356e20945e619c29c9a89201658891d,2369,324,2693
3811f7d71da6ef62e2c6042e2f9047ebc95e9774d32083a92aefe98ce08a5580,2224,605,2829
c386c2b3a7c0aeee3c4b19c4fd3c519012a356d0c5fcd911949b51141b440c69,1626,688,2314
2204a641ecbcbfd4626c54d4b78f509fc4d5e4ce590022ea89455f97b4cfcd0a,1442,209,1651
415e94d1c255456d02edb794c175458941d28dca6701434f030ab55a9d4dbcb0,1341,610,1951
94ea6fc43c24eebbf2a142953fb7a7884902e05c386b6124c2d876dd3ab06129,1428,450,1878
40998c628a38eb9d93f252384fe483e2434ab050fb26ca2a7fd729f110511704,2349,322,2671
72383a21dfc1d41e13584781d85b5b0b2d25ede533d8e7993b8e288be7583337,1101,208,1309
635c75e17863edd79d03aa5ffd53e2ff9e632e43ac43885a6549f4952926cbdc,1734,544,2278
9f0a83a3bec3b490f3ebc4095da00f853e42b3844f7b0caf414a32de0aee331c,1413,208,1621
b75229486cb71dfc77344d31da86bb384c6b3d3edf06a1a37006776129e2f3a8,892,204,1096
a4075116da53ffbf83b545d7b50075322c5533073f4616503c03840e8d6e025c,1128,559,1687
bbfb6df0c253bcda997bfc8d2aec95d9d748536f6c88f971ea12053022ca990e,2259,312,2571
bb6ccdbbb3f22224a778833ee7b2d0ee35b8473b70fc37e102e49e3584c1a089,1325,213,1538
5795605a966aa88f1ff911d05b43ae84ec75f730ea01a21286218e2aacc9fd83,925,285,1210
fd1f383a88fa8b4c48ed3ffce50390575c493d4d607ed150560ac54571cdd98d,1014,211,1225
e87034a52f7d18ebfe647cc0d75ac4e02932c387b038e88c89f16ab61dd073a6,1489,373,1862
a81fe6b87dc6cfab7d84ae5deeceebd3e1c97bfc436b8b7bfaaa6b8588997d56,1635,461,2096
b55b8e4d5834975a1797bcf9354572eea55750ce04f9e77ea1e7cedce3fba553,2191,658,2849
2d7eb5d3afc23acaf6af9a6a8a6e441ef11a83be2fa0860b4834b00fe6db7821,948,248,1196
9a24de6b18df4ab42b970a060d8ab0f9f6c057c414e509db312b580975193c92,1217,648,1865
adee9489874e74163318b3d6f57d06f0214d1572e2a8c29b4ba7422ec9b568ef,2194,1129,3323
6b3cfe1a86b442833810227a68d4b0273945e6d27c0b0d9bac1c928e664c34a0,1435,372,1807
eafb791309cd99fe23538b6e5192770c50f7856f0315cff83b0258bce14c5683,2041,539,2580
1a6d22245c8baa8fb85f40320105252d20c644d287bfc67c19e9198e4343ea47,2163,867,3030
dceb5facdad748dff206c17102c6804bdc3d900e1529c0fde6f27b0cefd300dd,2161,907,3068
46592625567e4374baf397797a999a5f0e144b8237d159c1a207632de40a5e11,2201,1236,3437
6606d6d9ecd943f4dd731f85da6cc5d70354c453d0a8b120b833c936462e693b,2328,1788,4116
