id,prompt_tokens,completion_tokens,total_tokens
549728f9874e25c7083f60d3e6ba6245f00c66a42fe22811340babc292396f64,1124,205,1329
70e403ac662fd4aef3c303dadb9ca0b7c82cfd8ada88f8a6064325884d83ddf4,1054,200,1254
b9065e6138e10557900f7495636b28e63831b7f7513933c1b8859aec2e5a9f7b,907,214,1121
34cb045dbaa2f953bd4d907793fc5fe5fcb545aeb9da7a42effbb27c0b75dce8,906,214,1120
fe353279ec04075391f1fbe6df9cdb23cfe338c7f134b480da22a1986a07d369,1426,284,1710
482a824d249f1c78b49c193ea5dd6f78e62a64051493579fb674c0babd3ff43c,1124,205,1329
fc59fb40f7f2022e550165125fced9fc234bb8d425ab87c111cc1bb52c8b0fd2,1018,214,1232
4e0f314d87ca708452fd14d8e4c1fc69a88748131e8da4f6a4ce9c2ffb89b6c3,2193,347,2540
08deb542b3815267471725750400faf940f14cf901034b5145704bb08c66633d,1121,205,1326
52d8dcece6f1dfe17333616024aa961ed274ec06be10eb5894b2779014e90ceb,1283,289,1572
51feebd8b198a8d0bb15e28dbeec2c7f980386c5d02e1382997a910ea4970441,1314,316,1630
5b6597e465557e59eacb79a29ea71d288b3b34ebd95cfa0cd7683f9974123a55,1597,469,2066
35a5cef3bc3f982befc8878e0f0bfacba5d6c4fbafca8ea4d9b3c56b15ea95f4,943,282,1225
daa596a71321567dfcc3f9663e7b1edae0efc3bcc6b495e44710decfbd402dde,1307,371,1678
8f2f67643e09a569f5839d23acce7118bfb2daac9bd879664016ce79995170a4,1580,532,2112
e15dc9c63f8e6eaeac9bac31ab5ff82179de9731af50b73a5fcd90b5ffe4851a,1746,538,2284
a2a0373f0c25036b9dae042bf57fd475784b66ea4cc716770f31a0e315ca2fa6,2023,440,2463
a30320e667ef2f9e04dab18121df03e3bcd15b3110a1b8ca5ba05fea451199ab,1115,210,1325
daf7aa83def0a2d7778ac81180db613d2e90c96491c9848ad79b9d640526097f,1020,561,1581
ae2bcc423c77e42faca00314ee790bcdfe21d91e53245fe725bc725753e85635,1315,383,1698
ccdb94e5ca519f9e342f634db35647a297c0b598bb1964ce4f13166d1c1b1803,2287,442,2729
dd906d55d7f86a7bb0d8781f41afa90e96d52053fbafc7455107f9c41b8392d7,1227,320,1547
7d9d7fcd5878c9166a8f375750ba89bd16f93c782845d1931c98c87db83ccad0,1203,209,1412
7190e126380adfbd1cb68120a4be1b89d82a68df726055db3443f48b815c7e02,1294,681,1975
d334b9c73ce50bb5c44877ac1e35f7dcc92d28a04fb3fe27275bde1be7dcbfde,1115,682,1797
077b9b0af25ce1dc61942df901898518b080af64dfdc3093475db57cd794c7e2,1007,463,1470
fadbe969e7c06922ca56cc8777a389ad0e4996a73fb0fe01eff8495744678ccc,1123,205,1328
4e948aa7de9b7681ef89dde795b584a58858fd7f79424ff9d87a2397d6d04ba6,1070,213,1283
3a92dfc1d24b3b47c5566d7637a11d25fd132749240229df7b585b82f4d3ccb3,1034,213,1247
4d4f64ef0078857faef1405a1a6b90d2a49a724b2225b45ff778b2461824ab18,967,285,1252
1b68c9d3396364d207fe2ef2f6aae4456338690f50f038f415c1aab1550d333a,1284,223,1507
8d6e11e6b0c277fe37bf279b2b0845073163f0209a3abba2c4dcb639daff284c,1188,315,1503
3fbc766f9a8f682fb6b807bcb6da0c0da4b507eca1f47995c201aae2ecbf0728,1062,211,1273
1dca6ae2865ffe7555f2882be15b0442045f507b33d32b239cd8b73eb448c52b,946,208,1154
a9833ff3efa478cdbcaede4262d9e30f01a09de16391093d668ddbf5bf438c29,926,203,1129
ad088c9e3190cf5fedbf0b7d154eb61157fe2d766dc2114a1a18619489f57586,1358,597,1955
b057acce1b6f9dfe23f77889bb8f9e429361faf0f8f9f464fa27fd60bf59f564,1059,290,1349
fba0467e86fbae66b6b7a0e5c52ce39c5d79a7244cd3cc471efff04c07272e80,898,206,1104
6e661af0fdd907744e8688b5b2d409c9ed3a9b4978a31a856c60352d82edd4c8,996,223,1219
871c243dd6441f525311e4d8653921c51efed30d0e23fa521dc3a9fcd86d5b24,1251,361,1612
0149d18e38c79bf3fb08cc824966502ec4b60042d1768b1be548bf4e9bec9297,2124,698,2822
bcfbb754041e5947df8e37a3680528bf18624b20aabe4d43ed34a447451ee5f4,960,896,1856
a18d5319d42c297dfe82f9dbbd9304cb286897027617cb208e0a797e13b94ff4,2255,672,2927
12c65ffeb23141a4de7e403752ed29cb794db8dd3b5cfe0f1cb4e6339d92ec61,878,210,1088
5cfc5a4eed11f31f8b184613219f282af0dc692456107e918847e9d85c4311c6,872,210,1082
399ae0176a138046873b926e369f1246ccebf85b3e39fce528be470ed45dc02f,1049,211,1260
9a97eb160e4f39fd67b428e12f7f1add1526c6fabbb1b78e06be215b10b7fbd5,2189,767,2956
f35e81f4a10a6d5465fdf1492ed32bd38def24d8c50666676c3294bdcf855450,997,213,1210
fd5d4a98ab955899490e39b26a73bf4bc3d71c404e987e4234d7d25b5ba35a61,940,212,1152
fcf677c7ecd5580d314cbfcfd0eb2edd2c56062586e59185da53b687eae7d659,1195,693,1888
392ed1ba1f024677ed38f11489de29c2ded9908caef3dc3da8bc3492f51f44cb,1097,222,1319
31496427daa5d1a034d9ca0c449a26e324283cb9351cd27ee71ccc873d4b62a8,913,287,1200
470cbd2e5bd132ad410403fa4b6d7677ab75dc8936de411c052dd91d96ca57f5,1305,540,1845
2aaa5edc004d4d00096d3bac083b181a52edfd21d0cc3750d096bf69433e9779,1123,205,1328
d0244908d43c76833b31940ae88e143ac5ccc040d2ab2214ebd3c36b9ba16d7a,1029,213,1242
9d18d19fbc15978865e616db2152407f7b4ac6306457cdff8c16551a8c175fbe,1076,207,1283
61e5e59de47d650fe901d1026ffb9d10386869c25740670a6d2c775ada9b946f,1307,213,1520
060215ad9ff36619aec30548bd7d74ff00f7b6e586ccbb6e810627d95322b5a3,963,295,1258
1d328f7cfe6d1342efce5e3b76e15aabfb97f2f2f243eb93a5a476b22c18b54c,1431,208,1639
eae30e20f13671ac7411369667b76c0b2ec3573344e682a3b475e04ffb29247a,1299,685,1984
d4721f4dca1a93b643f251b59f4aec0f64412ac80eb2b0e836b0e86b8e953035,1012,297,1309
3982487f5a02fc6e6909c6fd69a701a84dcd9e07670d9f7a599a1803baa86ce8,1259,211,1470
09c3bcf9404755c2b78fe06c4845884d33508b0c62c7ac35a7ba314ec07f384d,881,212,1093
955c9515e82852ad992611169dbfbb465eebae10cab9a88c161949baa9705c32,1074,207,1281
4b680eaba9314b6544fa45efff14435418021413085fceb72b180b5b4ea78970,1243,207,1450
9ea6da309375d5b4f36fc8d15d32d9982ebe9a69831cd0672440ca41c1635d2a,1653,457,2110
b18ced5f69f6acfb0972045c5be83b5227063ffcd2e50272d49e3326c8936141,1310,213,1523
0e9f9f551350020eb0464065ab19988e2cefe36c6f8e5f2b43ba66634fb68916,1061,360,1421
d447132fa32aa8773a15336f8ce4ce7f3919ac521c218108191ce5ad8f35c1b7,2242,881,3123
10d7ec1d2546b38c4ed58ba19b4451255363b59e8f0fd638207bad2ce6fe5380,2369,430,2799
8edc83888179194a09ca65e07868c63569512849a41bacd4a142dfa8391ab0af,1383,442,1825
b1d59fa37a5540dc263084936ce69b6cfd7a1ddac818a4c24903bc0d3fa8d950,922,213,1135
abb5748114d73681da09bc974f83e77e608aa5fc37a33d6449995adf58af84d3,1147,314,1461
35b3cb3d5ee999cbac79a4067d8d07c7ade10e0d2f3b84874f3197799e90a13f,2253,1540,3793
ec8d464936690a7ec95d1d2948a946319ecd1fde69dedfbf5c4ac97a33a6ed9c,1293,215,1508
64e1721b15226ca4e68d96c9632b92c18422b7a7d5cce83547dffe02c3763502,1289,246,1535
08687af0d1eb23cbd42dc8de18b3a0f065d52d51b6ac3075cd7e10ecbb518da8,1289,208,1497
e595fa00a491b478159ad16c58c965a864913c20dadf0674c9c7ca649bc9086b,1915,393,2308
b0d716db8bcf939f40e91cbbca109c8b204aba7512e0bf0f2f32bd43aedbac63,1191,1147,2338
90f8c0cb0a4aec00f35f83660fd0d95ccd2a564853364e091e5e2430e07642cb,1204,317,1521
8c4107be630ee3de4f1e89fbdbf4f14d5a2157568ec1cf688fd4d1693b2ab25b,1465,285,1750
ec195b38dc4cc8b566e4c94c1e42dc016f3fdeac582a96141dd30f93b2dcd5d9,1061,210,1271
82e5d525e4af98441083d4d11bb70956c0c642a377ee65261ba2a9980f77a2c4,1081,236,1317
86f1e1b50b0f48cedaf88e8bda81948bd97c56211f3f784af92497d24507c25b,1220,445,1665
0fe92de77e713b4aa16eb87abc57d599eedbd1e61876ce679ccd28014631c462,1328,208,1536
d05cf8772eb65223fb0957dad877a2bf346cbed9889651be6b819a6299bfb58c,1135,289,1424
d286430a077e1f27f4efb451b01780a174c09925cfe38cebde85d2abc3197c49,1124,204,1328
6681fd8db249856467705a7d24b59ac75dfc94147b2d6ae78285a40d142c8d51,2222,871,3093
ef9ea7b98c90747709420cf1193f9a58387230ecb40c19eda0deadfa2e8b2822,1269,294,1563
4d85cddf19e6a889a34be57379ae16791e35fb733b559d6f4c31b9bbd494aeaf,2238,462,2700
4f22a5ae8209ac17179d709805abd04e31d5d167489f64a38e86f109e4453bd6,1081,697,1778
c16eeae6549d9aa6d5db5ffecf34e0bcadf5d3454fb5a898d74757b442f5eefb,1083,452,1535
8c8c26e81a1f1d4115ff37b80539659d4273feab44af46b7fc33f72d4fca4074,1403,208,1611
25ba1812e8887888684b785ea25a36bbab47e51af86015027d1ec3c3a8a84ed0,980,287,1267
ed3848421662f41bdbfd4ad1d44764e333dc8a08c226c7433f410bbf518fb4e2,1564,211,1775
7d10c4b5d5254f4a280cb2dc7e8dd6cbed3eefc17ec63925b2c6bedd652e7b51,1104,282,1386
7f394ae6b4f282da19d23ce34a3aa7fdaa409687b4967eb8043670053cfae0fc,970,208,1178
e9efb81d0303a84f363304d6c5cf18f11e38a3d38d95c9ef32bbe9efdaf2c3f7,1276,214,1490
c217f244b503f94445477f5f70de669f9abb5b717da0809858a272790f70a5dc,1257,212,1469
4e8c8a13ce820c27c1ea3dcddbf2e88c90a47904b0d3de725192d5d8fab8c1a8,1357,219,1576
46715ee53d572696a278335ecc9eb880d483c9aa31b12fd55fc969d3e32620e1,1339,444,1783
8824842b8bb5b3c5e13dbe3c3893a78f946a39e519a420b0fc7da0458eb06156,1135,291,1426
7399285a470bc321ce5e9a15e7e1e53cea72a25611f4945759b72db6879479fe,1389,457,1846
2f979c8cf98537b0c9cc6641710fd73180bc3d978a46e4d96eb16b10f9e85bc0,971,207,1178
e16a3cfd642cf3590cba86cf28bcf362f0ac44ab3c1e2300def95abe3a30cac1,991,206,1197
2ed99951172a583b09a20fa913027910574179cf71e387a7762d6f52aa76c884,2332,742,3074
2d46497d9a30e94880c18c2e28b3d1f21da805f7854eb20a944aef37e2ff7418,1440,623,2063
d7ba83210177e025a875298a2fdb17535575d1045d3df98df2db26981742cba8,1540,284,1824
ebf6355ca07bd651928d7ba7a90adb92c66339c418f24af983a99428bd2d4720,1938,318,2256
8885dbe62575301466c16f0dee2063d2893a779afddf09a7377bfd555dd1e5c4,2298,661,2959
8c01a8d4dc7ced864f2be1938a8f49d175aa536a5de37892e17248ee9ddfa655,1073,201,1274
aace09e78829196ddf892a12a7e8b0decaba4a13f5fa77a3871110a10c68e11f,1075,204,1279
7e09a076c2cfdecd6d49eeafd26b7d00cb3bbb0a6fcf88c82864784096946ea3,1273,210,1483
ed9f3a0a25399b9e8954c5c642a65db8bc7976e6adad72b9e70c1c485285da61,1124,205,1329
6d7050852e0b2dfd8638835d4395df55b3a9b23f0646bbf034864f9aec1ac8eb,1338,453,1791
253098602803e178b6a983c6168435fd49c4f9056e9dc71a0385855a77126bdb,1077,215,1292
a64ab4d5ebe5fe76bdaaef92b6b56e2ebddcc4640e37b02d70fd4a5d163577e1,1068,468,1536
3c7f4a59496fd8d213141ac1f338de74d80e60c94088a319ed9beae8eb7c11c1,1153,202,1355
be97eeb6574f764e88dc7373bd5b2f7dc7ea099cf316e6c750709e66c7648328,1049,215,1264
ad8fba4f5cb27f67793bc34bcaaa0e32081138d8f35546eb458cc1bf90a9387f,1649,209,1858
889659d350fafbe08f6bfdcf3b5c0531d9a09fc6eea89e10f65f582135f8ad7a,1543,213,1756
17cccf248e6991be3d34e7559356c56c89cef06a29f68c744c9a60ccef5507d3,924,213,1137
6707cc047830fbe3ad1306ed30f32114f165025aae288316b0d3aa999679ae50,1306,375,1681
9716b187535d8b018afdc17927a9b755fe16b8d6c419be11602220b12e5ef09a,1077,215,1292
12bfafe94fb9bac9ccd1e8d8f0ce042c5be58aee1b110ce5bdbec31b402ee784,1537,598,2135
afc9a5b6f6cd6c76256fc63d9250d7290e9d17966f54781bbad7240fa4d19996,2264,912,3176
3862278959b7d22b8008760877e20574a97541721c24960702971d0cee87e8c5,957,210,1167
98cd6fe6fa8ce32560a0d8031bc50e58941974b1f2838200e2dc156ee5fa0737,1124,205,1329
fe3fcc4addffc1486afcb41c7145a046600dd3d07edc318a1e13d7bb94d8b4df,1471,287,1758
9af6b5058404c3316ef1fc31ea1c7757a6539145b6852b09ed0853fdbbb80cfe,1117,210,1327
ddf9927d1aee940a1c888e64279bced19da3337ad119a2ed4dbae456b6412207,1292,221,1513
daeb3759cfa47e89d5bd34331ff356ed9344df77e379bb20f27c1db4ad4215b8,1811,1054,2865
9e94ac69cdf65818de248cc3ea973818b3d59c5dd5bae11dd21ebd2e005b473a,1305,510,1815
cb1525a05e72526fccc24b6bfb7e08f25c2c66b8d84dd521dc59311464ae20fc,2173,1122,3295
c39467f7d986a5c40393d007c3208115be20f613b080485014329b314013fe07,1397,531,1928
7a6999f02a10cb1516dec7fb3dc5f3f0661419ebd3d5f8c2c93c1001625ac53c,1017,209,1226
3fcdd956ab0c4f824b5f77a523d53f9c68ee14f2d764054e6079624d9ada9f00,1118,131,1249
99c7964464f7527fb22c00dc6fdf83e6fe5b19d708036a0e2f20d40e4717b157,1308,355,1663
f1ce8e0e782ceca4813b26f95bdc81e18369b76e639a597d511658fa155e1b26,1237,215,1452
d3f2fbac70891531285edb26548ad2f1a26589ce3b903d50fd08f3f3d2e06b92,1104,358,1462
8b8150e6977e6e0a3c20b2bdecc9b3127729c1eda305c38fb03184ad74e71729,1568,361,1929
906377017369dcb47f29b64600440fcf9e3c75d3fd81e33d77862d28b867f226,1431,221,1652
64861bc2517cfa74965e6be04b99f9055b6d12c827664402819e67d008509a4c,1526,379,1905
46a4d5650c60b5c050816ea6e1de347920a04a843ae2dfde3bffc7a02a68ea69,1129,213,1342
8203298c5fcf63f01dc04502e697049e208344770a1dd54b8cf1169e895aa5a1,1113,308,1421
53cd44cd045dc53acb4986dcbc89661a3558f9aba717367e73b962cceccf4f58,1175,200,1375
7b3bb4e348172e65fd2aac6d677e1530297ff42798a63e76befc4ceaff1c7392,2020,763,2783
89c9894232f1a977aba9d6772d22ae1002590e8e3e05a40a073e5af67586dc0f,1748,601,2349
644d3206f173e1b1686a81c7bf1c41d5a6e7453e12fb8a85a67480fce5546c24,1506,527,2033
ba3d1116b6b58f92be7bcb1f599c4ec9f588ab4721c97a38475bf530abb40b7a,1576,212,1788
268c8390cbc96511dbbd48a49fae3295b48c4122cd6e8eb8db342ac1de89a500,2126,912,3038
9a2145b82e7dc7572893dde841abcccfaaf4ec00d9ce76eb6a232b47699b594b,931,253,1184
1f5d85d4e337b5a319ba2fa84e3ce456e07f3a1fd72a2bd2f0ad5442d732560b,999,208,1207
1b1224025896745729ea86f480cf69b13273a9dfb5c94381729a7c7feca4ec19,1279,330,1609
2274eec0746847d1d70a4de8ae453ec79e32621236e2ea49e5c97e65aa0e737e,1931,1094,3025
d4c96ffc8f51721f4ed8226ec15cf3571725de0027084ac4ddab11df7a31c3e5,1992,535,2527
6499656df510b3303f64da27920f6891f325d1e373ddd7c900614ff36591570a,1303,277,1580
ea4a29a766437231133af191414d1e268055daed35e2721eb241f7c71a86238b,1210,206,1416
ad52668f8ea813e0fe3b9ac0b408dd0ae1134dac8e48e4c8532ce2fb67bed9e2,1188,210,1398
bc1a9342de11f101e7475173a5cd9d68f68a45ce9c723fb56a35cacd0ad5d8d9,1741,1380,3121
363e6df0bd18a58bb51fa9585023865de2d96e1ad9bc1a565e0cab16f3935644,1051,284,1335
59110ef5f971972ea2a6cd304a5f9f5c7f8dc3cddd8aefa61c1cc3344128904c,895,210,1105
4298311d6ea96b634bde9c1228f027ac5510fe63a67e9e5e6ae5d568fcb93cc2,929,447,1376
273dbb63df80176b5126c0c176944280fbb54bfde741bf92cda9445b67979d40,2225,426,2651
c6015e8b5ecef1a6bdb5ecc253c1cca4f775e16e446ad9d96fda431b279420ef,1802,646,2448
386b61f202942585e579365b5244ced24e41c12fbfd3418ba826c91d98a5ac3e,1288,210,1498
10edc5704eb30c0c1f11e7c8fca9fc572603b70386784ce349f56995ab7b9807,2107,1587,3694
c247e92a016fc09eefc5d0116ea759258ca708411e860f37b70d9faea81d626a,923,223,1146
08ab1393f897fe1286791d5e9304b637b4d34fc9a23459d26d2ad66ef94e810d,1337,353,1690
8cc346a6c4f78e9185f01932a95c900be99f8fbc463710c9ddd7325ff3445e5c,1226,296,1522
3d914ad558b0fd8232619fd60af7e96fb8ae7039501e14b93a9e31db9a6a96ff,1295,422,1717
ba9d0242727e36fd277bff746c4be50dc7e5039d7cf888594a571cb3a6aae9b7,1136,207,1343
26a589e57c9ded5af32461d64265db67c398181770cd36e1a2c61c417a0ee33d,1095,359,1454
e49cb68ad9354d88afe44d8a9cb1edb179c2d4d65fb5faca60fee5ac66d7c601,1517,241,1758
c6c9a787d2f2b4a8e2fe495722c60a7de96c7a11948f6a01a89b60f76e87f5e5,963,203,1166
fa14cb1947c130e7490d0a77a6b2b60116f79e6e4430386ad5097a9b919a631e,2201,1113,3314
96ffd2c324518770f0016b81eee7dbdfedcca38038e433fcc9fa507ade9fe069,2249,833,3082
67283472d6edb53013ec0b8baaef62f101511697c02a00a9b795a42c2544a8c9,966,553,1519
b0548bbe3705c90d03ef2df7f5b5b6c670eb6aa42e1fe9dcf3c852900a366fea,1163,204,1367
72771c268aeefc7c2769f8142c94152b7d580ca7831c530bfc09fd432687e87a,1578,762,2340
82b5a6afa16342e6889f0d56a9de33944b152c3cbd29a654a81127783e34a5bb,2166,420,2586
00a75a2dec9457be22fa75064f8c42c554e2808f2a5f2dd30b6007f1f3273aa7,1099,207,1306
5602f24b5218406943f65bcbe7c058171b4c5ead4898cdf926869dc42d3677ba,1108,264,1372
af082bf45cefd18478d59a0066001bf6382b65baa36e21591561edd5cdc1d33e,998,277,1275
b9923bfaa858c9a452461e3278a190a649693b9d1e4cfbc76ae68c9525460bd8,2346,812,3158
ae5e70ccae8b9492e66b49dcc9a740571031a39f1fb05df12197c044c21bab9a,969,457,1426
74df20ed6f76b830a7bc31838785fd108162800255290df7fc0427125bafe712,1100,282,1382
de522636302a7010278f1b3444094c39e8979878cd7cbfb3720c49589016e62e,1048,253,1301
6e27f2e3faee24f47a60449d6a83611425ed95c28cc39234b657220dc42fb86a,1065,352,1417
76bd1e234d3b69bf34e32b76d1bb5cb3034c4906f7a49194a92ff7ae38f3cca3,1076,220,1296
6951b9a0e2a386344253c82b60583a00bb1e2bec21fd38e55c4399a4778dd206,1137,427,1564
af1c5ad85f73debc09e94e49433d79b28bfb754f6eb838fd96c171d6569a6c2d,1344,298,1642
86ebd12a7dff138e2039079e907681b7cd17d904a4b435b7e1e4471e4c201bb4,1337,403,1740
1b0a28b5f4623b67d2807af74574d841fa4f665930c8d6071881fb215ef6619a,1951,510,2461
90da2d75d646f65f50d38de3ea45566b9e95a42ad41ee7a97babd667f00ded13,2192,1090,3282
688c29625683c9cd406ef4db19980736f6a0c8478919844dbf98a61309d8d6e5,1348,202,1550
13ad6f3f0529c6dea8165829948c9ee52dd3815b4b44aadeb98eb09562ea0902,2232,869,3101
d3cd51b86d5e4cde70c411c51841110ea064edadb7c2c145a994d62d720143c6,1311,359,1670
3363d1c4cc079e4e42da8198337c04e87c13bf1886fcafb3fe5dde12ad39894a,1309,395,1704
420fcb8366e5e28e1db854547e3bf9f1492c8ff34decae8125665d0416ee21b3,1223,310,1533
0b92478d518d31bcb4a6b1f4b8094788a8ee09b8d46b50f8b72ffa4d48f73c62,881,200,1081
6e3808adc3c9edd952e118323590efc9b76f8885a23e1bd12f81be8debbe3e8c,1047,208,1255
28ab731d12127063a98a4914263543668481b4382c943339fda395ee6ef2f8b0,1181,213,1394
226c344af12112c853203e76f4d267217d44e9b4a8730350bc75df1a89741e27,1072,270,1342
99da3cec8bfa377424a4c7c084ab3408ec543690e8c5a7eae196f104be0a2d7d,1153,282,1435
f2e318a96d600d011f7fba559dfa53fc390d7bd99a2b6c4ba6e16fc98e3883b6,2261,974,3235
0e01798860a9b6cb50ca54f2c0f6c881d2cd1a576610d7fa3750b52f790a8b7d,1465,315,1780
5222bbeaaf7b8718b728c918f0cc40a88d7db8373fcc19bbcfa7e4677ca54251,1007,208,1215
f6e150c3431b08baa5de12cae1392f8c58086debdb97a76d4432b237ae7f7c9a,966,206,1172
442616baef92af4b92115d0a24b6ee153fe4908cb56df7f6fffae6e8e736fdf5,2144,310,2454
0b341078c463747824c76641d911e715bc544b0637fa47b873672219bf3894b9,1263,258,1521
adf58b46a6e12314d3421a73634b236489c63a4548212d5bd6d5801562893ce2,1103,290,1393
261f6b778821693d8cc4db6f3ecb7a9224d72062dc23804e4d33b9679e60fdb3,1255,290,1545
9258e7a12f91b2c0ad95870f4b60a155eb9cf30ba504b0fcda5edacdb6b31ea0,920,207,1127
279a0a6493508dd6f499d30161eed604c08cc3c7e152877f2a42630982b42d80,1568,719,2287
b9d20b4d12ea82207be07dcd37823789d4f46c5bf2d654225610a83dc98d0375,2178,437,2615
71b696b7629e64db47598ff0222463854bd6a6e0ab258e6ba1afbf1d34d6d275,1031,630,1661
09dbee808662e24f8a291064e213fe5096f6f487ca4cec55f0d4289a400bf400,2237,341,2578
0162be9b9eef2220ecad48324bef40597245cd3f2c81d37a8ae597897c6549bc,1301,291,1592
588c2be56efbc17437495f96d0ef11fd1ababf1090e3a078d96d5c27bd4da960,1253,447,1700
1081ccc7075ced5e35da9f8256f7cf550c1ca03e1e038a2f8f90b4f36692ffad,1279,294,1573
113adc5a6c895907e877abc7a73ee1e72fc81708caf1a14d32cdc8e008374135,1120,217,1337
a3181bfb9424fed7003a02dcc7c71f641710fb65a3d50b96dbdc3e34b63cf411,2138,797,2935
2ad05848cdcc1a521ad5db3838c3d58e7de660e77a8a9ada59e4bc34d204857b,1222,1134,2356
a4602fe0c36d88dcfab0e927b168daa11139288fd0d2e80852da35c6b17807aa,1982,326,2308
6c8fca57fbe03684106ddc86375d59d74ddef506bf361f7f56602aee53023e10,1439,298,1737
0c9db07ac06e6a9d641aa3776e8d9fba636455518ec634ae3115eef752cc8df1,1337,505,1842
44fad7cb87747163339c275869315f5becf268a98520e78bd494a3cfc66b1cd8,1448,215,1663
da0b4956e64217889d6b30325486a92374623a8e16f482014da73409cae61cf8,974,283,1257
33295ab89f4a6193cdc2bca1db6833f1954e013e203f016b70a5072e1bac6425,1063,454,1517
a2401539c2de74aeeb111c9608bf1ce1d9a929d322e409fc2ca339f63fc4c42e,1217,216,1433
82ba97dc09566ca49885cd8df367ad453f63db414f070c4cc62e6bd88fc91db1,1371,369,1740
1dc9ad4cd270d00d929f62cc32b4dc8b21b53a8bb24c661ad597c34eb95798ad,1048,209,1257
2e07f79f1aaec0bec9960cbb6aac3cac1d873c6ef7dc10356b60ec1917cc06b6,1317,286,1603
bb443451f4dbd2f32140b56d2f7a6fd615ec16de89a63803194691664291b8d4,1456,221,1677
a0bb3bd5b8a70428accaadf0d433344febcb0e0a3d7712679d7155c3270bbe17,1967,550,2517
d67b41c72e5fa041fd20cf94111c9867572dfd819c291196260787c767d6af76,1059,214,1273
319b27cf8e386018d962b2dc2dd21ad9f32c835557f605b4f78227a24d3f5890,1136,210,1346
2f588490a270591c816e3d64f019e3086b477046a6cbef4833b2289604a8a356,1124,205,1329
2f7eaaa513110ce4e3df5f5d57165d45bdb7cb1a1f5025337e73a82cf7427a01,1283,284,1567
e131e09cbba5f126af4f584af753bf1b400b0f999ceeba1f623ff25553a351bd,990,212,1202
35e1342d00fdddb7fa1368ccd882db20304894c200bc1887c43eb0b8be711955,1326,599,1925
6520368a49dfecbedc7f6005f9da60ac408301cc2b400158f540040b74178787,1124,204,1328
2a4e495dcfd7c4abb996d0f146214d25d4c36faebd458ac25fc284d1b1028e68,1328,600,1928
438fa568df149b8aeb34127f06ab78d4ee0ee176be1a6cfdd5cbc2ee5a956c70,1759,321,2080
a3553db6434e75222eab79d082af9916d0e3447145096f5f6bcfb1fffde58d67,1351,369,1720
d06ca4a3cf66f2cc0f5ee620a494b7b028a4a742f087f5e921ac1f8541a07a43,1238,281,1519
281dfac6e5c92d2c378cbb256987eca93e46193e24544e8e69a642b6de9bb196,1006,367,1373
6cec4a4b77719ef349b23b8d5e2bdfc7c475063728f67574dce51213812b7eb9,1120,211,1331
519cf08fb00edf231132e5de87e606b85589a2a7cb7c2deaa4ea77e4f3a1d58d,1174,332,1506
6ee0a40769875c32fa27ea2c6d553cbbc45cf2a324eb5bd8557a885a2c2cb03a,1185,317,1502
20c1f5c3b67c9f34af5deec425c2a2edfc3baa830c69e0b9dcd85e08ab691987,924,204,1128
f84a3000f108901b14dfd971a21ab8963f6878d5e4013464b67d359e0f2af2bc,1536,214,1750
51adf012c7e8053315d231f776fb92a24f1f4bce13cd997b98b0c1608cf64a55,1128,208,1336
f74d60d1a7815c69d8ac28ec24de3403a816983e905fbcefbb28bb8e7cd223ef,1228,212,1440
f051ec2abdb844607114aa10d695c78f9655b76b92684edacc2e7a3f38e034c7,1219,215,1434
07d22dcfb29f68e16a74f412dc0e72c818342023fe23afdd32f427f6e948894b,1033,207,1240
c8443d67ea091645eff9994b4d753c179b231beec24612ccf00c2ac9124685ab,951,215,1166
39b3401a4088a719d2544d84125830fe96a9604e880205a36d4f9a99a934708f,974,282,1256
52c21b51968d2859dbd22f64c90fa2c8a8bcb9332478ad605689c164d25527bc,1252,204,1456
87e676375bb3d72258adf4f704d70b3a3bbbc8954d49460fb18241b535fbd7ed,1419,215,1634
e1745f7b4bc06cfa586d2f6b884235e4c294f2494c16dc3af19c3cee5d37d7b3,1124,205,1329
68fbc479442d4ab6be666cf3a986dabdac9b7fac1a268dc4994a7b0ba673103e,1240,212,1452
7ee3cf28523b856f6a7ff4f7cea66e7cdb9e939716fec9871cae01cf82d3b7ae,1126,208,1334
c3cbb5974b67c65ce8c7f341bc42b890d72eb9866a176896a47c6ee1b9ff9c1e,1246,209,1455
7073564d2d5aacf131828df6536d5149115d6a5352f94ac295e9a0b7eaebab08,1188,211,1399
4069508415378aedadb1bd60cb1886aaf4df2f3fa39b94b275d00eeae3ab1afb,2323,435,2758
ea04bebcbc9423d70b6152d77ecb9076901e1410c77b7613b1596666a71948ff,1454,215,1669
e433048b23672fbcc67eec0d9baec4bcbda380da49e0a93d509b7e2d272d5c01,1236,313,1549
17bc94e18aa504358592749d09a22c605a0083824aeeb2969fe8b954fc1982a9,1043,211,1254
04942f3bb14c70c1982c2d688e76f611ce1d9f63b701f49d4b6294db7d67f8e8,973,212,1185
5a861d8fa8355cbd8a97c4e7c5afab5c0b69c758046a2e381356456bc6e52dfc,1629,1692,3321
6b4febabad272f951d5536615cbd419eb48fe61db4b8e8301727e6721abe05ec,1224,207,1431
071442e3531786658866a3c9e58b8d52196849c4dd556698eac78bfcaa53d968,2196,1007,3203
96d7cb9520cd897e3e16c20aafa349e78de7e5dcf943bbb97da5ee449d6f9e49,1124,205,1329
61e6a0f80a1a47432668cede0454ce19ebb412018a004441ffcacbd211d3539e,947,209,1156
8dc3f012a8967b3b111cb772b88c0fb2c1806a6c5cb2d75d3d11496d8ab0b877,1579,1020,2599
661c2dcca33729b1592587a88f893b69a443bf0df8a54e1d2050dd72938b7335,1234,292,1526
ada2b3ebd61d773162efb9ffb4f3dbb377aae07ca08efe19c72344f268cb0868,943,326,1269
0b6496d598aee44f8d02ea0c7e5826f7e65f254d362130005b12933e96dbb9eb,1362,291,1653
30d2f110694a8a0c7cd7be392da0b261e161157cefdd2449a8b61b2f7550c453,1404,299,1703
5eb2ded60a7cbec065b760b45ff02e831b4bdd7708131ddaea5c67839c812ff7,1079,209,1288
8cc74606b45b492ddfb140e87e45e34f39d5e7b8ffd60a88a4f50c19e988aefd,1048,214,1262
a4046a69beaac0139e9622e120b3a534cd6b921a72557b30337703b312317fd7,1144,214,1358
04e9d1703d3daae39129b720f04ff41e6e28ad96780d54fddee07dffa4b1f03d,1130,278,1408
3c1832874ad46045428d08c6202073f1b1735237697e217b0b410e0d60ed6183,2098,758,2856
828085207ea758aaf7266787de65d1a5dfae7b1aa6945f40fd4d9fafeaf13021,1109,210,1319
165ae4f4e3614430edf55b83ea744df63e0ecbf2b2f7db18cbe3a1a011fea41a,1200,325,1525
98d0c8119ed4db85043ed54453eb7b8b87046f570ac978048b1210d985e422e7,1042,249,1291
27828e460b248577bb0542938cedf63d57aeaafab35c390d5933bc705a9eb715,2253,413,2666
26ade06fac96b4c239d8d8be53f8967cacbf94139f51bcd28e95742957838c36,1151,218,1369
b5854f1b2d63da6927ba92923b3ca898172b449058d9c7a691da3579121f3f70,1130,554,1684
7ccbbadb25a2d9aa978c9833aca91aa8b0eb1633964bd8fc98ae8c5c826dff26,1107,213,1320
231fd32e4c7948fcbe5797d276058292d60ff84f8f078fa9ea8562c3636cf9fd,1022,205,1227
64ceb1a3b35c8e226ce679be0683e1562b208a2f5d495d47e6edf34a0712a86a,1122,302,1424
9f9d10d2cf6d2876c53a0580070fe1cc484bf11880dd4c62802d29a4215c260a,1596,636,2232
775e9ab2cf9bd534e4ce840bfb692ecfd0571109eb85ecc4c4f23e6a6427a128,1260,1362,2622
e4490511ce21d4af5e7e87087aa812d3126659e7fccdc8dbfea18f27f4d29e83,1181,292,1473
7782efaedd5e14211a457274c3dd5b57640faf81e044b7423f68bde4a78b88ec,1331,296,1627
ee82c2ce1d16a1caa7508f9665e1a6f1219565415b8a4e1b927d84783bbbb3df,2356,961,3317
ca7c15ad17f6ee1ec5577dea846991d43c795ba066eea3bf61e2c4ddac061542,1124,205,1329
47c403677b030187bc9ed0d3479502569d5f5594eabe059553c8a4eba8d3e0da,1398,263,1661
7836944d99f0e203f99dc319cc53c6bd4aca7719f2b3ee12f3b82bb3ad66716c,986,211,1197
54af6c5d9deaafb94a2fd3dce274855375e218ce6bcef1bcb8799a6e73a5cbc2,1259,216,1475
be32530e7924effe17d47c03255366d60622b85323a1b27c27afe41837be8c33,1183,283,1466
8e997f49b8d22b800ed83004aff4a219fdf625865c4d4357d358ef069b4f0431,935,209,1144
c8558c5f8cc2e72452854fde44fd5eeb68d4f182c8e00a2705f40e8464e2ef5c,1260,358,1618
36c666d710302e32a552b1f3fecaa4eee5c4dffe8602ecfd99fef2d4d174f8bd,1307,386,1693
13c2b0299a3d32b49807327830ed17a5307b290d95c1ec3544799f24a65d57f8,1231,214,1445
9e34a7f753eeb1f2d997c7fc0d643cd6b4e317f7b14a451779148cd9688e3816,1027,120,1147
8400329978a80720fd7c5000e58a0f72a422675e987a357e909e9ac49d2f89c0,1807,1005,2812
2fa3c8cd4a7b823f351b917d53c29e552c44f75bc7d17ec53509005f919ee0d4,2220,11,2231
479e82d4428f406d3cbcdfb6319124a79b15cdea3ad7199036ca93775febc29b,1276,430,1706
756255e16adf349ff752de3ef5ccb8467494fa1b398d0498f1560aa4cb6e3872,1501,307,1808
4b94e7416785ead8589e54f26506a0068ae75d545ff54d8e2968690c057a2afb,1175,603,1778
665a56b4b1d333d8b09b12645bbcebb2cf3a788cf7a9dcf50abf70e952dd3031,1038,287,1325
917ea1df7b5e4ceaa486b7216206a0c90ddcaacf446ca7cae1d439232206e1f3,1071,246,1317
1d83f8cd82291c613b461be177cc145ce250ee8be59b1794c1d36319d076ccba,1165,292,1457
e9c9729d4bb8b6e240d92529c3574ab5369c8a55ec79c45664f3499b7fe8bee1,1160,703,1863
91d874b30e0275338175f45262d0564bc6478c7e329fa353f1d764d15196089e,1012,285,1297
65fa423fc1139500a252718298267e4e2a33af15ed16116839a6236845fe5ffb,947,283,1230
60a4a5913ff9b8e353319a01aa5bf586933204e0611d82922c980d3cfc899eb4,2303,547,2850
21dfbc2817c248634d5e263efa25d97935ace32562068d7c47f358a54121d7f7,1181,216,1397
4acf6c02c81f6c50468b262462f160a1badeeccaf2506abacb9d19a4f6f6f05e,1846,690,2536
aa32faffdbc580289147e82417fec77a452fd5b5f8b17b171b9a4a4010c57c55,1074,637,1711
e7282b4f5503681735557fa83dce9260ef03ee369c7427acd962e2bc73e982d1,1325,215,1540
3555ab1425b079cab2582b9ae20b1e704033f0d84d6d4409f7a05eeafb77ce31,900,247,1147
6e1b7e8bdd07336a13131de56a85978065ea02b1ed585e47884a5fbef9332d9a,968,311,1279
104c28a592497764b0c1f7fa40e1108957c964b9843bb15f9c9bec1689d8e136,1124,204,1328
ef673d4344f5ba7695dc5f9a8746407609c7e3c7d44b6bb5f891983db34106aa,1038,207,1245
cb633b25bfbb6b80a99619aeb627553297f0297e33a28a5cfb79f8cc8d94cd6f,1154,280,1434
85871a7a0506f91ff827b7aee56fddc1ad0f2f67edb348096992832c135a7b13,1437,218,1655
c2f1dde4486a416fb274b5433ec7179b16f07af91a25c094b6a0351c8ca2890e,1124,205,1329
37b7316a3d4ecca4187834c6a8a2d6de7a727344ed6eccfb58a840a659f3432c,1242,291,1533
95b8baeaf26008f46e96f47ac0e189d992ee04e09c87794d390fd2bc12a821c2,955,207,1162
037cceef36471ddaefe271c568365a0283f21417e4f99c4dffda9f1997f5c173,898,770,1668
b90112b00ad50bfab02b30709bdbd86898263514e5d7c52c87aa679c5dc27b89,2026,522,2548
775b8f6952a79d271ac19e9b5158005244d1fad5daa3a43792ca036da973d94c,2241,1708,3949
203506fc3c520b3a487c65bbf7385e29b69ca78e6cc0257c77d08b397c14aacb,1165,206,1371
183900123b1f0d3a399d25aed538128cbae3ed5a728f6c774ff54b4c5157d518,1005,293,1298
f74f31e6f2ee33c754e885647debfb77099ae05d72186658a954d93a67b6bf34,1467,368,1835
b5bc54688e0fdd3fb67eba3837219f1b635fc9ad668649eff4ffe7e3b90e0fe7,960,288,1248
6703b04b4b63b0da51321c2b934f8ecaf5f4eec612b34c308c8c76935bd17f8d,1427,594,2021
c0949a3cf60f3cbe7ecac275eb7cc3436fe7e003dd1f765dfa438e5f3f41bd40,1545,206,1751
6949e68faf89057a1bac0bc175cc8f0b2b1ea5e651ea0e83287a3a1f4859110a,1314,204,1518
13d404e7a038369ab2c4e3d57cba5fd66506bfc90b222c139f874a12c5f5f3a2,1409,294,1703
50fbb7cddea74ea29801f65e3e961dabae82a0b93561ace2683f63fdb4e7bf9a,1138,215,1353
34b466691ff747d54df1c0e492221eaa7b6f56f2abb7834f6fd24268d1f1664d,1345,294,1639
1df69b63f5c0c39e9837e092e32611e604273abf599f63d4c19119df37db7424,1299,218,1517
a282f4d69a95bf3c343baff89856cdc9024e57048ba1de7f8c9aa863a3ea0995,1107,619,1726
454c7a4952704db828c40992498239fa783a7236ddf312b276b0c128b77b0a86,988,212,1200
969409d03e612650bf5c0d78a2900e07ef364ec13f4d6166fe09b6a5517f59a4,1383,451,1834
99dd7c2b916e50222589ac0b6a5f57b8f822f6cbc4027ab13139aedf907f904d,962,257,1219
37fda71a6f475963f2be28ab7c9f95fa25eced4d1048b95e1c7d69c9b14021cf,1125,284,1409
b48087e5589f8bd3cf23abb44f90a4e5896dda6e598d31fb82eb4440062b92ef,1655,313,1968
680e79c60a909a428b023425f6f7db7f8e3046a5497dc7843771f4e1d909fd16,1127,315,1442
0743b0ad1bf3bbe5a08ac2b5070f334bb9569c6dad9a393da3f46bb0843d3a42,1040,200,1240
eab8c884ddba75e188ae069ac7d04362ea30924362cd7099432e43b4c69642ef,1303,206,1509
344815186883e6dd73d0b0d65ea7aefe8027036dacaf4ba328fccbb54a8e1ef9,937,209,1146
b45d39ef63cf47858f3401d49d54c241b38c16167060913e170689e500ee2b4c,912,248,1160
3b9b5aff26162551155ff0da349cbb9fac933b904e27de5970aa573e70d5171c,1124,205,1329
3c31feafd60cab87bf45343ab747be23cf089e0008c21cf8d1d6065cc7086e2f,2165,328,2493
f132056696a0d4bd038f8a30199a01f64b8f5f282677d3700385af218080bb85,2035,309,2344
b58ad523220252bf2484a2fccee3925b3d5eb1a2e6961cfd30341282fc74f0b8,1178,209,1387
aae0adc06bbbb23f2f778b1be0292ed3577e5d91275151ca2bea30c5c06a15d4,1486,367,1853
b1cbbfda55b1e61419ff9b62d31b71f19c2bc916e219d39d51d2f82b6bc4e2b8,1029,206,1235
4bfae94943528fa16725ecfa486e04d4eadd6fdd69911e23bb2501a404130c2a,1133,282,1415
ffd3235749823b89984aa82060763078c62290ebaff6c427de38a6192b4b3267,1800,855,2655
807e50cab54fe4172785b2ffae13c4bdd96bd560154d2183ac35f1ced3d84a43,2308,992,3300
ae11e5f316995e7dd27a640feae1e322755014ed7cd323cf932b2d6a8592fa1c,1114,364,1478
0d28ec3bc26e6a7ea5d0ec759f551b110fad18720d60516caec516d43fe6290a,1005,249,1254
86aba7baeeade1895ad846b1c2112f583b8868dd3808216ff5a24b08c9a3b36b,1113,283,1396
2e4b538245fa1d92685ebd604ce7d64f40c9df5ea9b1994cb121a7cf38c198c4,2311,1532,3843
012564e5527442450c56eac0d067dae9d480c0feadeff0f6ef3b57a416cdda8e,1331,209,1540
adf4e6713484f7b06c8d0cfec5b3a9acc168a3d415b8cb9630f1526baeb539e7,1154,278,1432
1786ddec87e8caf10e45ce7c499f3d6b1d16c207fc210358954e97cc52a65092,1376,215,1591
993894068067ae6695d0fa7e8863f9b4cf6dcb63483f1c75f1c67fd5413cb6cc,2273,900,3173
0f4b720034a8bb1863cac244091cd512a08e7fef2d2bd00690bd083758afdea8,1131,300,1431
88bf54b0e31578d7a28fcb1ff7186d30196c7e4b27d457b811791fba3c6c23f9,1493,921,2414
150538385290209faffc473a9eeead2a15401ff19d122304458baa84e98943d9,1034,204,1238
61825d20c52ebe809fcc3c674739c38110d69d167460623ae43e6083746f4bca,1051,757,1808
4a58c89001afebf58754471e71cc666c9f68151fb9a3bf0408fe597a697ebd38,940,208,1148
20d8db02bbd6f2727cd048fdb90d07b224c0556cf209630eeec8493491c89215,1114,213,1327
6521093555dddc611e5178acb5a4b0359525cdff140be7d7b8c35c2a47f39835,1171,209,1380
a8605f075093d3a2ba84fdc26e5bddb0e9bf4ffaf05ebab8d491abee32193bf5,1102,217,1319
636134057f529aac6b12b37396c0625bfc2941cedc16b3f07ed7cea542d4c27d,1405,460,1865
d00e96e2648bd9157486b59f14849d34dbfaba6948c5064724343d961be89ee6,999,283,1282
849c8858d920f86f7d64a4b22ca0f970005871ae6d0560964666ac354ebc3adb,905,203,1108
0b44e4d2f8beeb28921230756e94f1e22ab4de1f8f73dd30b3e5cf7efe7dd55b,1124,205,1329
88eef4efd789aab1a100785bd228374b03b53045d670bde8a566eaa545927951,1564,602,2166
0c084fc159d2adcd1b3e0b32675e1e7f527d8afad43719eb6c62c02d38bbea0f,2024,1446,3470
e55fefcfa3cb4146bf48b75937550f872929f6e3b86ef3996124bfeb4c0520ba,874,211,1085
6cd5d7cb7177e177bedcda9e503f41f28250b2ba0bf3fb12470f4d5d98afee72,1579,208,1787
6b6abec6be8096a363ce54c11bc1581f9aeb1d1fba9fd0744968512216148fa0,1160,283,1443
45d65be6c7e61ea1abf9d54515734d65c525b453beaf032c69cd941057fe3880,1602,209,1811
2216e6aeca9293b09d78a48ce756e66d8e8bc41bd4ceff4e53facb8b014847bd,1025,210,1235
5a8b337966cf1391055b23fd316bbffa9a4c125ee28ba208d04827b859d52f99,1099,214,1313
28e9af98365c124c96968feb3f4cb324c5d8aa93d871bde16fe392e9207979ae,1154,210,1364
086733d91e15125bcb16e21171b4b9eb5b2405aefdd5edfcc869f14fe1e9dcf3,1642,1515,3157
447adc99608fcef9b8ebaaa3adbdd71b2982bfd5f5e03400a5b53ac30a35b013,1431,203,1634
5c9b8a7e6e5f4b806a7e79ca4c5ad9a879d6f3ba6fe0381bc8b818248825d59b,1287,295,1582
5ba470762a98cecdf2086c1dedea4ffc136030c0fdca4218d0fac973bea4a734,933,216,1149
6afc6d911455532b2a66b87988609a079a60a560204012f5791ebfa090956bb3,1053,217,1270
15552064f80d42d2bf38d010cfd6230650a1293c0b5552565654c7181ecaf69a,1017,208,1225
06badaed9e12481b749ea8758511c24d822b7b9badb4271f86fc8ac8d45c5b0a,2360,888,3248
e9ba5dc279caa09fc64e4a0efef6125ffb775c52a7e8f08b7947a9b6f98c6807,1383,696,2079
4de61ffc9442217aac97cd5488902a86ca04bf0227e66ce47575f7e21a298400,976,292,1268
4950c8146795b1cc9bfed446716df1e5116640c6965e390dada5f303b82eeb70,1290,283,1573
35a00f22f8b764e2da918197bafd8b1a7e838186a183a4163e7080f4b5846c5d,2149,585,2734
407acf360f0254686b6bd170ceca57ede850195fd9b0ca36d5ebc6b2c7a2439d,1123,205,1328
e83f49ef6733f6b156d08bf2428ffeaaf98d4a9b747277eef5740b5e3c84749e,1375,208,1583
9a6bd3bfd8bbe7f299fb26b429fc0eef01dde37a6a325cbe415b04a38a9d240c,1010,211,1221
2ef984f7130229ef877bef81feacb83dd67f28bf7310199441bdfa3f5922e6ca,1185,336,1521
4a50b04933d35fad47c1e9d57554adf273be66d1e0592d6ce4c7e3822007ea15,1288,213,1501
808a23440b2fb0ed82dfbe63ce6f71b38c032ae3ca7055cce984b16977c45c5d,970,206,1176
f28ea777a4f1956a4f1b125830caab711317cf5668d251ea50339e6f4daa68c8,977,291,1268
1a47491db060b5fd8b7b1e90b6c6e4c00ff05468980ccca077d11b998a665262,1029,284,1313
5df056eb9facd266ce9b2431407ff3c5387b24d705344e69665786688a99bc51,1263,208,1471
997244d9f2c869c3a5cfbac4e9a738d36de18d37cfd26c56d625503438f13590,1274,629,1903
405175fac9de06e1eb9410be9939a12e045772769aa6cf93f33006e2bd1f185f,1251,206,1457
ca919fe2461b5ff49063e340b434e525d750e3b95a873317ab71e75c93764687,2277,987,3264
be8128b08973d7f79707a267f12494f3976f060c93c10fc627e8a98fc33c94b4,1124,619,1743
5d263cf33169f5056cf55cb2098da3142f41da088b1881fa477f34af7a64dcdc,1000,209,1209
cf684bb2e7ae98766737397b0290ff45d5230262e5995fe58d14ab86cc43f102,2054,322,2376
04bb123b59165944f82b79a8d77033b25a001b8328917372bce5e9dabe5e6ad1,2120,540,2660
568ab55fad7816010644038472f97c9c9a248b66a2fd69db51b7c4f71b6279d0,1307,368,1675
13d19d14239a5feae3cfa172aeecd8548a30c10f849051836f19aa48890a4b6e,1080,205,1285
15992a63a7463f536e5ff4b11604b91157ff6151b1e836af30010bbdcd9974d6,1002,200,1202
8159cd807600011dbdbcc8344fef17ea0394ebb4e253b206ba83cea85d0a5a7e,1121,207,1328
d6c509b6c1c497a73911757ee6fabd062fcc72c6a4b79254670dfae595e99619,1256,976,2232
378b8eb2a632c262a27a49a107c568ab1e030208851e700c37f55662896cfaa5,1214,427,1641
f6f497a1f0852dd99644a82596169b5669f5c5690105b65d19c5f40a944caa60,1403,301,1704
a10dabc1b5ee7eb410a4fdef509918efead4f76686292a76e391f434a490d900,1404,238,1642
ddfd408309d1327744359699074ec739f0f4d407746c18151947793d0401a27e,1327,371,1698
6c0122edf4da2579c0fb35f954fcc3b042a4884755be88e9f0b6afa885327312,930,252,1182
013c8bb95f7bae2596694667044d630b233ff6c6c8aad3a1d835713bcd0e07c4,1398,439,1837
bacd8427c9bf71224a664ab73cb722e69fb238e82dd06d88099189d7efb99917,1348,367,1715
67a0b786ba3b5cce1a4a384b9cb9655e9f30f4aa85bdcbcc3051ea4afa4093a3,1029,203,1232
669b33ea54f75e540563a7bc71c6abcaf21b53cf41795f2c63794d6231eb09da,1061,212,1273
a93d5bba6b5b1029ed7cb945450ded40a2325e99e4ab07ecdcd4354bbbd2b1f2,1649,436,2085
95bbffdbbaeb5b720b4bcf45d49ba131e000551edcdf182775e2f6fcbcc748c8,999,251,1250
95d465d7fee4e915b51b0e1b15d855a7030b8e2097a7b2afb136eb0d5426ccc2,980,291,1271
a4545386c2fb6b4974a7134f69c1c44558c39786f917ad3afeccc5477dce4ac3,993,216,1209
4bf0cce7214ce9fd7ea070e4661aad8191f2164a56f6a780bbc7529196c784af,1110,205,1315
f9b937c505f273068090f49a150b51dc91c04143ff70336cf230deb28e4f2749,1587,381,1968
6b8c6b3ee71ce05319f555ca36b86acc5f6db1b7376ddee5111a15ab458cdbdd,898,210,1108
2b03f5f5a12ec3abe5aac01eade49a3114fb905752122246521d8fa31003da5d,2085,742,2827
670b88396e3b5493f96eda1d9ae660a8a21754d43b95d1e691dfd33a18abc7a1,1317,320,1637
8fcec874decc38b3e7fd6b0181a89df640b73a3cc51d36936c72cdbfd42a6f67,1328,748,2076
10084d194f9ab37c665dbdd1c9792c3e4082c9ffdd21ea41ca872f6ee484147c,1333,216,1549
af95194d9e7d69cc73ee6a7729bf2fef794129ca26156f09ec413d5bb19267e1,1258,215,1473
148895037f812851d40d3e20fa3d491db409d6b94c0aa4cf59ae7836aae83390,2093,633,2726
9580b8afd4e0054c90e496ca80db934c0c3646935d0099d6e9fcede816f7005d,1004,214,1218
3a172be39382a0cdee0ac6258db3dd81b2993862354c22f1d74f80b42887dfe5,1396,362,1758
eb769c84ffe57a8a53df7c800fc9e8aac8f40d6cbe5ae01d45eb4cfff855db2f,1618,523,2141
f925433e292ada2eb87e41642bc2b15bae9c3f640cb91e75e81ba7b9c6a215ea,968,420,1388
ae09f64bd71b85865be9d57a81319cab344908c603ba2a6488ccdfd8c267dbfe,1358,619,1977
3481f1310e75ea3655b1c775b520b0f499a826362d7c9b71b74492d6903f6161,1085,219,1304
37302aa802c036d4343f323711ae31d40dbec4023791e5a10340dc1b62dbcd9c,1108,210,1318
63838fc6b14190859a3b4267388a9ec87ed3b4eca80b4a210e6be4ec9ac47963,1505,456,1961
50bce555a9c359a182661ffdc02b46d55c6fd5130dd8626744f9f3e538d4d235,1543,509,2052
2c70f6404fb09f8b67cf79e3fc6cf72044e84d462820a30b3d2d04967718f7b8,1124,204,1328
243c443ea844784dd853b029e26295974f6e2462a206aa9d95b8fa4d52b62375,1420,327,1747
3a7c9616718e77b85d45f45a125cb51e13fe2e7437c3f24d61d57f0ce18aa7ec,1934,1580,3514
059b2f594e7060ef7800f6d5ed43a4d99533836082bff514e4468cb8ff32082d,1344,223,1567
e3416adb9f0cc87c6b6ce626a79e5df1c16c944f6805b9e2bbc60b852bfab30d,1439,204,1643
bbe45c0b5d68bd0f7dfddc26c51fee45f8a74918f32ea5387235801ccef408dc,1517,638,2155
db2a44030884298a004881dd000a7ee9eb62f97139d547d809bc763b36616011,1235,363,1598
0d708b32c58ba4128d030431b84302aebfdb22261015a676ae212dfd7dc4b876,2216,563,2779
7be15ea63a9ec56e2dac2b648afa090e0278f45d8d3a47805eb12bff22a34691,963,201,1164
405422800753affbdc191ce204de80f406c2e4fb5076d8f7a463f8cb06e06dd5,2125,784,2909
c55c1425d19e153642726ffcf79b4d17489a15bd86d90d8a654f6bd8cc8dc920,1215,312,1527
5305f34a80965efe6f9e2159896576b717720e0562c1e0bc995c176362343565,1315,215,1530
aae8ad3b1815e67c05f7f2e8e79ffa35f1f6d77a091d02e98fc181e39f8971e9,1305,218,1523
b5d7d016b304ad476a288650efb56162b66a2ac69fb2021f63f166058025a5dc,1375,217,1592
f718e08197a8e88b3f84df72b73df96539ba07fdda6d45640d8bb102b5dad417,1110,199,1309
35a98584da0302e2d102563213eb45a378403ff016a532a4cbb3e4e673ebebfa,1049,215,1264
f1a236c974937919bf73983f6b76651971d832a23292f03267ecd662a1316b48,1217,211,1428
3b3229ea8f27b6164383145b876f523a7489ac97f776dcf26a37679d60324d28,924,294,1218
2fa49cb8e43c00f843bf83e1f47969f9dfef16ea57643bcd94f3988a501a546d,1238,759,1997
1c1229743a1ad0b98cc0c7282705514912c51e89499049146e47be27dbec4878,2094,658,2752
531e293fbb30bccf66bf940a82949c79b689962724ed5a881ab1c862ccca124a,997,378,1375
7360c0a1a0166a7e605e1d1106cbb64eb506e5f5128fe7631dde40bbe7519d1a,1266,215,1481
4facdce26b49d52bfaf1ef802b479c006300c47a19163658ffadf6455f948ee2,1023,437,1460
0396ce1731490c5be7ad1f2d71685b5cc6c9e29cd557d47f09816898a797e21a,1342,391,1733
42ccbc6439e93aea8d75c6d5afb813b613535cabaac2ae84e43928871c647cd8,1127,218,1345
ffa2ed624d440df296e4086baece5354e6246f81c9fe08e51b5185729445e8a4,1134,209,1343
35d386b60120125fbfce9ee52cdcdc480373ec78678e29489cc25d1ca24ceb54,2066,320,2386
ded8b2b8c7c090ea57175fab3bda5f31b88ec153baae637072c3bf3c48f34fb2,1124,207,1331
8173748c31385b13d44007497ae53aea0258c7d85b9672b3fc6e2cd39e90aa9c,932,285,1217
4460e6597938ce85aba4bb9d9b0aad5965aff8ee8ef31429ed27580fd2ba16cb,1208,443,1651
da0164f80ca943d2cd84acc3b31a0d6f35bd674de9ae8c578ac3d8dc0a176c54,1110,202,1312
0d0d5f1d8379e7830ef114dc9138a679ea391383890d4763e61e786431099251,1220,206,1426
a8427c374bf1250a6540b4c259810c1ffa2fef7185b8b2a4f2ee55f01a76e70b,1817,313,2130
9f98c715c7d4e403adbb1bcc276d6be76c0f5a70bd914ab73d6b8922dd8b1374,1803,579,2382
12eddc5657730f9bfec6d44d565e2795e0f6fb7cccb06953dbd3691984e11a40,1439,287,1726
dbe021db86ff394d66e1fe26cbeb03ebd25e23dc6f9d71552877c2875af5ba59,1158,239,1397
2222ec383776d749d978739c823da660233ce57f4475c4bcfd9fd8a997b251d4,1057,611,1668
d40455cc4687a63904c26eac9bf3982727294032994a514893cea3184f10446d,1781,573,2354
f140a25890cc5f8e12083d315b51c81929b6744fa9632da38ec600a7bd41c83a,2109,872,2981
e1669298de3a2cbaeaa6f12399086369a1ce39708a6062dd04f8d11992b141fa,2149,881,3030
8db6501cc4af84bb3af3e818572b5c1410225b6663d8a21c4020cd9ec82e0b2f,1243,208,1451
3538f0fbd06122ef5b0f7cf7a56b838151370c03f3324cb89f9971962ff0c32c,2407,322,2729
550f56c47a0106bd109fadcb510d3aefef1b281a1e48d407fe34434739df843f,1693,541,2234
0986e44f6d3d4acb0b53babfce0130740150c1e26f371290d728f85fed75dffe,894,215,1109
597570c16c1c12f4e440baa5c4091d97882767a65e27516fe2a6db83af863faa,2486,890,3376
b7dedb32a677203badc329540aa426203a8c705b427546f7eed671c879d22ea8,1337,276,1613
027284a15afab6eb41bc146b5e61e279d937c83f5a8979da70366021e756846d,1433,357,1790
19e02dbc7332f0749d7eededd983ce9aac9b67099cc26944f2dbdd4b5ceb27d9,2459,1226,3685
23aeb9612d9f01f8d95b44d8c23e5379ba475cbdf3772871292a086ce01e5c61,1661,423,2084
22789f1ea783a2447cbb068c165e5bbb10fa706d7742a08aafc5dc658162474b,1282,277,1559
c36afe25c32623fd5c23cd5f370612861deb77a5e49cd14792ab63dc3fb43365,1022,367,1389
1e9963a54600862dfb0c0b64e0dd3ea252463203f6d7366c7ce8203ef483d437,2242,320,2562
0f3641f31474d4ce1374ad60809bb836e0b5651942f2a608990d99ab7ffe7f75,1138,619,1757
d850f8f424ab62ff33d063e4337393d77be126e2d70f6f6b9713b01924816ab2,1489,290,1779
f0d0ef1f7ae66150b6d1b70b3f8554391cc89070c62ca39f0b407135d8591891,1121,205,1326
6ffa220a1d574c2155d3023f9c33b08357eb2c0929bfda4efcf1f17d87a8c472,1009,203,1212
a603731b962ca9fa1a82cb64b487a33d6d082cf29b28df6ac1f843f1786b74ed,2044,969,3013
b14b131997f975683ab9941ccd8a185412923cca87149384ecc1f4843ace5bb4,1462,205,1667
c9b279e38a93413f205570fd11fb93d3eec7d7fd855c3918652d707417333047,1477,394,1871
8587a6a4df1c8bef2c77823edf4392967ac8ff6ebfbf8c4e001c2fb6662f3a5f,1281,287,1568
de4a9b8c377405e46f217c3532c238037d9483396acbb7df6ce906907843cb4a,1270,205,1475
281a9c5ffedc37dd5bd2f900c2cec85031e7f1833e47fc4089364dbaa6818a8b,1418,595,2013
857b43c4d6d3c1ab338ba04c171c3c31a0e4cd896934aec5ed19f185a067deff,1195,292,1487
4f0db4dcf6dd8680de73287f18a6d360476637d523049a191d9c5ad0bdc7e49b,1635,1228,2863
7ff814385cb68afa5c73dc5310166718d9012a2bc8bfaaf30f849311e65c09d7,970,202,1172
fd002860d1be7046870064b85d9a76d5f5a64eff79c6ac68e2f7a4befed05bef,1000,251,1251
14e38b469eb27d67985e40682daf495ec15d0cba0f0ce511223e98b66c74b62c,1045,206,1251
6456a730201a3a96b132d7859c37e43d59597603a880bba950ab549c3d8dc6b9,1422,204,1626
f67ce8f776ef6770be0ef7e59e80561d15bc8476039e57118dc230918d87f51e,1256,344,1600
b3340e794f0a14df02fe15b7ee7d26d7333962c9e9ac24d8b533714521478006,1065,211,1276
f68f72a207663c6c3ba9436fbe18db15bfabc3511810a6c7a6bd7227f84dc100,1322,204,1526
8c33259177e511ee418ab4829eab2f75cfc3c3e4da9509c44c14ebcdeef3ca09,1130,433,1563
f4ee567c7eb5b93fc22299a8fb9aaa5c90457d5c0de1c7790f4e913b51469a80,2446,812,3258
d0a4fbe5a01af03ecbdd2c651919c06a750a579eb203d8009e13018ed00e7402,1137,525,1662
e8a5cdb7fe4976f3e9fc1ae0ba8cfbe66a1b6cf4e274c405b754f11f71e70644,1228,656,1884
f6fd14998ae3b289736b442211f4579ea3225b459677eb3f9d4b451942555b07,1565,200,1765
9ee97c49325d4ff42e02c3bde366ca0f4bd3eba0aced7b8eb563690101285311,1669,312,1981
b8554143d8f1e2dcf607c3afbf94adf2d1cd75e29857dcb720462cb438968337,1121,205,1326
0e13f04ab3fb0737d7e7c02f527656dd217f2b7d9085fa5e2f458929a88ed7a1,2107,549,2656
6712e0e333323e10603bf3a6379ca66e0e609a65e2c18fce5facec7c39de7433,1005,203,1208
f4fd4a6ed210f70897e0e83a01eef672627eeca22b9557e581709a6ed7ddced4,2382,552,2934
a35a2b86883a401c7f9956fd2872b7fa72f87bb00daa9e396b050f9e4529f27e,1058,203,1261
fa53da493b2af4fd6def0dd96a133729d2df6f260cddbf6cddcdad684ab6b1aa,1212,287,1499
d8002e17237ad3a20a35f7461d879e3e9e58d4a468c9f631e2a93f69995be331,1349,205,1554
91eb9d4b98406f3728604b07eeadb7c94124eb9125768342e1faec2923c1ecf0,1076,202,1278
3fe1ead9bdb50b18b61c51e9fe14f1d8942dd8045792b680d420b80ec3d21c2b,1022,283,1305
c6e4449fe1c8544803d44b471b83d13a709b210387c82040525aaac2651e6319,1134,440,1574
8e4041961a6f8737bfbfc2e32614f8df738c4a4a234b311ba854b93febb908c6,1085,206,1291
1f630c33fdf5aab326da0e096b02d37cfa36df672d7f37e946a1102cf8c267be,1026,371,1397
574feffd3ccb0fa71abab25cef99ce73d61b2880382d7e1b67540a836712e415,1141,287,1428
3354126035360619b6590eb2457840cb8d6a21c6e24c8db7c241ebebd7e079fe,1114,213,1327
9c4eea6f5869ee0b4c7a2e803b50c102d36bde1ae3150b79de784cd9ac363b91,1562,200,1762
4847e8b0aabfbbc3343634fcd34ebc4c77ec3a1885a881a9dddf930bd0b5167c,1301,215,1516
506c98648158c382785683637073b4b47980848498fade9cb6b292a93e14a820,1890,551,2441
9f2882f2fe7c1cde4fbde7f283b07fa0859dd1f3b0673d3ff2592b6c911718a1,1152,439,1591
2411330c2092e15a2f6103adc98a561bda955334c14f483d34d69b0346308824,1749,309,2058
ed336419ac1960b2264fb8f06671feb8916ee0ae11a16d6fab0c1a7e27a15591,1037,290,1327
1120d9795015efcddf59cabc617e7e74d23b8299d80e224ea5e9cd35d255514c,1490,423,1913
915ac769e0bfd2e1b8efc2772fc737cd1ab7af265cc0f2e71f6d7f8ab85d84e1,1524,200,1724
f49abd49d74e22f6135e8d91c1a376e8770f5d319eb8018aa8afb88a9b7f18f6,947,200,1147
479dc93745eb5f4b934deeb4223a4b80daed526c1b8242b950fffe32b3a9b2a2,1281,446,1727
c0dce96ae843f7b8b474094ac13a99a1a48d86fd96434b07547bb61573bc6692,990,213,1203
e8d5c6373b64cdb854fa913ba3777449885105c35d69ef3c4334b055252782da,1124,204,1328
2352e613ada131aaee55df8df09eee1244c8387634c0a30c00f38ea8f1ff6838,1346,293,1639
20cd55e78b131840be2025af43fe1277b784009479e26173caa243c6eb247b41,2336,441,2777
850d35d51c21691c48117e6559cfd5fab1c1cc310157e1e5cd9d8a8a8e29d924,1081,199,1280
407ce85c6177f9397182db3af959b20aa31dce0da473ac5db8bfc295cea57857,1882,318,2200
5548e0461b6be6b7dcc9e75e712ec1f4ea6511c6d72ec56bd0c6a5aa9e7fbf24,1212,297,1509
0302c4acb5cf3ab21a7167ee60e3357d9dc2617ec701313b313f1798152fd1b5,1077,463,1540
e20ae877eca7901e424f82c252e64a3a54529e734387fc57d1f69fdb9a314a1d,978,208,1186
0d35af68a6ce9f47a1fa6226bde1ad92d20a6c2bf4828ad4346e22566ae705f3,1170,293,1463
c28e6cbe4604446d46d9047110a92fedcf9d745a8383b15a2173653b9118e5c0,905,221,1126
c484ef74615ea3c246531021d698dcd45b5e9d9a694672815f191f5e25e53abd,986,209,1195
cd9fd905b5f777deaee9caca04dc849ce1802bfc39be1f26d3fbe2d7d15b199e,970,448,1418
9e70c6a80ea6cc23fc5b71dd4e4e4c890331725283ce162e76df07fdcac10a9a,1141,618,1759
f44803cdaba4fe6b8992986ccb6abe2eb3cc63c85a0fe393124a0194667d2d1d,1927,320,2247
66b1d43850a2173310d485a70f4d471a977a91c37f81a09947940440f373b7ed,1265,434,1699
04d3f13bb4378205e2197fc0693fae341e918df60619e5f11cad6501e751c1bf,1186,430,1616
6d57bff867729dc4eba393745298e1c3dcbbb69364b703c2cd6ccdcbba73c6f7,2133,908,3041
83d0a9a36ad24207da3e565c7e33ef091576a8cf45f727342fbb1eef2e9ab16a,1218,215,1433
bd28ec96576a42c994cca9e41155a185d77897df16d1d17fc31917c346c48819,1009,204,1213
d70bc1f21c57705a232c1d1fe115876220aa0b0641b7da23ba1d9bd03a9cc15b,896,202,1098
7ef94fb38edfa98971e05ce210f5d6d6553810ae2be9f6ee528dd3a603bdde95,1043,211,1254
9f3bee4709a8a246541ab726d203f75d9adaeb0d89eb1bb77c72392cdd0122a8,888,212,1100
bfdc8b0ef11416a59164b64cfaae4954d50222a7bc5e56a309cdff2e5a1b0d46,1028,204,1232
562f2132fcaefeacf4574b4bc9349a290b98697ceba1b52222fb5388d41a8e10,1216,204,1420
c8c009d7df9247803cfe5600e397922fef54e8ceb78951137ff16da90ebf4893,2210,845,3055
525e6cd44dff8e6c8e3be9368fb54c8329078cfdd1be8c08a89e770e8c0805f7,1064,208,1272
d4219ac52a789dfd8e6858476741bc1bb2048a5bc538e98ce6a2f118049e1ffc,1124,205,1329
079ff9ca57dc15994d9f7fec0cde9aa2a641821f119a68a5acfc8582080ef63b,941,288,1229
bb0dfae70e50cb9177ff6df52fdf1bf0ec7c4af44425ab67f565885f8542809a,1481,135,1616
6e580b06ae2bd8d5e18e663de7be81d5dda27756472adc07b28d969b56b9a64c,1062,210,1272
e17e067a8183b83134d5c6e6a096571394b8cbd39ee9f0cf9f8d4d7b816f9d13,1220,362,1582
4a50ed4e744418363494b157593f77f81bb22632a58d5480ff61dbe03e3fdbb5,1481,375,1856
8b83a7fd9036b896a57fe226a08da636c26a824f8a212f288f587036353a7b9e,884,218,1102
b7c25a22798fe86f0b82701cb5628329b3b9d2398d63a32bbfbcfa724ce7f435,2066,762,2828
720d81501088caea0d0f7853bd98e059661e75f9b8e8d020c92cd8520ad4c0bf,1120,210,1330
1f6f9035d9e45164b11937a8cba6fee4647d37e89b96d9fcebf0be5bf3252105,1318,290,1608
906d83b2625c0012245041918207c99b5277dd8cdfcf0e63840414ba089c1b89,2146,1353,3499
c3443f1e724889c00b5feba838b56dcad5247f4f65ed1d80c04f8679a83f5a05,1406,223,1629
a14b8c6dc7f7c71462150e46486d9a3970de7644c81466ffd8bfa223045b2bca,1219,373,1592
26fba46a00d2427bd3422b90cc06d7b2406a6700086f20785692bbf24edb6310,1158,283,1441
3a9ba22fd3380aad3292611b762b2da0cc8cf1d8acc3992b0020a87415edd955,938,374,1312
e2998844e5ef0c1d85e01f4cf712b7854e885ff9b514ca7ec4b2ab9107c296b4,1023,372,1395
875d658d9286ecba048ecc22da0d7c729e68af806583f6e5c00c4c42ca4080ac,1119,204,1323
2e1cb2ebe7e638a3edf70472e1799d58ba7b678de22fd30c134dc31affef3a03,1033,206,1239
5edaa82dc6ace5d8e2406313b1b8332370e6b605e5951659b6089c6bf1d67e5e,1218,655,1873
55614fff5237ff9c58716f581877210631c13a69f5c56cdccb9a6176856ee4bb,1001,386,1387
6ae579f884783850bf59c3c42ee0e19784dabdded41543b0f8ce7035a7ca7053,962,281,1243
032a8cb16857230aef317a67e578dcd0d98aa0ae87794dd81a2091e00ac682f4,1124,205,1329
30351fe1f34145959372e4d6da41bc640d1ccc161b5f177b01f9327e573c538d,1045,205,1250
9f3f87f1725800bdbb17998e61078e4c649be743136ba1b7986fca870ae4b228,934,291,1225
0c764339ba39dd12c9ed513a8442da51fe30240e8bc3534e53fb63e399444bc0,2198,850,3048
cc28a9a1f38e1d174af4cd12fae0137d0fca94381b62e304b1a50505aa3b236f,931,209,1140
7030a2c075f9b0820cf338e61628a1f4c9967055c57968fad73ad2c5ac13622f,1365,520,1885
d6d5b2243e9d7e0d34e0af21cfad560ee68b45a622605d211baac3e8224c748b,2360,545,2905
ac9409a832fc92cfb710b05ae629d4ae075e016eaf57fee273ae76d0c292edce,2042,652,2694
7d5da37d5fc1971ec2e26476dd7e6f8d1388b52451df08669674d29f52e9a9b9,1382,287,1669
0644c75db49c6bf422874c3cf87a20ea564b5c52ad8a474c432d0cbb6ffb786a,1021,204,1225
99f642afd6219d764191814456315bb4a1eb7aaa0ee490da2bf126b64de9d938,1374,295,1669
97f2ff175d4ba668b74be69685c422513015e152eeeae0918f33421ac72085ac,1290,594,1884
bfa1f4371560ae64944bdb543cd0dcfc656cecddc1eb81b21a8b17065d4cafcd,995,290,1285
a9b13a5a8287255b2d56c32ba3489fd05f6517a7acc78f96d9f187ef9595f7ca,1449,215,1664
bda6a854689276ab3f2fa89b6a8eb5acc21d4c4292f49a58d5c487d62ecb780f,1790,311,2101
ddc06d15b0b713826938667a6d4af49d2ba491afd7702608b743be3dd3142451,2217,898,3115
36872b5b7bbdd939b107047566f454f87dede8d76b4a16aa866b33283b4de76f,929,204,1133
f4684821f151f1fff75177b1595577c8ed7bd6521884f1f9b15a978605462196,1174,614,1788
69d18ed0a9a205c63c558993531dc5df594e17125f4952d2ad5c48144b631513,1231,441,1672
fd76841f1c68baaf5626531f6565b5ffc52f555ae31304a91a2c93eaf43bbef9,1298,206,1504
a24a82e15603035fe2de3a3b4ce19bbbe0c71a00b1e2d9f41653c32b5a0035f9,1002,288,1290
fceceec47f2eb992802786115e0a9529e67a2fced8043e2ea3c04baa67fc0f60,2274,1707,3981
d91bce4c797e4df2a0fb1e3b301a82ccbde0043440af747481095aa89d74986a,1280,288,1568
6de5bb43d0e1ed31b9e11d26d31b475d6c1e96670b2b6b3a396c247515786e53,967,209,1176
20439e8a30bbf65e28f464b414502c40719b15a95823a97a683b98de6c6e9a67,2294,1140,3434
c3085bf4c32fb882ced9f549a4589af5a65eadd543d5f15a244245c1c9ce3be3,1478,298,1776
3139bad1a4499c1d0f489f14bf707be6bd477090b66970ae95b3a8766b9db521,1552,504,2056
437ab1d0a9190661ba1f008b12f8f02c9ed297c87c85880f9a863c8f2e3bf479,923,214,1137
791f82dc07c4778213b26818a476b14964c3b9f966baea87b5fe277573cb0d8c,1124,205,1329
39b61464cf3730f14830e5493f9aeb1feb220a8fe018feaf59cde21021bc9290,1082,221,1303
c0930922820603672dcab4b4a0d2c5b413e7d1a2e51d39849b83226d792a539b,1286,446,1732
0c9cf0eddcf173c97cb9177c3bedd197d521be381aaf5dc2887c858a29b9719c,1121,354,1475
89be6c0188bc0d3a5b4ccab61f93464e3d3d232603ff0e96ea1c5df8a5164345,1681,312,1993
421e78cf73079affee50ccd17859db5b9e7bdd968b0d33d71df38b046891f49d,1274,206,1480
2c5c51fec9c66cda2ca5e660ba8f8d2b94ecc5144995f6f59b923859271c9216,1122,515,1637
3496a065e76840d06363a0cca0d6b41afeedcc18159fd8e69d6bacbe6c5d417c,2338,670,3008
5f814394b2fcb264c9ceb9139048b1d460404cf53ed23c6e4e32969cb7e79e56,2212,427,2639
b531c627a65367211e2f09d0db581091f6e781f4c764b0ee94c07ef7d57638e4,1530,861,2391
80e08c34843f6413a9508e559b11e77cf79d2cad7fbedbf353b148bb5550d76c,1441,603,2044
bc274959d4ef6e26f614503ab6ab354dec3d541a0b6799d15c6976a372d16611,1366,404,1770
b6b43691b6eeaa6e4a1395ccc48003637c79b344c61590a678b408382270a3fc,1104,290,1394
f077a8568fc7437ef8207b8fe3de99d8c1f019aed1e2722a1861c65e0f6efaa0,1020,205,1225
cd98e4f4add93c3692439d8cdd594bbe3aad19b4481d040c2ae17000bfd5a716,1239,352,1591
dd14addf6ed8529cf3f0d96e8b413a69f2152ce76544c3bc4b02dc26f56cd96f,1476,292,1768
94e4bd7984f9afc1bae862701f51893af154d113b8b27214b262b71a1d2e610e,1195,205,1400
9cd4cd8646984c90fa403b8c3e07aa276a8ef1026ac062ce984be063924f868c,2361,695,3056
7f1f742d98e17754715371721b4f0166d905953b7c494b845c728591b0a11041,1124,205,1329
12071acc512571e17a571b37cfa090a497ca7a57664ce925f74d2a9c40200fde,955,219,1174
39ceca45fc9c40b5cc9931101bccbba797ec580d856c9d734b2b472c772e03ec,1608,271,1879
038a638f28d31ac1b88da91dd35ce75127a810adac1d9dc2c64e0789984f2233,1050,363,1413
cff51af82dad2a0020b1ab9728a5e62323b1c2a5aad82a8387f783a0133450cf,1343,283,1626
b063812e413fa339746544b54e2bd98e78ede1d035d2f2dfa104fcde2a96672e,1286,304,1590
5d7d13ffddb4132f74e044ce21e68a59ac5106c386f4b1912bdddd742ca9a14a,2083,946,3029
b8b99c08bf2dd52af748c9a4280b33ace7c04c417d02af3db196f2a042ba1b72,1555,288,1843
9e73b24923c69543dc7a4bee602b510aa110853a95875daed9b840be2c72fa8f,1357,286,1643
94056fe018a7d2fa5bde28819d6289f63cea00715f57e63df8da586b0dc6269f,1251,347,1598
88710c100e50157fe62bc0bccd4f58ac931a1e2d4d4b4e70a34099c862975eb7,1020,209,1229
ae4f7925bbf687995bfc3b68e5147a1b1d630eb1cbb88098d0263dca7dc27f2b,1984,312,2296
d594daff321fdf4f775ea97675b1e2ecfdc5e05813b0c78878ade202f75c4af5,972,216,1188
1d40c059a53d50956a3cd8a1283b07f8e5a5b207dc1505332886be799d54aecf,1166,666,1832
801940aa18e1deaf3d65cd6c80a96be3583bcc85037a4e407f26515dfff7237f,1124,205,1329
421829f226727c6d58512ef351a672e8a709dadb05b5b31c63e50e7c8e438385,2064,985,3049
ac93da022a12ab29862c32c0c1a535e294e73aab96e464dab5c9a0fa78c36121,1483,204,1687
d3b6851c3ae55e3c87db2e79a82e3f2f42363fc26bdeaa5910b2349bc11c725e,959,208,1167
1f6ba087c065a92c5fe85f9973d0199b05479e7ae0ba859e2791aa8bc4fb41e7,959,138,1097
58dd7ffc6ae4769fd3598e75744cd6ee8fcc9f357a6f208f8d808b277d00cccd,2355,747,3102
788fefcca535cc087a7729eb782d7636414444792c3c40359cad08aa04b9cc2e,1176,378,1554
6c83204e1ed9dbadf93b93221db9b07405544c2acf72443533fa5e2fb7342190,1644,635,2279
749be20b523bef224749a1dae657c6549a2a425baace80bfcf72317ca5d81bee,1437,644,2081
08e0cabca56f143576a3d5bf5c376c577cf24d6c7371a62b5dc2ce29e869c9dd,1249,750,1999
9e5f4c022211f69cfc760b690b2b081e714c10f752c6223bcab39a517c75de02,1123,205,1328
34db429f588eea6caedd730e8ee1aa5b03faa0faff91a20662763e1c749e96ce,1485,440,1925
fbe1a535ae343f147872672a020b044d37d0ce9a49ac3f1de50d8f0c90c38ddd,1054,204,1258
99b37a4757a184b797dfdba6f140c23a12940734c5e21a80555293a6beee2248,1185,210,1395
36747de0728f80abd57d445325dfb9c95f7252c20d347f7cad0a55a8e8003037,2145,545,2690
570f216a7dd56974c4d52ee8b262708a82881fb4a1ed286e97772e521608f730,1303,280,1583
b671c6d6d0347d8899934653556dbb7bd439e3bd12f441a738599afa19302835,1219,217,1436
0fb4c46b31f4b5471c37229989815830a8d4fd4b75fd605fe97d468cb2ac2d5a,1999,444,2443
34309069fbe4357ebda0eefc2df2df29ba8368068c6ac6dfb6ca7377a451735e,1441,369,1810
0f6897e95a6d4447771417b265159f352ae815b3776d0b907c2195305e98a7f7,1276,208,1484
3663da40fad7b5653bcc5fb43ee63461a02a72ea04c5de5e76f14d4f15962c87,1334,303,1637
c82fb14ae778da0f73cc4140ae41bb08d1a3fda0cb539468e59a028010c28aee,1124,205,1329
dc818900b11fafa92f1e9eb4204004748c42b7964517a0cbe6d0db7c148bac79,1132,213,1345
40cf76dcf4aed67d2083c601832a9e53e9560f7e91aa5d3f7256fe8343e9b80a,1349,443,1792
b421edd13967741f30578c5e8a40d02feb6b083f3cb369794550ff52ffda6204,1319,289,1608
b66e16fd24e91541a9b8c40a710be26ff8e09c9a51745090e108ae662a8c3a76,1083,390,1473
813966aa1c104bb97107d95916efb951fea0e641ec0d13462c3145cac8f0648a,1148,143,1291
18f321bbae85f6214dedaf031f400ffcbf5bf0ab98e6e404ca979ef48b32b38c,1283,212,1495
193d0dcb79de695cc11c078648312a194eaf41030c7764e006fa02346d509c29,1274,204,1478
a6e336ca6147123df6215c3de3d5f3dc3d29794a06f6fe7a316d39b62b55aaf9,940,204,1144
185c9cefb1d71de2c31e52abbccbd87c46d9b93137e5848f5afe9169c44690ec,1211,205,1416
bad1bd0bd2b6838b2a1071bf9eff9172e11116c3f530a203a52ed90f1d25811f,1040,207,1247
a8393a250f3d1c268ce1b3f6889761be7ece5a14848a52eb451c63882302db08,1211,451,1662
e5e999e3550fc3af8303a8f5141835bc21ad6fce575580f64f7a9cae33278876,1597,434,2031
9f5db351d459d6b222499f80bf2f35686906a9ba94a1f536241d1803802385b1,1082,254,1336
cc969116a415a2089c565ba77c0c9f59d9b612ff92d71743268c2e50c67987e0,1124,205,1329
1d74a044a594dc6c0cf813bd5ae72c3b23ed9ba08c0e3bd21613223236812230,2096,765,2861
c36651b69ca84119cb4c323eb84cffe264cb2ff19038bccc16ddafa74de5ce1f,1289,297,1586
fb220f5257ec6eef441dbca2b7621aa6379f1d6db0861f5de4bde3856fec80d9,1191,220,1411
a2bd479f8cda0ccba05a570c07e6029ce7f43b589c6c978cbdbb6d8004a909dc,943,200,1143
35ad044da0a01622bf19ee719ef540de0cc325bb74338fe73f8c72ee21900bee,1536,324,1860
40a601515815677d628a0b12a6aaca3b9bf45897ef939a86553b614abef1df8b,1195,211,1406
027b2986324051a5576643754b2d9ed10ee85c48f812ee64f7ae3a739d290399,2336,2013,4349
96ca70f9c2337bb7c23ccddf42639d2f469e65663cd0c55c1d720669100ef7b2,1090,284,1374
04d91ea7993f17aee902682e6f658337346db73ac2b367ba794dc72555c23177,906,212,1118
a113a133ec5663ab416b1c4fd270e322a60738d5281dbf1f8c293cd56341bcca,1195,623,1818
42113dabc3a1a13e1cdf9f67b98b4e0b1cf454f0054cfbda54bad8cfbacdb48c,1047,251,1298
86a82a0a8421bcf659c0a979c270c2596fb0bf0eded37d4a68014d80646dc262,1124,205,1329
39d5cd7fd1d24d2938f73dfa0079508fbd5f5f99f6f22c69ad181f31972ceecb,933,205,1138
6055ef59eb604c405d0591b38b258c4a4bdee81396d686cd43825822cba66be5,2318,553,2871
26bd7315cb2f67ba48e86d2f735e969d666b3f27668e24bb93d9ad7f81bed4b2,1017,209,1226
466094ade59d496926b3bd9dda5d709c8429975697e18dc06b89c4d8fb5d8833,1116,212,1328
5c2d5946d634d9f545c0e155e9d45f37b2189d921e8ec2270b38c34a2b845d65,1237,313,1550
77af63056292c12bfd6f6f490a6005aec863acd44522cecb845d581d39d58a45,1075,217,1292
6e3e9afb4aa9586a1f6c5dbaea3494e460981a0de6ab760d66ae29c37a8bfbb0,1039,214,1253
b46f80bf9e0ee8d7f3667c25d5820575cf0f035c0cbb0806d7ceed6983b056af,971,541,1512
5117377af218f2c95ea8a981a67b4b70ae0e534a22c689fd0c95a82245852f40,916,211,1127
08f10ac3ee7acb91afb5b2be68327209c6965369990e88f7c5112cbae68fb546,1061,217,1278
4347488494f51dd7a987f0898095841719b9bd88e5b935f650cd21dd134ce729,2365,1930,4295
c30cd41c4d5b71cf1edea19453c91d4cba7ed9bf71a1b163d134874fbce37973,951,295,1246
9f7bf1622aed9556ab5aea284e50a390c9403e2b9e62ee38d9d5cd2b6287bb58,1409,212,1621
529655d3ba54369eebb458ed8a826f3348b602b16d3f2ede7f8e25d3a5a2ec90,2243,1744,3987
13f221a9ba78ecb2910a552476260f450f1947af69c715f588b84b8dae878ea4,2359,578,2937
6d90a104c1d2d205e476f51a6f8cda3cd1978f3d773bb057ce7f89821464e413,2093,450,2543
15695f7a361b5ac55a9ed9c4e510cb8003b5423bdd5e91fdc0cf814e1befed9a,1129,378,1507
b393544d604d49efd78a2a584ec7711c0e9db39207f92b1e8334ad7312d4930d,1181,215,1396
b219818f4bf458ea93b90a7260115a0189c2b8f2affe56f5be547d12e1eb4cb6,1112,314,1426
3f437e6a454b81e041d2a817249e173806bd75405c4771b88be303fb40f4b579,1087,552,1639
085cd953b23132b9e116e3b40425488a19f3d1de8ae309f475f840968faee6b6,1121,205,1326
5c0f738c7ac0c2eb38e576292d962bc5861550c961b6ff3b20f443349b42ba22,1051,369,1420
7e0d7770b13540b6d7f496756fb6084cd08cfe1992bb381a685f60e134212286,1360,295,1655
a1b6d6f45945cdff837091ab97a57df4fe79fc1452719b27b8195e626fd9a149,1176,290,1466
b9810c54f680f8bee402c8a25a8b4656b10e3810d5606f2324180b99897056e2,1800,427,2227
cc25b7573ea32b87665a1b7145231497a19281fa08a22fc124698c83bb5d4569,1099,201,1300
f26247d929fa3fae28daaaca6aaea6de3d903ea7b0baff1ddfa9c97cbce38a16,1214,210,1424
4a86de39d814291ccd2eb53976c44040ab78344eb68cf8eecce144b32f52cde1,1269,298,1567
4dcccab486aedb91743010bef95dd2123dd06850eee9c85d0c17d5e8f10c9baa,1328,293,1621
16a661c42b35b933653001b762a01e0922d655186494a608614c42ebd9eea70d,968,209,1177
e543b765757b8d3843186c0bb6b80dda8917a832f44e156c86bd6308804410c8,1005,212,1217
baaa12bd9a3f8071e88a42d7bfb449e47d87e0bcff44f66cd38375501d2beb7b,1913,670,2583
66fe452a40ef90a9e2d0b656e9da8b0e74416a28e5f18959ee515db9c57b652e,1199,1018,2217
9c8f22c3f978b060e8dae0ac4ac940409c204706c554a0632d5474c5c1ceccc3,1075,256,1331
c1b24c55622b2bdb0230ccac4c5f4981479daf410738d465b9570b961c793d27,1763,531,2294
16cada4ff01917ccbf6a1e10ff9d401db2028294fdd0128d8ca6b6089a5591fb,1041,214,1255
1ff6b91b08091739406b61c4bac0b8f293217c7cbfea87cecc493c1bf3f7dfd2,987,210,1197
224b4a3e69d1a123dc2a5edffdb0bd665d9b3bdab6448952ddd728f608f0cb81,957,211,1168
f0debd6f89204ec2bb8941563bb6e1531716a3eb17e9fd0ead03e184d5e1d4eb,1121,205,1326
e3ed563b7446978c1b4917843ee922311dde034026c7d5cc00ea35b5e6f34743,1009,304,1313
91cb4057af7e44f92f940e9e4f9493f6e702c03414535646af7a1f77c9a702aa,1332,264,1596
55b2f0f375bf100c4eb72c5b77a4a2baf09e45559417a3f730d5cef605d8f141,2285,1161,3446
7f31f9fe6a9bbdacbb5b5b42cdf7320f5ea3eb93ea5f51b543508f1156f20889,1462,279,1741
336d0ab4e2c172bfd4bf9bc6ffc7dea2b84798f36fbd3871be37ad77c98434a8,1010,208,1218
fa186f0ff37d335fd330916703b2afe0146c5153b38159a1628b2e17264e3c99,1038,285,1323
e6fe68446e0399d0c051dcea5682430755da41be74611eb66b81213409a75c0f,1022,374,1396
1be5e28293569534f1607f69581829a7753c18e548ba53d2fa98b46644c484f8,1116,315,1431
9fa2f251c5f866d08c8b44e2e806f6a3f8d410ac7bb8cc3c298688401fbb95fe,2345,550,2895
5c47adcd3fcc2d900877543a0e579c6b3a7516d63cb2fda809ee7a0f3360725d,1633,314,1947
713a3b89ba616ab26f32f5df086d31beabd908c7098eac29c367d93d9728d268,926,204,1130
f2df81259039f47dfb679ea4397d093f11cb5d3fafdb2b51bd11f600b507c113,955,220,1175
b181981bcddf9a388660f494d6965b9b116d507a3ecfd556f228e9ecdf5685f0,947,216,1163
bb606ad6ece550d59288b94d1bfafad0b7020ba590be7db9e2476a7a8da59161,1043,218,1261
3ac328f5a761ae2e20ff5ca9cc2c97ec6966d1f5b01da00132bbbf24a29210f9,1338,293,1631
ead39a01264d3e1f0a4e7ac6815763200f20873663e2aa0bea1c7084e1305696,1121,204,1325
ce4d8396fab7123253abf96c26f888e70e2affa6d5e6e06600bcc0c89d6e27ac,1031,286,1317
c2dd47c05557dd21ce6cfd5f453c446cc03832e352eab2856b38965e3ce5f261,1799,1083,2882
ddf5410a2b7d72d5c1bdafc6d0c773308d5f33cef4ec937b0e5c37ef09cdbd72,1114,204,1318
c3c8cf5eb092d5fa93c33e64464a429e8b6993a2e5955997e0bf91849c053fd7,1156,790,1946
5aed480292c2df362660eadd9d27702b088696f5417e620d8c1a68a61166f120,966,262,1228
9e9102b90874cc6cf52a17d99590f2284b2ecbf763dc84cdc12cb051a7323f0b,992,212,1204
c295515f9f9f7a79c880f8b6edd053e55a55886ed0b96255922052d6a9f6b087,1044,210,1254
7b43a9f8033443bd7b97d530fdf49203d009a2a1604991676304d9ed635dc847,1171,312,1483
3c1bb0d9ddc2640776be35caef018ccaa011c5517edc66dc0732c3a336675b36,1679,1211,2890
7507f0a9db1afad0460096f4f1b2d247e4f28ccbf564833dd704d3447b6d8bf0,1847,320,2167
d31914912eebd45d8fb906857ad30a4de89926f8208a2f03b1cc056690f581dd,1313,590,1903
75227edcf752a6e7ff96e254e4e2b25d309ddd74de86342a5825d46789c0c2e6,1256,320,1576
0df33eac3bd92f98e0bd19795e1c805bd08b9ba9b3792fb6d22d60e467eccb53,922,213,1135
96f576b523f4fd97031917f78bf3349032ec1b553339dcac8a4b736de9f04b76,1730,321,2051
f2fd59162a9651c1b06ae3bff4e3217d0c91cc602218bb3bd3494c9ff1538375,1266,215,1481
6a62168a13424397dad08c6a2333ac4bd81ee2d3d68a456036a6e7c44be9289f,2070,895,2965
2b3e0c0d5303a54270b72cbca1e5ca9f6be1a1a7279525fbc9026e15295b0ef1,1153,450,1603
21618e7ddf6246114bb3cc2e51d15e2b74e0b7c5e2876eebfab13c02f581096c,2161,923,3084
f24786c3ed84b6cbfb310e0be918d6c5083aaaa709415619eaf5474cb190752c,1153,705,1858
5dd80336ed5be2e4fd732f140e2c0b0789013dbf66b550e28c5397bfd6049cd9,2109,473,2582
1aab6bad0eb6f2d72a56aae4e68ed9f55b1a2f4ca6aad47c04efb138ac21223b,1349,359,1708
1f41472517d373f3816c063dd944da62955420ff3f526e53b6b92ffea7dcab74,886,200,1086
048b3062ee4c48fe74973fc642f1ed031744801fd8d1504fe5e785c931c703f0,1002,260,1262
e101a29eab5c4fad4a98d83856abb7df378136198e1e9431e359103fbc91d258,1467,599,2066
753b69811d40a7e574e1d3a6f8d7e8ba32077ff2da0d2f50fdb8bf795eb0073c,1121,205,1326
c5bcb1b0065a57dd9a518f5e8b4a5701287655fafb026f4db90ee5dcd44c7411,1282,379,1661
ea8368da40937163a990fbfbdba9cf03dc1162d27f93a904d465ee2fef1e6ac8,1500,901,2401
12ad3363ffa2369e663096dd47ef23009527e4364f91e7804285a95eb6b65696,1274,205,1479
73d6e66ea7dfd15646d07c4879bba0bfdd886d6c3892388f42aebe50a004defe,1035,203,1238
d886fa0fd8073ba81d2c10d58d85853703796030c1e376bac239efadc029e769,1489,428,1917
4d0d10485cc344ba4ca6a02befacf306ccfd4b79d337b4412ba1fba07a4c6679,1198,203,1401
c2560183855adffbc38101538a6454d593b37cfad417d759945de32f469b1d7d,1394,292,1686
041efd35806cb34ba67f80118076d236aa2767f957710566bf26ab84112260e5,1516,423,1939
310f70befd403f9796121dd025954b85ddcf67a49f1521e2f472190467e32e2d,1238,367,1605
433e2f17c35dae004345a5faf9d9429756b8f1f121a3d6c0fa45fdfc20319320,1136,257,1393
05b01f37c71103699739a6bb0ad992f28300fdbacd8e485b51bdc62990eb966a,952,208,1160
b9cae4646f92ea287d2021278b9906946fecabb890c06b18aa370de23680184a,996,226,1222
a73826eec631543ba24320576aca81b7189f1a1aab3d74bcbde609f9770ad370,2125,1091,3216
7a9297968ca6f78d281f44970ca9a78a2e50d3ed5fd9d026ab5921838d3572af,1019,203,1222
417bd0061d6040ff43e4c3845073ca5809153b7abaedc0900b0c4db70effdf20,1011,211,1222
3207ceb7238ae9cbd4aa7829d9e2cb9ef8092b9439662274fffc2dac864de6ff,1207,209,1416
5a08ece889097a25bc0560f5db15ce0db55d5bd03ba18c5b2128525ebbd3f50c,1091,201,1292
5126fb03ff0da51e89e0685cb9ec29a11bbac3ae969032d08e7f1ac0b38df76c,1293,378,1671
4d676372d83202d242932d1bf5d2de283295e6e0fbb655daab83f8348a7b5d86,1126,208,1334
3b11baa955334d308dde1873ed02abaee43c93d9d7afbc779ac509fa57ba1307,1034,212,1246
d19f17f8e06db3b72fc23dbdffa8df44f4864786955cf890840f177871699432,911,202,1113
fc4ba36c319aad961200cd2cb3f937868eeaf554b80558d40abe7a0883b2c78f,1420,209,1629
e91dffa7c3b9d840429a9c4d6a0f160b5cd70d2ef13acf408d60ce8c88a84673,1139,213,1352
8bc83beecc5ff901bbf123a2115e048cef020eb3b0c299e996fe27ecda22d630,1062,360,1422
3dcfd9b4836196a133b95a852bed54f8fdd1c8c8fa3914cc4ed7fea93cd70cf8,1044,210,1254
a3dc374570757e8584026ced87f80131427e3dea3eaea5f689e859a793ad73ea,1098,372,1470
9e68d5d7ab1bbbbd96290de6824b8cee30f1a44ca66b59fbf1dba0d0e538d810,1040,208,1248
703904b201e026e0e554032ba7b9acd03e2083dbf9f98672541800736f485a5b,993,209,1202
ab9f8e7fc4f1126fb8d57d5d06a13efd62b1ff785b193c137b5de76643608252,1390,208,1598
dc86b05bf6ba552be898da2168a7fbc55bad5b4b623bb412b7c7b427f4feb451,1137,210,1347
74580c4cddf1fa3b7a18d236886f1ed42f11e66b12352488c9447d91be113e60,1121,205,1326
ec8b673eef56bb6764736d7bb1173e42c485c6da030ad26622965a825bdd78a8,2326,977,3303
06d5a39dfaf8a14284b631fbefd991a8e490ed98848273fbf819e8d26d3e9621,2299,657,2956
fea7fab698b872620b7494db507d6d06a3e81e3336a7823985e7ca096421bb14,1595,278,1873
c296b3b6938a477454cd002ba56a70e00d33b837a871799c2d256d9f3e9505b4,1369,205,1574
da6dc10b4bf1722f0e057a0050119d2cd790029991d2fd74618d7b251cdb8cd4,2075,902,2977
e63208eae9db38662e0a8dc14db780647a444538b41ded338d6af450fcbc62fc,1069,211,1280
7d18221d221db1617bd119dd8cbe11ef0ed8e9fee3d469f92b7d3050c0efef23,1391,376,1767
66e4b75cad89a079aa314a447370d9cd16a6e2707318069e37d31ad146eb38ad,1519,205,1724
7154ae4397ae6c4cbf03d3d4edcf399f8fb6454508a742f288523dfaf40bec20,2147,320,2467
2a7233c8856bb3bc8e9b2cda7ae5187c09f97d3502fa78b8a0c1f7dc65e8ca81,1425,212,1637
c69b5a057ab1f45468067036b5f91ff4ce3e542cf9f4e278b5c5949ce9dc74fb,1142,215,1357
fe375f4db9b21107cc851256d3a4fd0f4972a191806819f0f46bcc4f016f6c07,1034,216,1250
e102f0d7fb07587a7181644a21f4d48e0288b0f0ecd5176c8d302350bf3a70e4,1117,213,1330
7a82e18182f601f17a46813e3e903494f9f42d52827e448a50b11f3581fac42f,2335,544,2879
7fe0970c912f890f83667c0f31f654ea82c518c7ad2dac4a63a01938af56f92a,2133,884,3017
80427b70bcfbb31a0f49110303a6b636c601289a28b95eebf8b88999651bca85,2285,1004,3289
a91e7a6b77266247c3baf03ea7f302f88e9263dcec09b804af17d9f0a06eff92,1837,316,2153
5a5cafa74cd5231b0f905f639de29052e49e016e44a9fe91c71b10f24d1a2215,1232,313,1545
9e198f9885946b21fa9376a677a504791b3f327eb6d8af566e3e8801edde8dd0,1507,440,1947
c313e01b846961edf4cb822d2c2c4e3f419505ea5fe0971e5f0531dbd3beea9f,1841,326,2167
ab6f8081f805a36a121fb8ff277698108950f44ba042b6f5654e4b5012924bea,1273,209,1482
067916b6c840db5317b70b63608887e88d1f0e88846cb939ec891de69834922f,1545,242,1787
72cd099fb697b392246d4be6113856429e816b3ee389cc6fcd6290dff14a16dc,1417,284,1701
88bc22e1255f2f940ba5d2577888c9e13e9e9ae036779473207283614d248f71,1237,748,1985
bc909bce6c902b79e37aa49bec363de7f2b08b48db2a2454b097e9eb17a8b47f,1814,320,2134
d2da3d7da686657f91221f9ddfe60d50570ca58c4be5bf52ad001909bc81b3d2,1246,211,1457
cc6268a4ddd6d1c15ba6c19c1335d6855b861b424bbc502a2c089edf291fdef6,1058,298,1356
3af42c34e33151fd25a501373b91a88d265bc70a524d6b492bd3b569f2e43e2e,1121,205,1326
c4690a44925c3824dfbc9f5974128a08d4212b7d57ae203f5f1e26036b23107c,956,386,1342
e0a763a095c214fdca4cb04b132eb25a3f38a86dee65452689201e93dd4feeeb,1521,362,1883
373f264489c82036a2c5dca9597065c96391b4de5d53374cb158e50f9248b7a9,1333,291,1624
a3ff484af724598aeec7f6ed91b5e07cfcb6d138cc0f55512a8da0984fe2713f,1138,423,1561
b424b0133404a10f3cdde9ac320be6e5cfa09fa785f7886a077f262d7cd8aebf,1045,298,1343
693eab510cf356cb70c899d9c9c4d16a4e477e06aea9a324dd90b56868b55cc2,1034,206,1240
0d81d9a366d119b3431b58f70d92d7f39be8dc0aafd394df4ba12a6453275421,1140,291,1431
10ae056b42d443c58f03c8edfd4889601733e7694504f032ae2b2c800906de28,956,211,1167
364ea5fecdc8d4f4c6b7184dedc7aed92aa3584cf34f30c7b0dcd2bd31beef18,1110,205,1315
c3a715d94eb634e1fe6149e0f048dcfec43c139f923089a7a83542b1fdb8b3ae,1420,283,1703
3b1a784d615fdecd11f02bcb7b9a23e5947d7f31c453bd71d853078024a0a036,952,208,1160
422c224a214a99ce9a1628b73baeda00dc72b210bdb67f40849f2ccc0a4fafbd,2091,886,2977
1d4dc946e9bc4ec26f94b6f498355a4ac7a4994fb0a4c1e58c35e0ead1265f35,1080,223,1303
7e6885f75a445ee69ffa8f207395266dfd8c7fde53007dd454f9348f1f73fcb9,1133,279,1412
9e108b7d78fdca238feabd058c9fc0e28b0d04aaaf737d00b09d03a06b0036c1,1457,325,1782
924c1d58ca2c6232e17a5dfebde0a26e0f1a91a0108ac49412da14288107fd94,1121,204,1325
dfb9db72f8dd24b4d0bbec64242ea9b06e6bf2a6301cf2b4d66dfe1dc6ac55b0,1148,209,1357
520313277541244697ae059d0899f7032da9b5d659e80d5fb03833cda2a09d43,999,427,1426
6f81c170add1ea6574ea5dca28dd85cf5746720b5c89603f87cda5a0d132f8ee,1287,680,1967
17b442efcc4b5b8b4663aa0674f04667866809bf945e43a7533489641b093db8,1388,447,1835
839eb85ee4c1eeb6d549d307c273647613a302a10a76e63ef7a9005801566865,1063,207,1270
6d58f7d73313fc48e3508022290e4585e679f2532fed7836fed1ffd5a0334e2d,1781,492,2273
0a36ee9199b3713e292875ecb654cda4748498068fcbcd5b16f1efeff00ee70b,1076,352,1428
0c946a77a1e0d02281b733bda99706616b1087520db9cad6ea7ecee0371bb484,2284,1119,3403
1b048c241bbd0974a84d777c84e7e73c89a001c1b108499c2bbff4d11d5e46ba,1061,205,1266
9ed1ccd1a25ca0dac24061cdb985dea959c73cb63a9cccc632f9f558383d40d6,1326,360,1686
db2352866f5821ad2ebfc9be8535ffca6a211609e695abe751b788b2a2b2f859,982,329,1311
05018654a2f3d626a10edd7e590eba7de9bb8e8cc0b805147f02fcb2c40581b8,1268,317,1585
f8f73f64542c120c1f770c8e2b6b8eccd197e714e2afc9e1a940b449fd2d8ef0,1081,357,1438
bbf73a1aa13dc6275571eb107a3bc60b38c2edf714cee5ed2e21d085ab268d49,1058,210,1268
a7071356a3bf9d1ab82d592e2178db47b42b345b19cb271fbea657f55d51724e,2367,550,2917
5419f4989bffe7c4738c1a985370d97e11413f85416662eab52fb1095f5ac4cd,1471,298,1769
0f09ab0ecb6f0bac9724436dc2248c8aa459322c78adbe54f922c7e9d864cb04,953,212,1165
eb63ec25703a89764be3979c5c1afebc216bf51b88d8949912fd45a7d8915695,1173,209,1382
6c9bc2bda05c15383453f7e8860c1b2b9de67e5f6ff5fe31d5afe10df20a0168,922,203,1125
2ed361d5df4f44f1a9a4c519a73731a161706127cacd67eb21160f7af1b9f576,1471,717,2188
1c8255246e1d811a4fe3e10b0b435cea097066ed075d5bea6967aba0a2279f40,2302,1238,3540
4e439e9748cbd2600e628e04112eb0a4a18900ac92688ba17837f71a5f58085a,1382,233,1615
75abc4969bbe3a94a02548d82c36d4756e81a015c1b556cef08017c3e5391f4f,1342,606,1948
b1e768c91323a00e4a1fea725380ab55d2eebf585b90b80e901f279b0fbe4a20,2156,699,2855
3339dffbf02cd136e41670c44a86dedee4723678f6618ea9b60db7f54f82ca54,1187,364,1551
475f67500d95d6992b0333199c68bd5a118f1339823c44b765d70292d24507f3,1159,214,1373
4fc8e8dc4e8f9f5ce9024650b7f6694873823b8ad863a033450073b1f08d71fd,1405,433,1838
a11599fdfac5fc1c292074c21d17dc9be6d691e74a480da4bdd3957bf5459fd3,1765,653,2418
2a17302f7acda3784aba01f0afb456a90435cc20115f2e02e0a9cf3db4991ae2,1188,200,1388
3794adadf03e248f0144a06bb3458c277b014182109f1ac383ba022b2524b82a,2205,1377,3582
576532b3f881ef0b3b2e41f808611c076058e241fcd20a04f3156b9adc058b09,1121,205,1326
d074b7975697b9491401116470f2a870bc2290f607d4bdf9dceefa5376d06de2,1395,455,1850
3474fb57bc6c9d31b3458771518c0192f8bb32734733d76dd213138e9e783881,1198,209,1407
835011a66666cb78fa4c0100faf69881755ea0250ac027cb62eaedd37dffccbf,1223,200,1423
7d107ce36214d07c071988df700487adfc46837416c6fc7f95cf2e3ebdeb83bc,1105,816,1921
6e89bacdcb1c6997572381fc16d4200c21a9bd9776cff7af1ccabe2994d3babd,1010,208,1218
c7057b1b3bd1183ca76ee94b9263fef1cf9334ee4de7f99a5404884d3070a165,1267,501,1768
6f20bed82033fbf2873d9a818ae9c2a2588ebbff0322eeda0f22ffeab60f29c0,1511,209,1720
9d393d7488288aed4a8b52d9e829bc18350bc5a12c0c885cbcfa541341fe18e1,2230,553,2783
6175dccc5a3f1bf4d84d39a203c2345f93340f64aa49ac2d4d218a75cda4f32b,1183,197,1380
2b77da7c561a747404e9e7570767e07285db67f22043d2a723d8c4cac636b5f9,1192,208,1400
453340ee6936ab2045e2ef3a616881fc70c4dc988fb9f87258e98ac53823523c,1224,356,1580
3bd3effbefec2427b75c08e021c475ae2b9d72f155bd6669ba8815d6091003aa,1791,644,2435
651e693a42bb4551141128fbf07271ab99da8c169d12a03d585e5de9ab9bce7a,1158,923,2081
43a6855cf5745a2162075572fb5f4ae001a9dfecc1d942cac74816389cc0040c,1465,594,2059
658dd95fa953e0b3e4da41463f8606ac470034e90bfca93bf98aceac4794d799,1158,1101,2259
bc25371f8b97b277770adbebb826ca7c444fa859079811c1000c5ee06223e80b,1376,510,1886
fff450ec467e001e37a8896c2c272034d772a5cb777e96b10cb52adb1fb3ba82,1171,211,1382
9e9282b7a95457a9baafbfed1764790cab58aa0ff871a98bf8db428581df7837,1094,429,1523
f7099cf4b865c1fa1d64bb8d773b230afbf5a9559ad90d8f4caddcb34aa1a3ae,1530,212,1742
a61bc1a04ee27023458083196e3424971084c6386489aae059470e3644b46369,1299,512,1811
4e198a36a1b17d0c72bc48b61903b7a0f8e8455a887f195598f77a350bd5f7a6,1562,1028,2590
c7380f5bd5b21c1499ac110c9d5c794aa3b42af14c15f35ecdee2400670d81ac,1124,204,1328
e80de1958fc063ce97ab2c3d6c70a7d4a35cb81632142ffd7f1c43dfd0215f76,932,223,1155
49e8a62dc09c8a1011d6aa39ae9915f288e7885a9cf305b887f06201811d10cb,1496,275,1771
0160db35552de1e1072a213762f41acf5ba3b08e07306aeaebfac8e6fdc105ed,1258,292,1550
11daad14d4d68d879a2af4281e20482f1b34500817fc71061785c61809dbc552,2317,550,2867
97ee1896d518797a4b987a11fb1c29ceb98ddbd3a3941975a5993c5b3ef28249,1468,423,1891
263bf97706f8e0db6610487c26576702342c873b7093e3404cc61040da1e26cf,2078,310,2388
45f05d413c19cd7dc72bb722b332b163bb64ea48f92221f07403050be21cd188,1820,340,2160
ac3ac08ca26c9f7de108b5015d0829349089f9512b809f6ba2e3730f8710096c,1398,430,1828
73f75dda573547f09f3f424bc844d8cc6b5005242b0f7bb266c7273a4b7e80dd,1182,211,1393
5430d6079dc09586d93451b9b93c272227df3c8d10f960deee57a8371e645317,938,131,1069
adffd5201f01188855275f3dbfaa1346079bfe9490a04f0763416b95140981e6,1113,209,1322
703f7f883559a5f4141a2cebc215dad102d8532affadd83d4ded68bc8cbe9179,941,200,1141
ecca0840a934149fb7f41074bf99b6966792fd77c60c14a7c1354bedc20c98ed,1114,204,1318
f9d17fccf6b9bf648f44a0fcb8a1be1653e925639dc47d75d806308a7a597ff3,1565,530,2095
e68def3b511af3dc40dc1bdf2ad03cbe8a9be5833ca3cf6089a44d19fba3722d,1322,258,1580
55245df1021fb710a7d18c508ed08234e10d970ab633226d1254fab371425d22,957,214,1171
4f4abe83b079b017633b3755dfe6b83dadf034b06418f761e5f5c8d7cc842933,889,496,1385
1c871e1daeaddb1727071d0d01d94db7bdbf1a8c41d0211d1f2b2e8f2f469b1b,1134,358,1492
4b6520f508cee6e00d45eaecc66d22945ae633a39e46e99eb4154543007c435d,981,285,1266
8c03b1768ce8c8ab23a49fa3a783124a34ef71791e2b59c4727b833591e69db8,1613,407,2020
8fd139048c95b799ea7c9668412b050c1260942ebb0b7137b87981b777eb7653,1074,214,1288
9eb316fdf668d53a80be1f585e335d33232cb51067f5d9008b561ad9964b3d84,1506,364,1870
31c34b8fbc831f1b501967d7133a16f47cdf315e737b82232e1fabf00a3919ed,1452,211,1663
273e17d49f6c54920368cf4e07c13f64622fd5cb7e42702d7a9cd903a8185be8,1087,213,1300
5e47cff0dc9dc38a5f28ff84834d3c8357ad33eba81060937c25a4906455ec2c,1076,217,1293
e39b424b70c53a0499993e0635d31d77ef189b60833f8ccaf6bcf3cd661fcbc2,1221,320,1541
ea73f92b0a0385a573851cd457a9b0772774dc7a816b3a781502333d10965389,1516,423,1939
9b5ecdb747599b5b9c0a1f9d51d450d657937ca29cc67f5fb2d0f038527efd29,1059,215,1274
db3abcb282f5ee4b50bddccd4d60f0e25b4ee59890a63a87ae9cd4663642a587,1210,322,1532
4e774fbeb8d0046e1149ef2641347c2374ea350c81e5b7637bb408548fad317d,1306,287,1593
82bb2eccd5480cb7feecd3721faf171ff2d3639b536a682784bd34fc713bd60a,892,210,1102
a64ce5c4f497001dc1fa0e367c8400d050b4bb0ed21a19f5266c12ec5e84d971,1124,205,1329
bae110b377ab8fe67c660531dcdfebfb58b22e495a1022bd54b7f694c71a804c,2217,876,3093
67631e6f7462b11fd59370757797cbf07fa44185204a4b8dada5e2a354079451,1264,459,1723
0c03652ccba0384d9412aeadbe3b4ed06f0a090fc856f8abd36b31f92e190f68,1274,213,1487
4b8ad46f607604a41c047ee6ebf8f3ec5091fa3dfb4fc937044a64eb97218087,1124,289,1413
f178e8b0381b0b02c161c4fa8b662e7db7a35decef99e0706bec4b49b07ca936,1045,208,1253
9598f0597c38ea21d8fecdbd3ea60b54c9d3ece21a0db4e3660054c0a7e6a804,1169,216,1385
ee706da12fa78c1333c4a22555bda5f47d6544832204a4d93907264d4602e8ab,2432,314,2746
5433fe6d5c2b59568e130e4050053fd61db6257f8fcc245387323ea4bef53cb4,1274,217,1491
006222b8b4f116caa257bc294a796e5f91543a83f21ec8d028f4d8eac9044ed6,1102,215,1317
ce070745eb2240d0ea538697fe864664739e0288614820710b7d3261a13241f5,1087,210,1297
87b748018699420190d402e41e2c5fb0c514ce0cc593dbcdb6454aa1570778cf,1721,659,2380
c31ca14fbe03d6452b554ff339f57e445ce9c1d495f168e1d5feca83f0bca2fa,1197,323,1520
42d3ec23b6ff45623bdbdb87df6fc4f9100690722464bd2c139b0b1dd2b0a650,1094,445,1539
a9d09bcec1ecf0cbd570bdcc444771681fcec61625227aabec857ec327529b6a,1505,434,1939
aa9ea30685f717d7c843d0c7c1905d099eaad3b075eb4ee00e039f565f07344b,1124,205,1329
b6495b4e0b976046713b52aa06f59cdb1a84c2185c9e6c4b964f8ddd089fb7e7,1394,211,1605
95baaf4383aacc5fc342692f3fd84d7d626271e19e62cc7b7cc6fba915f9d2c4,1123,207,1330
4edc6bbd051468751732cd7563ec82d4336c130c275463ee00eb9396863b9240,1093,217,1310
806c02099e00ed100518d4965dddf8d749f5b71760732e6dbd523f95ef400067,1487,436,1923
da6d42778b4159be7e54c86ec9705beaba6bc83b3ee860a27de29280ed8dff3a,1139,291,1430
f076d5c3a218eb9133af96c7fcc9cd783abb59bf7e33c03f0ad7db17a8454e7a,2451,1341,3792
c635947473789d43ca2e77936920bdd598901fb81cf4934b0340836ec94cddc8,2141,332,2473
37ebaeef3fb47535cc7a93c3eab86eba86428aebb57c40c47e8fab725d015cb3,983,295,1278
3339a567db09219a70bb900447b118fbea3e5e72e5f60d6a17c2a5cb411cbfc8,1104,208,1312
5392242eb61dcfafddcad03f55ce624e6af7f2456b8b2681a575ac38b92d9708,1615,470,2085
92739086bb00426bd5cb660f4e966338a1dd68e05bed631656293fa5e866777f,1331,209,1540
04f535168f4a6f9365e3333304537d4eb849658906f61a740fcdc4de394dabac,1428,296,1724
c11562b2699fc273a2e8c94e6b01efbcfbed1724943e34cc267ac32083b878fb,1430,354,1784
0fed58dafa1911a2f167332722735d5968c33744dac1b8807460646ca7701d31,990,200,1190
261c3f735193f701b811ad40a6627b73b76410eb603e9e1e5ba0a525d1c7d242,968,352,1320
2d4b02cdfaa14c03f7f85943fdfc8258431f389602c983db3f213d88fa137c6d,1441,206,1647
2912ba0e0900ebb76dcbfa2bd7abf600cdf82c382bbb22c91383aa4feabed385,1079,203,1282
3a5080a5e24bb14e3a321851dc464e9678a6d703759b2a889cb30fbd6325db7b,1211,365,1576
e2c813aaa55176fc427ec645dfb655bd5604721252315bc4a2de156849bc5534,1196,214,1410
3c180c88c9d0c5bea501c559cbc8828b876e15ceb23069551fc89b82876ad299,1564,393,1957
4dd3eef76a575405bf238b0c71437fd71a8b7d21776213e8844c54b695f71712,957,288,1245
2e4c7654fe54ae34eab6d18537a95d005b4f8a41f9359bc8bce5552b203bb458,1140,579,1719
3712e8472e6abdf6769717ed8f4b19ccfabd68a4291e4884b0aecd3927ba31cd,1525,354,1879
e56e54be287bb94155dc276a13caaa8bce3b770d2de13c9bebab58b4d78620c0,2197,1637,3834
52282cd22882c98a172e88b0fce2f0c61e625e932b9f1ecbefd4008021eacefb,1480,658,2138
40dfc6b5951cf3b55136aaa1099ab35140ead3bcdd8a1747d02b40eabac6b038,2285,2007,4292
10831f2d5eb4960a019d1f7ef2e28d8a2490a923ed89d385efe2d49ecc442173,2302,1155,3457
