id,prompt_tokens,completion_tokens,total_tokens
20286401c109c4235e511bc2f0fbfbfd968e914b55e9d414ca0094fb52ca0134,1113,204,1317
2e73f1382f617c482f800a3f9fcffd85c0a85e5e759ae14b90de514ca024973a,1113,205,1318
ab33fb579672dd323965829abe23189ebab725a29e3b8b1aaf62283ca70412cf,959,214,1173
b150bf0cf4aa9d21c122d578ad0fc9eeb68a85701549dff77833dcde5befe90e,1057,219,1276
8229ba9f14044bcf516e6085c6e4c1a146f115979ff81e3eac20bc974b841e62,1040,246,1286
b3ebe4b83762258c17993ff2b99e228953c3910382e0e57b0555c77cbaee69ab,1551,210,1761
5ed45060a904ab0703e64b366adddc655392d9fa332c36ed0b5e65519445b426,1033,293,1326
552f32f223df93d921d2e62b1a03930987320c0eb286a801abf9a4cc6ec78abe,943,205,1148
4b980bcca714acb88e1bc5b492030103145560d57d023a630a190776408a3ca1,1249,364,1613
f058e5d19fb104bf5d365282d4ae9c0f2de2d9b8c2981f3986d623c6381f8ac3,931,212,1143
ce1ee4860282b3ca1dbdfcb4eb0de5d68a4df034385b5ab7ddc97eed2ff83bba,1022,249,1271
e7f6dcc1934de62af6cc29443f37833fc5f907bdc25767a9b7ffe9ddea25001d,976,291,1267
c67d7bfd6c2aeaecf05d45dd9751524b4f9968d1f62675dcf64884e2ac15fc67,1509,225,1734
7d099c7cf6c6e4d83529ef7c4dced6fd6c125b100e68e419bda702258024f23a,1113,204,1317
11b1e0846430783d50397f6f28a4273b9738f4c1d532ad3d55b5a915bc7c1d87,1131,290,1421
c7c0763d73e296aafd1ce16c115e04e5ead5f1a22dc2dabc58c553edc923794a,1681,562,2243
05e12dd324f8da9c9acb1d4b04c7cd57927b45419213258673449228d6f232f6,1352,204,1556
627d17e93b7cff8c90b6ffe5c7056e39d7e4ed00ed61c31768fca2b9b133f8ed,2365,610,2975
0cee392b37952bf0195bdd59bd6342796a50f73f6ecced3a85e0a43299b42253,1145,294,1439
146e5146d17e6cd9876775ba625daed0a4979df2dd5264b653d4d0c6e86dd0d6,971,253,1224
52b7d6f52935dda3c26f079e77eeeafca991d7831ddef2c887110ef90fe3a7eb,1132,295,1427
b37fb590bc91b38707af331d777a2c594d4c5c65a982fda4e0e72b8c51af1b4e,1007,301,1308
02aced436eb9dd946ebccbaada067c5eb01a470c4018563865b7892f523b93f1,1016,212,1228
537108a71f181a58c5becbd163d9b48cab1213720bb36a44aa85d9c53617069a,1430,421,1851
e826e374ba1fcdd623b26e0ac23023beb61b1f281f7a4c7e595435cd8ff27e61,1392,440,1832
f860f2ce0ea5802974a4077145320bbc545993763f480a8f05ea5e2a3caf41b0,1061,258,1319
e1b204103d908951ea6df3e250cabf222c791580454dc4c378e7deb4324fbf65,1069,203,1272
c0f132242de6bd19facaafcf49ec19d48a4affe9febc92e20c914f5a6312b0da,1105,203,1308
c4f7cb9b3cdb20c700b4974c849d540b7374a8710e8c3294944411439c0420a7,2391,556,2947
7d371399ca8d6152f8fd6c22ea5575744d9e6ab8d958876f8a5db90e545cd943,1142,290,1432
7a182e3c1e51c2b41a3e4f9c08dc79914fc2072dbef2b07b78964c74732c6b93,1586,612,2198
5874c5c804d41f5186b9918a9a2e6d8392145393650c636add2867a99f3dce5e,1340,203,1543
0672dd1317350802cfba384155490406650dfdf1f7534a23a5ae2fbc65ce2aab,1502,212,1714
d7dd6d10c3f8f7a9d9b132fd13d781037d3a5a0c15feb4a05b7d935c63f9ba83,1360,303,1663
8662f54933c3fa5e9dd5b05fff7664ff95ced1a1c9a4649c8aac59c623afc612,944,211,1155
19a31723dd8bfde260897dd6cc93ee4eff5c316bf371b4f4e75b1e991e6acac4,969,200,1169
4b17acaa3f371f6dc13998ae2fbfce7bc036183ca89068eb522f439b8f5a5e24,1113,205,1318
4a1f941328400c355f1f93904dfb56c5e0521f73a268512f823d4128da7a9345,1224,1025,2249
bac3abc6a0be93e8946d93e1722df3fef68cf759e8bbf9c590a7d6fb232e27fb,1092,219,1311
c7ab810f8cf5abb58c57688d38e6b5d7fa729fe2c02564a97b59b94879adc31d,1113,205,1318
ea477f4c926494828dea9fa481f91e9d2f8d31693c79a7400379090e63dc3d95,1079,211,1290
ff07cf71d79e0997002ac12fbbd5585dc4a452113af22fa15c7dae330b07c1ce,1036,204,1240
2406bbc122a254136b0eb4cf45d24d9eb408b03063b28d500bc8a56543a49066,1306,256,1562
1f964b0dbfa767387c4fd93e61c64fccbdce5be684953ee49314801b8a415d4d,894,203,1097
d071d9aefcc4a10c38749ba9c37cf4340bd9a49fe1248d8aba00da71433f7c21,1293,207,1500
7941a121276927ce461131498655fc40764802acde49bc182300d2b9a7d47622,1491,575,2066
e100ecb0064c9cc816e397dfaced6ef977c46555152112b33c4369c3fb601932,972,200,1172
b4ee927a2ceeb55dbbc09939538a3fe4bde942a24fd6482db144bedc42ba60c6,1096,288,1384
c6684dd3a789da2aab1e0f4fc464e38bc070924347282c88d7b43077103e1d3c,981,288,1269
66e45b1fc2fc056df041ee3998de23f5d2e3c40e722b8ca03b17dd175444ae30,1059,207,1266
1d0f114a5c137597c76397e93b8def405ee8ca44c52e1a83d485ea16d0b994e2,1046,376,1422
826208085264dc5fe9d80bf4f404e05efc5910654495c2737a74da42de9ef33a,1019,248,1267
e7e93d38378e681f141ed687922ae41d23b80dfa1e5ab1f120e29ce337dec694,1305,211,1516
729a3e382b8c895fe6f61918d1ae029a36ff1059abee94dbe920b0b9d11a30bb,935,207,1142
064cf3d6dcc21ca7a11939573ec7bf289c9fc814d608ff148922c0899fcbf657,1266,210,1476
7f6239db83efcef5c49fdafe2b615656feb430de58b23a0f30bb12aad69deae1,1113,205,1318
dae9e1f2c756308ccc385b0314982474330aab39d77704253d76cb9c1c7a40f1,1121,217,1338
ef2d8bbcddfbfe77d9adecce79fe8838e662cbf61ed0eea5047266396b61e780,1117,214,1331
9d5ab4999f95c0ad20972792b791b6ebf498ced3e55aea3bbcd2a749b02efd0a,2315,1521,3836
6f6983f589f75f9175e19d80eee380656d84d2164340ba9ab655848ad386cb34,1014,280,1294
5cc55f9ff19d0d6bd3e733a38cc23dd5bbe44d28522d2cf370b6a98d0d618982,1245,1571,2816
f4455e6a88032bd27f1c291a95c1e18edff32215fc2ba4bf48778d1827967dfe,1398,259,1657
3d93e7d1c225093a94913e8ac7073648163bbc1c5c3f97018962715d79827ded,1090,213,1303
092b826ea5421c892acfd1008822d771915aa138650085440b8c2d50db793224,1544,371,1915
9a3053737e530cb2e94300e93ebb162ae1c038443740ad39a41833b2654c724a,1538,288,1826
c1e92eaac59a6025408cb53e3c899f63d3c50e4e63bdd19f4411716a42da19be,1359,302,1661
02cba7511bf89d395c4f8cfb8d931d02f6c975fe8c5056d51a5361017d82166d,2451,910,3361
f0268671e06477a54b337992fd53cb58701073ef7ded1e80ab9a73c2d34226f1,1418,222,1640
c5ee9beb79d4aa4564b29dd7f580d54fcb351329c42dc27a7e6e2735e214d5a7,2139,787,2926
d1fca0d778599bce2520d3e3a011ef96cbc8f0bfcc2e7804dd70ab051fe47cc2,1567,210,1777
d6ccfa8a18ad8dbaefdbf9ba6e63dee25e3eb6c11a595d75421fe5de5f8b30e1,2019,428,2447
19f2cc023633867b897801e7e4f4df51ef7189ef85660405f47d0b8c31ebf37d,2556,317,2873
30e29c057c8028eb14ca3dc295c964639cb80a4ec2406a5dc4e4c29c8d3dc2d8,906,211,1117
97652ceb29887b8cffef3f3f7fd832c5fd7276293ee0a7fdeff12771ffb1e091,1121,202,1323
451132b17d0ee07d805fe1a0a8d835517897f882b7be97bc0954b58afa18c530,1232,204,1436
1e6eb139209eabeae1683b94ed2aef3334e77be07b8be344b739df39ede6194c,1056,218,1274
bb59056302454f3293572e5670424346d7cc889a638dfe8f364e72683221d8bc,1040,213,1253
c5201fbe6a7be3c0d58e9bda1ab1f24fed6a5ea461c5334934a924bed76e4ad3,1184,218,1402
00df59c89975b53c67dd2523749e79d7859cce8988ba576bec724ed97849e515,1762,647,2409
4e6b5345ff7f441fb277686b7e83067c97080e0371458ebc636cb8459e26322e,2171,342,2513
7e1b45b60e86a5c6ca877a70f7a7c98967c4691314cd7fa9b77e644fa519b113,1572,555,2127
2c5b52e92f7a156bef7fa128a506eee5e7fa39a2536c1676c602597bd3ce5e49,1006,436,1442
e49356dfa459a4448de255c15b8f20a895da0726689016f0e63066056a268fb1,1048,306,1354
128d74804a63b93e36893a19b0b3d88b30abff45f011e1f2c4d8e6bdd6ab20be,1113,205,1318
3a9df076e6d96ff5a3be1e48349727a1b3cbaa7aa5db75700f46b93822ae3495,1091,217,1308
1b187c7a7d884cdf19e2b7d8af804703de66c9aad18204cc444d7db9b7caf3da,949,255,1204
7669b6092b8795f6d4cd09f23a8d9bab7282e47ed2631a5395924d8b4f9c3e25,1508,299,1807
c66819315ad94513a06041f96876e0fd32432d8da47b3765a04164bc84fab85b,909,205,1114
95d66c4552b02960e3167f3ad015d58a32b8483e7fc095d8bfa6617a5181e9a8,969,210,1179
87e485f7b3b9236dc1913b2b00e9e79d444e251096d1a3ab84d14739747cb806,2206,1110,3316
e6f33e71d2f86820053f2a8e4c429fba5fcee450586ced61d9652a8da704e823,1526,692,2218
b7faefff688b0b4a60331eca240ff290db26b8e8f7b2c6ade2ef38f3699b607b,1112,205,1317
bfe3281e66b0c56eb13085650a442586a8ab2ed2911a3a4113ec5cdb2f5a0b75,1511,507,2018
99c16e3f24f41fb2ddf1b1f42046d1042b17a48bed73017619a70b9e50ab08e3,1344,205,1549
1794a2e3d79fba27c7346686e37812befae6a63972711a6c61619dfe32cf6720,1171,207,1378
370df683d89004966629e53e62e9dc22d9a46b8a07c9ee4274d5dde8e922e53d,1006,259,1265
bade5ab6fe7d44d29917ca199c983d0f0ed74a69387aa56b1689bd54d907f082,1159,203,1362
5dd7a89a7c77c917915f907976b57ae3a0d2e562d4c205c5dd6b67e57a6d8be2,1553,365,1918
21e5d24c4328e4222dd3968b2c6a0c853c7ea127d99476d88f1e1e14b7f9af06,1149,200,1349
ef40b96b2c3ee406c999b3700e1c7ca57ada445855fd40c388f6ea8468b59ab5,1193,209,1402
738721d2704b9191dfd1ba4b6c8536ae26785f08e99f10dc2f9424d4c678563e,1493,203,1696
71e3c81592554dc52d8dbf9a5a79ea7fbf8bdbe29b61af82f342daeb50737260,2086,1143,3229
1f8f4835bc9e0dea4d57268321a3f31393c2d027d43f3ebc045e432df5b2eded,961,216,1177
4c500cd8ba0e99ecab31913a884535f751b15cd00d7289ce464f3da292c7223a,2430,312,2742
31501300012972ca620a98f0028656f6d4c6c6d807931081a1fe59f34c45524f,1484,520,2004
fff3362ff41801404e3a80bbb9d997a4e6015cf6e104f745448fbc154d425654,1526,454,1980
fcbb6ab281c6293efc0c66413ca89e42d6cd771981cab150624a82c5d9ee0d76,1937,1000,2937
bbe3053bde8e6f9971f77ce1b574db0771cb999dc6c979d351944856cead593d,1056,208,1264
fb3fda9f5a980ba33c3301f6a7e663a06b9409a8fcc731aa66518b8d8479b171,1597,287,1884
6b41d54ee0add89e3da5067ba3abf7e6157555831332a67f9b1c9a682fdf0a12,1110,205,1315
9fe454dddd838f40eb4addffa3658bfdeec6c54fcc9aad2927848850aa908e0f,1567,210,1777
ac70e9d54239ecc865099a9e813dd48e258e7751fca4b55454278b4cc648237a,2120,907,3027
6321eadb6dc6a2fedbacc59ac7a0854093d66aa1d9e2abb7ec72c954dec6b961,1372,283,1655
5572330e6b2e7ee3b07111e87323157499f20d526daaf5b0e6f16a598b9bd8eb,1487,293,1780
6b73b00203baa0190e5d6ddcb09737def22bf3967e2b7d7beeab11f2cab736a7,1855,434,2289
56518100114bdbe9ae15db86ec8adb6a087c867158234427a85adc763503f729,1050,332,1382
aaa71d51213f3a8988c9707ecba4fc44184e00186e4fbf1445004b3c4968d779,1196,379,1575
468d0b95d14114bc7380cb6fcccc902381b14fd954092d896ccdc524c6d1abb1,944,288,1232
ddffde492b1e2cc10500601359022fef6804cc0c647175b62867027207a76465,2245,1112,3357
3e28eca670eecda54b313b2bf023b82256c3703912dd39bcfbd704bbc7eaba18,1565,211,1776
b42a9d672878286d8273f350e8075b4be32baf9647e244e416f6f600833b3267,1744,1055,2799
34812bb9aff2e0c7736b566a0e3de69ff3a6b3641d8f9d96a146610a4708edce,2120,560,2680
83ad19fd948698587410248265f5add1cbc90559bb91690cb1d0cfee8e458749,1234,365,1599
35386b9abdb94188dde9206f46d578466e361208a84b5b5f23d48b61e96b69e3,1555,286,1841
3c73f379bc8642b6ff1444808f5637623f4a8b038110cdc879b5fa2fa2203023,1625,420,2045
1ec027d5301beac14a69f79c8cdd6a4d366cfe2eba981d855e647399af23676f,1163,438,1601
ed8b9f0ba95350459f16e1e2de8b4ada03f7092ebde4cb7ddca685ce5b620529,2292,1202,3494
20faade9a3a5359e3704350c12bf04c325cbaf530f83e7d7e7b40ec027e2e8a6,2155,1466,3621
dd684cb5ff3a480a84274a2ac699a68f857daa6d6d355139f44005d7c57bf09d,1505,578,2083
2dd43c772ebe307a5860444878fc02fd492d84b218fc8fa60859b6e6f51cc59e,1947,628,2575
40b7b74a7ae6bdc06d489b71990aa059aa36757e38f2c39eb17d224654d483a1,2041,891,2932
e5c6c441ee0ce506b0dec316a269c1a6d57c3e9ce70ae8589d0de52e52eb3126,1281,357,1638
ce805b74d21a78e5063d7b1af1b667a6b90df306df2a3025fa9c4365fa3e3166,1091,373,1464
348b5e40b5628e63ec58abb4e70a7b7dcd13ddd05199fc1fd1df00411b0f6f16,1656,315,1971
65a21cc238f829fbfcd501ccdd7eb649a61e989cdc587893169c137a3d8f63c6,1587,353,1940
c42ae9251e7fdb01c67ee9ca06062b6ecf98a5be3ae5cad4b5eef8e3e5c8c3d0,2305,432,2737
9601590211a70dd15b2a27c30733be4205fc6f117995555cfbc28a1c2c7ce33e,1184,435,1619
35316551a17123ca6090443186260dd1959e7842cc853a21807b0a2afc90a5f7,1512,365,1877
a7f7baa64025e92a2fb17c810b29cf1591833019a3754f5c9ca3d82517fafac3,2289,1363,3652
33e7437bd1f03a7813c30ed874ec082c6fbb3ac6ad17a3a878576d76878721da,1203,674,1877
5e8348beaeaee6af6d4c3fa89c5c8d5f22fc393a6574b6635b51f9a70e133df8,2014,539,2553
748d6127ba2154bd08824e3988799990b516089387060fbcb2f59aa7dc09e521,1548,368,1916
60f437d2f16757ff26a41c15fe46b67742969ee4e65d682853bb991c44449f85,1705,659,2364
e481afc5deea0ee233f978d9f5d9362e35d03f596ad5262329502a67183e639a,1085,366,1451
19b216411e8c960f7d9d1ea0683172f4e02f70899a85f6b554ae2715c5c9eb5a,1549,1015,2564
8ebb16fbe98b59baf4ef4078ef35a13b1451d593e8f817346aa3bed7a6c24537,1358,356,1714
f96403c7b24e9a166c90d276fd5c8c0f4b2462bc01c222470d8ad5ea0d62d257,1113,205,1318
94ce497f461126ad1a42ac4c4ce72fb891d17596500a1c4dcd5c4e5c3bdb92ec,1409,211,1620
98b76d1bf86f7d2e9e84afba594eccf89c16775fec6af9d0dd7f9120c944ed08,1201,1011,2212
9dab78f9d90f5f0b2d4d9f2b7e2439af0d025450215b88c8ad7fd02efed127f8,1731,1518,3249
0e28a139844b8f07d73cdf7d5d6f223c4e605eaf93d8c6e337b4e86294e35037,950,455,1405
b35dffbf20187fb28b9b476022295797e938a3ea07bc8f4fb612705607e1cf05,1560,216,1776
15eedd10363deac0a474c3d6e4c2bb7fcd0ee65c849d8135094c2fb08959cd5a,2343,1800,4143
5923197a878466e825d6bff6510bbc8a3a7f09bce1095cf5201b09f4a102fa0b,955,217,1172
45473df7661c08b94636d2757f54d80cdbd1c8b094d631f765b0e897ae671b50,1565,1019,2584
8193f24fcd15767bd5a0547446663b90af0f085c6de270b8800bc604fe637409,1454,211,1665
88933d302068cd2900b3b9851aab65bb6d4283c57ec66ab32e6d3c3d841f0b1a,1502,206,1708
90ac7fc7ff167e52b757ce290d6d771f6bf56ba328c984a55c9169ec5f1953c5,1449,451,1900
cb5ffb73fa9cf3b687dc6f033f8fad820cab611a11e689249f159bb4b0baa642,1158,628,1786
74889559011d24f9969d387a8334f998587fda5a6822578dc8daf276d081ecc5,1116,205,1321
50b7e5254571b3bf85b20dd9217f5b02c3c5fd045b9c408632245ebd59a070db,1113,205,1318
f65bd1980485c7f121f8c72765a6d958fb5ac971b692e164adc26596e7831984,1073,279,1352
8b764e2f8cf51a454f6412987f0b411a58ed2231dda6ed4a4c498f6aab90064b,1119,384,1503
6d4497e4081600428787667214f84bf89a91eed5ddbee6707d167254585385ef,2159,571,2730
fbeeca98daa977dce7a88bdf8d0b36a40ea05d285b89fc1ddf234b933954d684,2231,313,2544
ab8e724f30feee3569403fae5133c6f41581b2a6aea473de90932f1573251dc3,2209,2111,4320
47155efb286f625a38e2c5c1a201c69bee89399a83040bc2138af47772204845,1569,546,2115
c0ea69aa181b37906234a0a86fd6e6fdafdcc6853dc263a40b437177b9cebb7f,1818,1514,3332
2682c9388e1ad5b5eda920f39c0632d2a823d838361295ea7a3018fd2107b7d7,1234,778,2012
327726c612b3e05292e1da8408b17a92e703ae3d54f2f2ae98387216902367ec,1539,366,1905
22f1b08d445040fe0e5c8e0438706cecf4630795e9736960dcab0bf3dd0f7388,869,309,1178
fd639fc91fd9bd2a5e8dc0b658a5d6a1add6bd4584d90d77a08a4faf3ba0488c,1094,361,1455
78a2ab335a2902140eb47f4dbcff800175a1f632a9afca54b1f474afe03b86ff,1376,376,1752
75f205f3717c6b16f9fec30df83f00b162195fdc4138921417982726b5fce34d,1010,366,1376
856c20ca3072fb071991d98caf50eacf6e4940374807d46661e2cbf7686e199d,1087,380,1467
982d46007e0869c38cda2744e8a95207ec0adfa2498693826f07502ec2b52cb9,1454,848,2302
95e226c6494318624fcc0df1dcb9ecbd656fd94b8934ace26c4c89b096370393,1100,392,1492
c9c7edf02cd085125f4f3a94f70cdc3d50f0cb3e629a71116203a8d3ccd49218,990,634,1624
9ff6ceaab3753698b5fbf4f1c4c72e619562426d6b0e5899c7549606ecbfbedd,1113,205,1318
3e5b41a778bce9c110d8b4f9aca8f424f74e53c810166ec0d0e6318837296c84,1312,480,1792
ab9faa69edd771ed34b5e058d0f1c11a75ec2458c2f00487445ac7df9919f2f5,1463,648,2111
c4cf08eb6053f848606b2f658cc80a0716b2a3a2a89622e77d2afa59248f18f0,1586,442,2028
2f4651e2981df4b9a169e9d9591d71256ee2b39037cc51c1566e9cef9976bed6,2397,661,3058
cde0cb042504602345beccd676360b52ea5a085ec017eaf365a56f514e93e1b5,1010,212,1222
aeb8da15e041abbe9d9f0204e1b9457c11f2d21b58fb2eb2809bd955c2153ce2,1703,547,2250
c557ff6ae62bb7ac10de2f585a0e23c5d9825a2908917f0dd34d119f36f9a055,1074,671,1745
44b4392319a33d116477cb9435f9b48b003361fcb3c8e1446e476371f92b3e22,1054,213,1267
4363056b057704754e34484207ecae5ca4dfdd7cf20acce653c6e04966cb5a37,1790,589,2379
e283deefb788cd3e821c80fe830409f3acda0fef51fbb2171f674fac94d34f85,1844,1544,3388
682dcb08fb9f3750960252b451ee2c901a88acfdbdc9cd46c676fdce25bc520d,1443,1236,2679
482ac52dc73a287c99c91a2fc426b0173f7a4fa3475cefe261f66bae2d224a7e,1441,479,1920
b5ff9933b91a08ec41080a1b55f6ec8c77612ebb52828defb27cfe83380a5e32,1633,530,2163
4df0701c0192f3a5284d9e2e1c512c50ddc0072e20d9645870c21be3c8b51a50,2204,450,2654
e840e1917cad5a266f2ee8309c4c5ef0db585413dd2f6fec5cce2fcbdf3137d0,1204,381,1585
31d015af587133df3da9e3003028c9e18756c3b8d6ae21ad2f19a0aeec6a718d,1658,321,1979
d5d4179342ab300e07d998e39342020e976caf09c8f3f10d9f3d53c63c45c4dd,1140,209,1349
1f7d6e508ab5c427c2e8af8c294505b811bb72f051156c7eac7197f53e4ddcd5,1565,438,2003
5ab6e45ef0f76102acecdae5e192ceb55eaad613ccfb5c52804fcf6cb537c3e1,1741,211,1952
7119e6491e41d699313835b2c1590d7f8531f92b14543175e3ee64df433ce394,1155,233,1388
67a1515b6fbe109af9a43c5d5d77c2a789c760a2355b91b9c5b7bd676a57a278,1186,210,1396
eb5fda673b8cf154805f74bc255f79d6c6385ac0afa660d270b0393bd5419264,1113,205,1318
37d15c768e0a624e71b046e7ecf027fe8b5958eed885585b4b72d365d9fa62fa,972,217,1189
02ee1420edb0ef614bc9d007d5f2d015ffad817bcc1a33bbd2c1ba77e91f3512,1046,203,1249
dd7113c0da20c8a6169c125317803fb84d0633fb1de01edd4457c9543ba42e39,1405,633,2038
4c5d15bc4833402bffd38440f0e352fae916ed5a03a5b0258da3369a47bbc16c,1030,372,1402
75197f83d512d41e7c5bcf964d14dc6b7347f11fd1abcb6b52c8711680fbf524,1093,210,1303
68e166e878a9b54ff751a444192bfed5a1ac9dc59bb9020f716046f41e3921f2,1473,2396,3869
cf8551c1c197c8fcac255c656e8ad22f85b0ce2d67ee72668ac303bc947d2252,1684,716,2400
096562d86ea1744703c9b8eac56adb3efd69565b194925bd7ccdc60b68991295,1772,324,2096
35a71224a7dc407f469c8340eb5269f50191f1aa6053343318e67428f29ead6b,1178,311,1489
200169cd85b2da31b11d9aeeba0485e67f21ab07d028e44a1a570857cbbe8dc7,1113,205,1318
ff52aad87f6c6286ad4006b74812f8b2c23945b2b14f4b362786a1f6b7412768,1547,140,1687
6b504e340b0f83b9fc1de0cd6791ee67ee1b08c1c8167d88dbc72b389377f8de,1106,209,1315
757bd1f832224447b70868f2e959d4884f28558df95d58a8d0f0d55c4147f978,2301,854,3155
54e710f69e50e551957203388863cb31cfc5564c385c3986f861e77f343b000a,1075,207,1282
8d02685cffc12936ab85ca02d7bd45fe56f1f9ab844b5c34f9b4de53f3ebead5,1254,215,1469
16ec811f774a05deae598c2809e038672f761759c4ee004523f9045dd6457c86,1607,213,1820
c5a2b9cf904e734ac05b5f7003337ee93261085d5b1b73623e401897bd572d28,1242,209,1451
19641e216b2ba5d3042ec1f853e2bc82e3d9ae743581199ff06f0cfef292d814,1204,209,1413
59734375868c6f038bbe77125d342406e54e23b12ae94def52c8fe521b6082f1,1519,720,2239
96fc726c8f2e146f61be2d294659b58bdae2742ec53a00aa244372b181c5ec32,1113,205,1318
5bdf8f689b95e85c5789bdf416e7e02ee3a38ab51b9e9d181a5303f22c78401e,1031,208,1239
9547efb45a7e56cda4f938a7ffc01785266acc7cbc3d3f84abc2294840664f2e,1239,216,1455
14ea9f629f398e58adda24c7ad8386003935adfa03a629d95652d87bdc070ad8,1491,540,2031
9583e41f475bf92667d394fd771e2497b1e74a82947bee105e806cb211a8b61b,1267,360,1627
6623af9e7a28734fa2981c65994e5ae9dff0b796579fdba5bb64276b92140c6e,2384,683,3067
0e420f0c59b94b4ed805bf04f34aff6ab9b8dde8d96b9f43affb11781a5708a3,2088,1289,3377
b2ae97dc7a2118af16aee1ef73f9bacb35e84053021bee07dd636f9ebfef925c,1251,250,1501
eb5df494ea302186a3ca1afa1d46b66b6bdebd53ea0a8486688aa1c8c94bedcf,1328,762,2090
cf48c69bd32af12782aeefe92c2952e912c12bb582763925ef0966f35f3ea463,2067,1715,3782
774f4b9b441cccf2fdf8a1ce0a9a3a693e5e80622ab7ffca25cef24ba1aa6878,886,207,1093
72c901f0593b4d4553778ee6cacfc3506c0b16195bbf47425f9b27ac33a01d52,1670,569,2239
174b3af76af0e3e1d8d41b74ce751b70ef1d6ca1a685e5f1d7d6ca00018b915c,961,203,1164
8943705c576d3f081674ffc939d43f5e987f36f2252c39433bec41c9db0f997f,1124,213,1337
53f4592c1d0f0429a3d03320ee6bfc290d262c5150c0bcd8c3e8b909d18b20e6,1561,1667,3228
853f86189b1fc129582910cc5777252c58183d56ecfcd05de996af21a4ed868c,1072,378,1450
96a10f4064e0c5f3c5361737be0ae8503e13e9a872bbb91637e70ed0acbcc5f1,1619,309,1928
0c698062b765ba571b2bb5cc2ca8d3dacf2c4a73f2bc1dce028e80ff6bf40e4b,1725,317,2042
0aa2f60fa7f9423182b9b1a65d24aa5ed11364762b15e91f52503a34cd7303d9,1112,205,1317
2b948ccc90252bebddff425fd31b0826a40ddb6451a63320f517d77f424ab6e2,1472,436,1908
b2c5485d5194fc540d44af8068fd7b4750d35e20f8d02842b72766fa28459738,1888,310,2198
c1d83f77bdf2440c3c87e5655fa963d5e4de322beaeca355161463fd7b75aa06,1040,205,1245
d106ffa7d146d199f86d2e3deda438e0849bb7152654bac6ef1700b8127dd2d8,1232,292,1524
47241362e98d06070810d33c5927a4828ff4aef37c0824a882d550479d89777e,2068,1366,3434
0f95fb556bb2557fd46634857a4efc178772a5303445e12c7d07aed9e122ad14,2372,547,2919
29b6e77f546f83fb8b4cfbb323616e94ab4f1e5e098c591e68c43e2d1f5cfd71,2146,313,2459
8383eccb3709ce2870d337d1239a5004b8ef2e5a9c34fe6e14c14877d34bf3d8,2209,1117,3326
b8db51acd90c322a0d07c0b240cea992283b6d94e4d503ab7bff9fc9d13f708d,1375,200,1575
9d8527484b7f737cca836206137e295fae80585299ed0820aeee146867ff0d10,1944,550,2494
a30848d90905db8adccc864ece36b2bce0c6a30b449cf2af8319a1150f0218a8,2076,338,2414
6664306865c14968767d7836b8d64a10885a6daa1ca7d2701a3bad6a659e68c7,992,209,1201
85056901a0249eb088a86fe20981febcf5b12ed998d2a8cdd15024c4eecadd55,1134,877,2011
5196e970ccc2b6d931b02c0c44810e282edb214cc2869db206e7315da4c31e75,940,203,1143
3d2e10b087d36570f466a6f37f1294a2a89876b6715338d40d5e1b899f0fa8ad,1351,548,1899
a446044ebf5ab99f4a81e69db3c98289e1a17c90ad83bedd3f4145659a29d8c1,1047,300,1347
2bab6fb55caa52606d48a37965f97cdf0662543128b94282b58fec317e492935,1903,1521,3424
8e96eda5275dd931d75582790773aacf19cb056b2a144f51a8fcef6f4425f1cf,1113,205,1318
6f587e8c5bf4cb74910455e92694af509f2eb1bf186d45a9399b7983da973c34,1778,1416,3194
e255b83836cbffb322f9fe92e276a525dd32c0586fc0ab1c3f27419e965e47a0,2121,316,2437
e64bbfec649ff5edafee0fcf0c224fa18c3ee4ceafbfef427dc3113f1c6e96fc,1502,206,1708
95bcb85195782009a1682d4036922677adc10b3fa90c16be0dd26b77064e9f3f,1568,211,1779
09ffd0580c794087a3c67fcc80c7bc9367c6d17aab6ce16fb916b003c43d6ede,1677,312,1989
bf922647221c3047f32bb16c6e98b2cef051c58a29f2dca1911d1921bfef7e3e,1861,872,2733
c0b007917bf48ede8ecc40d246b4af72c4815d08517d141cd20f6cb883a62f24,1352,213,1565
07c438e570d9ae9590a7e6532e49102d2dfa252380d12db9a19d5625de74abe0,1090,295,1385
511cc6faa4f6bc9824f12c54e9a3e46f6d6361818f679eb03807db28aed1752f,1125,395,1520
374a6b399a08d0bf98fb998188c31f2db734a7fb4c2c6b7a8018ca480a89bafa,1113,205,1318
1615e60b4a0c59d516b84dffc7f66356382be4190a78a2d2cdeb0b42d08acf33,1171,1106,2277
c09779d2425f4f623745e0e1bd668da0c497d206711aecf60f456114a60c41a9,1113,205,1318
9e9ea7ca2361655822e95df4b7ebae552368dbaa810ade600db0fc1d5098ce78,1042,202,1244
f351f1add00b1452485a86879d7f6af50e85fef7d96a4d60c4ef98db9c420ed5,1625,649,2274
66df76befd3c38c06361c881e5523f241384116d1e216d430c32a62dda3a30fc,2180,787,2967
bb4cd1b33afdc306eb6a7b7f60f1277fcd1e025f04f8274748356a42da623c32,1160,308,1468
1dfa23799248aba9e7f985dff26fd3a58bee4b08fad10e52de553372622a6018,1075,203,1278
abbd45ab3fa94f851e341e76f02a75bd8fae46d6142a9fd38d7cbad2044c08ea,1481,290,1771
ac5fc36aa8fe1d26f57ec00c292b44f2fea4ec415ae9f7bbfc333edfbbcbcb7f,2089,311,2400
e4b61297169dec981fb7dfd629a632c4e87490275ecce030d1ac10a8fd26b768,1926,1539,3465
022505dd1cb1b3446ebbe0e26215dc8f6c39cf571958d0b71c3416ce425d1721,1160,217,1377
40e73ed4088d073db99bb56711fe1a431a13f6bda4706fb3e407b47ee491c6a6,1548,367,1915
15482354330ddc5ea769d2d8151e6aa63d007fcfda166e7b6c1e4b45006c3b65,1079,253,1332
44d3f021e2c6a7caad6852fb75750089054e934f377d49e8445dcd4308c8017b,1567,211,1778
58e106220bcd9eb42389160270da616a19797feb26e4d811df16efa0476ed645,891,207,1098
b592663ea3bf67933c3017b1a0b8221fddc9255da61190e944fa7b0402027c8b,1146,200,1346
5226f2ef5218f44b3fa30cff0153434c7187ebc8d1def141250e4e4fc0c3e335,1552,206,1758
d18629401d57c2694d205b8e413ea71694b5df431a778f2d51d5c6ea0e77de95,2054,324,2378
0b3ddfc285bcb0c549c83de08049b8707769163deec19be9d6334ec43baf0a42,1679,313,1992
fef6c6c2d61b03f59da42a728a42a963e124505305219c5027aa4ebfb7ab6fd9,1385,382,1767
5cc3373e7f1fd39fbef1d841a0236b20fe2dd1f8b50b2d7dc97474d81ebc2b58,1116,290,1406
c2306fb197cb4a338dec0a16c1813f6487575faf54bdcfeff4167670377e7e3a,1568,206,1774
55b0ead0a0e85f478e8bf346e7eee5c9d43db65b262b617fe4c492e07ae3ab17,1113,205,1318
cd22f94047daa4b7c7cac1697883e3fb45282ca5e780916fbe72ea3854cb83de,1165,213,1378
73232776618b894c6be58fd427dfd55d284278f0f5bc23bbd8f9bfb3458f5096,1604,210,1814
b6f8540e63bd031436013dbba741f04685e100263bc3a455f92d7df6d3c503a7,1523,1427,2950
a06aada35a52a1f49b15691aca2c2f09818195fcac1125fd3dc5b205ea89fc49,1156,206,1362
7d060ff50792d24f459e2fbb00409ff23cdbe6d73aef7be01227b0ebdd5d19b7,1279,546,1825
4ce1934ebe55bfa580b25b25b3f9520094e635ac31994debe13c1c5c9f25334b,1146,318,1464
d994e8bd9960bc14da3f1e5b6cdfee4d7ffe9bc34c9e46f54303b81cd9198f10,1566,210,1776
cc4e30ff469d1f4e634bbb4df5b57e75b24c85390b0847d6f9cd55e19cdbc74d,1060,286,1346
cfef90113468a29789d593a00e61659c80f2ef74944f1931d4aad94de05a258c,1493,207,1700
11488a80478525ebfc1c301e2735be412fa889133e3d2f483897f36277556278,1123,392,1515
69040c3fcb269a08adbbd08433a553a28e684456a2b2c2bf3d2317485c6d0852,1567,282,1849
cea3955b9987508d5b906d5b5b6be913437d5140fabb2cc842727ec2b7963624,1524,358,1882
9d08a82154c9bc8f94968586eb6d651c5919d413bd49fd4d8c74c9276c83bc4b,2007,556,2563
2a2ecea00ad4d6e029dd397afcf78520aca105d64d93f657883cc4d977b230a2,907,199,1106
7bb092665ce42e9091d1a25060d55b7b65b00e802007605ebd498ccf065de5f7,1395,326,1721
e7723733bd695b110becc57b868220a7be919a7feec4af7ca66bcab812fe54c5,905,200,1105
62a2eb71e73dd259e1fca17b382ea913697e81bac75f739e240a1f0ed89edd38,2214,686,2900
f2674a01188685e14749208576fbfb34bd59d5aea1ec5804d22ad82331776bb8,1357,206,1563
1370c5bbd3e6b64bb89581e438bc3d57deb42f640515008052290fe955171be6,1113,205,1318
084392c7e3bf15a70ba24def7f1e83b896b73c8ff12267269317341f3a76640a,1095,291,1386
6fc30a9f6d81c4c317af891a25c72b4b90fee7caf2987565a30d35bbcef2db42,1103,200,1303
440de3122ad34bbb5d17c1625ebc70a94f6c70b898d7c445b980869c97a19623,1202,318,1520
2418290e24e0a8cc4986356db6ec4b23fb55bbe3ba9d668519263fb4a10612d8,1625,310,1935
efc9b99e9e4c27a6950080ccbe4302d90e78e55c64a142cd8992da024d502d06,1927,1527,3454
474f29ca92437dd1f58abe905d5ceff7241238c48a5bfd8c5d35bce94ded18c8,2058,315,2373
a9c2d2f102fc1b5baab8eb50b6da12cb2584b4e0d294f38ff6ccb2bf0473bbd2,1113,205,1318
4f55d0c94e98710aaf3780111dd02ed861d749b222fe8185ebce8386d3cdb783,1568,210,1778
db1d314b1627ee51033cdb95d264347dc361996ff9c478964f8acf54076c367a,1061,335,1396
66bb620d2e70ce776412c0cb18059c1c39b87a5d2e2156aeb52e69c34ea7deb9,1175,202,1377
c82c405c2ffd6c9a5711c871b8ad44d48c26d6b26f958270a7487ed3f33a8f86,1367,210,1577
44f0718c8b89d5dc97964bb221c9eef86991da9262fd83240a8e010a33181534,1814,1143,2957
6060984744fb39f63c3e3b4f62be4371b3b23029515f5fa5950a2e4eb64da5fc,1657,861,2518
4676e6ebb134a70183e823f86e3ec542a64696b35d05b6f2579c3c9ea8990398,1327,207,1534
5a1009516a5dc75b3b9a78cbeb69a899af36af9d2957796f5f836fc5ca5c7d83,1563,207,1770
0917683c5168b4db74054942816940d4934390592a6254c283077d4a09cccf47,1345,301,1646
5b926ff7354546313fcdf228b5af9f16fd43bca2fe9c296789922a3f33b8bba7,2303,1258,3561
fae63b83b9774c070ff98d63744742f5a58efc771b7cc6780b5d3659b18cff91,1888,1530,3418
0c155160d7b1876050248c59e5f4740e467e3b2830a5f1cd1ebdfa1313e075ab,2173,792,2965
5e257960d0cc0807477ebb296b34f85aa346658a36cde6a9e65e915532cdb998,2258,908,3166
53b71e16f966874997363edb9b339bd496bfa5e3276ed90a9d1f086c1b552c33,1045,999,2044
cbe3b60839919bc17cb770cfbe45f4d905528caf362105b33fb3886e2d80ffc9,1495,358,1853
f5d0076cc90e39584e5a692d6431357dadbe540e91cd4833a5c2828e512a907f,2219,935,3154
01abbea8a0f83341827f668101cc5e316452e57d1e8b0aafd61a1361526c6fd5,1571,351,1922
d6e156bc59471466a9107d861f6279f8bd5cee621a8d676b30606517772ca071,1039,437,1476
7f9cadb2d772e818012cdf441d3db80b6522ddec259c0ad19a0e4a2ee241f6cc,1939,312,2251
f42c256b1f6f56637b6636f28d2fda759f8e1f4c965b3f3214c0908d05457f71,1454,206,1660
525441ea3034f1a8ba3dcc954c49786b4e2e0766c71e8d2890374337d19fcdee,1633,314,1947
0db65f146338cf9037b8cdabac6b875b4d02b6342f8aafa1f097e4d70412fc0a,1113,205,1318
1475c65869437db4f4b7f30509e66aae18400128cc3583a048e1efb1e271a00b,1755,311,2066
2da22e94e05d0d505adcbefba15e573b2dedbb82f2f311d5b02840907a0471f5,1140,217,1357
80b86f6a08b3d1ec5ee9c9956def8d7dbe9edf2285118a0ec12c8f6931c99fba,1647,315,1962
75077987d70b0f43b10e1322170df60e10f85a9a5c3d4135572d7c1cc8fdb719,2169,767,2936
d4e8d06b82bd506a9847c6baf4690bbeebf18968b729d30ab9abcd99bc8ed289,1632,549,2181
2d8af7f011ef40db79505d35220715ba72599db7abca3c1fba98818dd16faee2,1105,210,1315
04951624a399391b06dc52cc4461bf5ad53915f0e69bcf44efb4abcbaf6a43b3,1458,425,1883
99b59cc8ef47649b49123b10dff5466d38efc746e2fd727397b6e97f4f6313cf,1654,315,1969
3f8b6359404d32b59dff5a8142ce8cc756798918a7b579bfcb7697a26fa96e83,1604,365,1969
cbe9981ac94936a1be527a2f7d023176db3a184df342fd96e3b20e3683e11a32,1319,446,1765
5e742c93fe81b120597fce7be8a4e291e1edd6d8e28e7f0ba34dda5076a62dd7,2398,967,3365
70d9fdb866d38f1e20a4d1b4f0e5f8a7ccf2e1f961df75f6c419c8335c96b77e,939,212,1151
1bee8b4e4254eca30b3bf25fc494aeff4d037b40cade8c9871573fc26e63a18e,947,214,1161
f92993c959747eae04f5cf4222cbae83b27738cb350d018f9cfa4500fb8e5431,1154,349,1503
5c6f61ea1dc123dde46ea437944bfd07016a130ed678c0cee2c3e4e32eb80417,1240,211,1451
989c7bd13662620b1d7a612eff46a6d38f2db644ecb08a56877fd4850f8b30bf,915,212,1127
0114fddc8880bff396914424288a15122c74575f1ea17d317d0bc540d7bf3dbe,1136,323,1459
786ced808602493b7f8fd3d7850810239c36f877ba40b8955fff247413a71f5a,1674,314,1988
de8d46f899392bc527b597893b05f1ef904fe642b3c67491304fa8e0dc913dfd,1029,216,1245
8ef603a133638bc31e9690177b9d2f475324bf2d1c93dcb982b434343db36516,1180,382,1562
81df3f7cef9d68854698d9f6d71d0495c714f05243e8ee47e1a0e3f6334f8718,1245,205,1450
f0eb7e50b5c8e150a76a4ca2dfdfab2d500408f487811ccfd5ce42fb7fc8a5e3,1490,204,1694
d7b085672c2e73023bc5d5afad6e1e5d72364b496696cfbd30e250f4a979fa77,1113,205,1318
c6a5ce6c76f19781c4b0ebb6b39af215a793ed6dbc6dc993179056dbd0258635,1061,607,1668
436175b827f28d761a15bd6485714bb14d4b636e2400a196f004382a7c9d5fc6,1732,2180,3912
16ff0cf4687c0e8efc7102052f335a5678ec8331522b08df8d548680c65a5a91,1255,205,1460
de4ae15b7ca32d427491c4ba209a55d266e0c18b999bc861f7bf865c8785181f,1326,314,1640
471e6a30a9a9c95f66321aaf2290334424d08716099a8730aa0b0011e4b99a94,1546,207,1753
f2460375f0a81efcf39388aa067727169139df4ca189c0211574df4d66b12f4d,1022,212,1234
d0b77269e30a9bb924a575676d994697b7e813395bb6ee7911506d5a5c0ad9b5,1672,967,2639
255e90f4cd4715d42eff93e5f96683fa358798d1837a2a5e52e26b140abded85,1577,211,1788
50270eed6db5a1298caf1854f85b14a8c0e186585882ebb0613e23c6b5599b65,1114,204,1318
645b639828533b86c9bf5f114c893a5282890db400d2de66bbfb0a563bcdd1c6,1550,204,1754
5dd9e95c91051bb15baa861eb098da82e22ae6eb0e45636ab95e2c173a5fc269,1113,220,1333
4f2db5db6eebc5383a48ad0ba7f917a383a57ab1b6e2f504f52199fb38fb9ee8,2328,1843,4171
7d26645b52d80bd8eb159b0501be766a3f37540c1fb937f60d4524c760f55a8c,1011,208,1219
13635f04abfe2b30dc5206a9fdb3758f73567e62fff0dc882f417437e688dcfe,2038,554,2592
4c82ac7b57248c63333bfdd6219f5db1166d6c9f3978fa053b17f75f3e66b9b4,1713,748,2461
4dab2c4c9d5d869e5c87ee417c88dfc548bb258fddd505f3f5628e207db24608,1113,205,1318
58db33148cae80550a3a5f38adb6ebbf7b7516ecfd152ea044af3ea3037eba03,951,216,1167
f8b366ce1991bd3c5b9a24422256002e15d60970d719ab46843003c635058e10,1382,215,1597
9046b38552c2409cc370bb3fcb285092b05f613356d2098a749d12b82abc0e3e,1377,370,1747
942ff0144dca70ec1c0d1add8fdc6c904bd8cc74318e68eea7f8956ed86ba56a,1197,494,1691
397d065ed82632291a4add717d09ae61434c6043a328a8713e6e088bd12b1f28,1242,202,1444
a53604215c5f18e74f12a771e1e939cdf1d540865d0f01c726b62d589ec0ea6e,1458,213,1671
2163a334724cbe4e15b7269f0b3f38fd25d627ab744b86924f004ee318d197c6,2266,1541,3807
32104c01458a8e3b778046790658afd479b7a9e2f159d7a31965c10a82b338de,1224,205,1429
a72e804f03eff0d9afac54b2a077460d3f7cb3beefd5cab7cdfd996984f37327,2175,445,2620
3545bebd47595a301a759f79394bf90fe9f138f972dd13cea2bbad8086345f75,1111,211,1322
20c61961f2f15bfe3b25a45e4e08b9da761b4e3f0eddffdbecd2cce097d8e4e1,1670,423,2093
02587436f9dfcc7ad5f37a8857d5fd0c6196fbee6ca48b490cf2c14a5b6683df,1017,204,1221
32e246d22c0a18d31c399ca4fcd8d3785e6e9c8b2c4479aafb02f7d34acf5ae7,1538,351,1889
41f1941da7da082524a594b0844f66855454a5e6ab2e0910ddca6bb8843aa581,926,206,1132
0c0e2e3709583ffbfa43fbf539f073be99a380351b74cb78d055b57a27d56575,1112,205,1317
de1e322eb4b91df67e93a456e541fdbe523ecc58f987e8726046d5ce342d4d31,1259,363,1622
20b8192d7dd5ebb100828ccc72bf5e143c8fcccdfd91ec8dd1adb39df06661f6,1022,220,1242
7fee0c32aa9c9f8e42a48d0949f4b2d187e87761522833ef8c1e3ab5d5489e5f,2055,542,2597
7058857bc0e615ac8dc1b1ca6806fd4b77d50347516f3d9680fdc8afeba1ba0c,1373,204,1577
dad2c8c5c89c3573b656fe0dfe801d7b385638a261161829266042c3f9f44478,2121,1387,3508
d0786b48cdb8ad4c7a4fbbb1d68b1bb8015a5d69461d41d5efb73d6751927033,1091,384,1475
a58c2fdf297829f34cd428d3e463645c738b762161133fa4d224ea1c5fc9fb5d,1868,1515,3383
8f53a56cedb80ba4d75da6fbfa7f8dea20c239787b8b906ffed3fa99740c023b,2060,1159,3219
b838d450e18a64b3670e221435110f9d40a4680a8142cfb4a7de4473e0640ab0,1161,319,1480
0d910b5b4bfec87536a0c332a461f94f370a2a0dd762a499e3214292376ab4bc,1568,210,1778
226c460edad152bbaea22d059da4ad877cd5fdb072ba421bda20491bb8e6b869,2170,577,2747
2ecaee965c3938ddd86fbe34185d923afadd4083dc5b91522d48ee70c5274fa8,1433,289,1722
1994eabfe91df04275bdea3f91937b0df2b067a4abec4bcede7dce3e8383b2d5,943,138,1081
d57f0801d794528c462cf8ea1504a3c484f6218651c50ba686433aa696e26f55,996,287,1283
bc4a15d07e3addb78f104b5bd281c56c2f724ad0eda7da9d54020eacaf640210,1334,371,1705
4eda59f06a202a5d79f0824c7c9ec6d4746c900a4f1eec715d5040b1b5db24a5,1589,207,1796
9a043b889ffef764e9b09fa06bef434cc0a9bf884ac34f659682fa82407cbf00,2341,1669,4010
418dd9691cad497c06f47e8553516f5e847945f205831041390f44a37f63871a,1648,550,2198
ce9f34edb2ab9807f53e92fa362d613b384ed98f5b84b41a1e6515274b1086f0,1720,530,2250
48f2d1ac089c4daf54b4eaca38102812ea5b9b512d2d55fb45c9556ce0501e6d,909,205,1114
5f0c9ad4c22d224de64ebaceeea800ca076ed71f750f6ae6e28c910f7ab598d9,1303,204,1507
6c68825aefcba8615d000677e53a1968dec73ff506a3b2e3f94a700adb09032e,2193,570,2763
9c722d1ff8e52d73799a44317885e6219c8335759d6ead230fd96648ce97d0e9,1822,1979,3801
e56c27cd6bb46a563ae71fb0672487d6c42c110fac843b64e122e3f5d7109d7a,1533,379,1912
78f2649fe3a79aefc922cfa5b773f4b927e7c7a5a517a90ed05fd37fa91b1755,2011,1132,3143
58400135c5b640a55d3c2d1c3d4eed644e1a87dc588882946e1cde3439473879,1040,219,1259
bf2548114007728906228a7309246e88d17cd3b90428559c3a800889baa7c159,1226,445,1671
961a2a4562ac5b5871fdc58d31f992e42693077327a191b48226f24befea9f7c,1660,425,2085
c9afd38f725d3898a73e56c1070a22bcd45adbf0e7143c98328df2041b1851f4,1449,205,1654
9ecd87cd18fd6bb9da774807cd3a9a20b9e39549753bf517320dc2ed7bc3e76b,1181,368,1549
9c8b73a7d73366bcdb70bc73dc0d0c9046e618d3da793d00b82bd038917baae1,1113,205,1318
1c10a980cef60a9bd8c8473dc24fc005aad0241dfa51ed64108b811ff7491c25,1228,206,1434
df6dff5c5000fb412200d2a4cdf15ca6318db02cf3ddb0e367c1dc9700a5094b,1187,297,1484
a638a94bc5aa41b74257c3b1bae37ab591f0e84c5394868da61470430c0abf1e,1015,214,1229
617ac135164bb09fffe66a747d7a53c4c96ceb6c72f91467b0be5ff97e476d78,1302,215,1517
93c2f5ce70a29547cf3562525339a1709d30b13788e295cd47d1a771bf71ead1,1435,210,1645
02d372712fda58fb7648b4808c3c3b10150f22f4461c6bd940d9520724084b15,1613,652,2265
82ccd02eecea6ec49225d1df30176eeb5c5a66d16a87542e3e029949501a1446,1425,531,1956
552f24a1bec56a84bcef76bcc2ba3e33e9d8a81b1a5071606205b37fa3519a05,1919,1235,3154
5c6dc3cbc772ca122cd85b1eefd7ea862340a66eefd5a2606c59800433fc9208,2297,626,2923
88f1a3bee0c8b8f0ef008d4e97ffd5dca9e871cc0eff2b63dbe6ef11b7a868ad,1022,211,1233
c8c6f93379e9991a559b41842e1f38a57d7146ffb1661070c28d62f3edd4dfd0,1281,206,1487
03cfd4ee9dfd98c4f5e82aa079f5501e05420743ba0932634211ba9cdd299e40,1599,287,1886
b653d1c7c1028e1f430b479b95029718bbd57481c963d0bf8065cfe36876afdf,1568,211,1779
7cc0a8e39fd3bdd1f3a6c56137210d165c4f969210c22f00d6138e5fa03aff64,2052,1327,3379
40e6779b6c99f0b9127f8e26e596c8dc6ee5e81358038b5657aeea6352beea13,1313,211,1524
9cbe308c935a5de0e564be04516b74b3ef9cabcdabd2f491b362ed3940b22158,1379,208,1587
8c66d14ff0df3101a6f89b09c0611118f5a6f00d2b3b303e758f4f6df16f833c,2367,1323,3690
fa6242ee72b625ed4ef6e12a323cbeb652223ced72eb5bc4e9f86c654a3a2e61,1092,201,1293
3cb068c559b211f6417939d3929e67b6bdea0aa329cf67ed2332d558e3dc8a1a,1532,477,2009
a37709f5e5773189ab035a143c9e35262c497f294c979122849ac0f223e02d9f,949,203,1152
109cc45889b19af2b48008dfcb331077aae401b1b616d91528a098e466c5e9de,1022,217,1239
50f56fe740f483bb3af25c72e331150b45bcc8937b6fb05a68fcf16b5afcc40f,1397,282,1679
f6422281ef15744d50de3997f2e7183585b2e8e9dbe9b520e90ecc70ea51ec53,2272,1320,3592
3d7e1a418c0e9ccbfcca18dc2323e20400d13c1e19c07f08605e539256828a32,1169,209,1378
0feec8d5e9b5d9398e0f7fc0a839e424865de45aa37a5c2c997d52015fd30a7f,2171,313,2484
bd66242de2684bdea604fac45f98254e9bc9d6cbb23b271b99b8cde9693b7c40,1694,316,2010
526a82da47e4b11f1e65b6c6d539b67ab1dbd7c0b018ea6b55e8cc9dda7c58e0,998,288,1286
461c2b6358201da94714cf9bce7b1c354b9e331e8801feb115d9b8d7dd026c8e,2152,1936,4088
17a3c3beeb25c087e85b8acfd4186616907938e13787f7f9991fb11cea935c29,982,292,1274
b2ae98fa019ebf6dbec7be53a6d3241d3df28b3f58bff919d113696a7f204ccc,1397,611,2008
1b00cef57085818aff6aaea81647af63f3b4f437e1887317436afd9000dac6bd,1492,371,1863
c4c2178e798553af6e440b98784b1baeb4c6a8e69b26ccab2ab327d293a12870,1300,593,1893
864e6b3d005255f04add425fc1e178e81cfb2fb0888bc8169e98cc5b56b06cc1,1417,210,1627
96bd944d7f118b618a593f4b6f7627088ca8caa832a6b4e023fd25b80b4360d1,1323,277,1600
638df934049571430d7dda8e79177de9045ea160d9f8d3b0e81b86f2e259386a,1113,205,1318
8043159a50e5f3605188ad1d6486e1a43fb30b4c20b5d2402c98594864ae6746,1342,282,1624
050ccaa9b490e270782c54a26671e1a0044aab151b1eeb818f63c35169d61fbf,1271,253,1524
e9ea0c0246196fecfb25279bf4cc5acdaec918c0855f8ff79f401a1d0350c13f,2155,898,3053
814c84409e05fca6165a7d7f71c644ef86c31762cd3e702e2f22cd6ee713efbe,1305,137,1442
79aec9f55e06f0fd805cfa5b5a69cdbb558e068696430c2f4d0fe85c2c2e825c,1022,587,1609
be899bf718d4764b2701fc07441f17506e4a297725fac1e172c8393804506a2b,1146,277,1423
016ee5353f13d40aebdc51c1bba1e88e68e8a8c2d4d9d1035023aba6dd1f3e24,1407,373,1780
5f4cb9efb965dc27a5fa938513b15f696f8277fee8e0917594dc2b60a66c398a,1342,282,1624
cf4d3d30ca7cd078d0ea9b23706e3b18cfe0a73de3a9441149e0211006fbe709,1107,219,1326
2620d5be67706fbcb65b5198c7d84fd69fea2f326e992ac1117643270034d637,2310,783,3093
b4d4e3098847ae5bb535a604c646827233942d6239107d438c188880e370fc5f,2189,623,2812
56c98524478d4dea042503fe112a10690482043409f0727d363848fd2311b934,917,208,1125
7b43725f98368803ea166386b01d8ebc075d98a552a20a7a029e6938bedbc0ec,1364,213,1577
157f6e5ffa0a8c002363708bfebfd11552217fcffc780f370a2d8a5ddcae7d47,1274,701,1975
78385d416bf57c63937603bc0d6aeb1816837d3a0c75f4974ffc285c6b248b45,2401,2146,4547
acf63778efb3ba74a843e255de6faeb6752f72d7ea9b907ba4be94e596560e4f,1505,438,1943
64ed7b7fdf35e1cfdaed09279e8286d46723524a7840327fe987485dfc0f2717,1326,204,1530
9d2440fcce7fa5cf136853721a91a4f3664200f2898917dbb2a734647b3e4037,1968,311,2279
956bd7ad35b9745b91c8e2b2c22d221775a63b2da5a33ec60a786e1b7e47b7eb,2346,506,2852
c82faf3829edfa0a6ba5661754bbf8bc67aab4291d2ca26508c085d12cdcca1a,2089,784,2873
a58e0b7ae3ff4892ecaa46486f029b0838c3b8d26657666373c296ee78873b5e,1113,205,1318
5ef0c497ba5d1df1f2615e91047cb540ebfb9f2ce13a0f2bf94000a7cd09c1e2,2391,1460,3851
9e1fd9c846a7492a93ec4f6ebe2684b6f9ef9f6d2d9d783bdc520e52871c3b67,1066,216,1282
6fdba3e47574e2b831c07b57cb0d1ab6c30980483e1483d2327fc1009f4caee1,1175,215,1390
c68380018f577e03a1e43608abb47e480ce5f105e1cb7aa69a74aaeaaec36e8c,1148,280,1428
619cc7328cbaa0ce92656952b4d6b5014c04385022a8aed6adf00028ca3bb0b6,1805,1520,3325
a214327a566ad006dbe1fc8990384875f909afbdc8759178b46fc4adb70a1de8,968,203,1171
646cc2e0f01a76abe0ceb01cc2f90af638062e2f8d31c755214410e99dfe3170,1139,211,1350
6e0edc510ad7be2941798a36bc563d1a083a71e5e490d70612bf5c1df9feff32,1112,219,1331
23444deae1bff325e2fa2030e1d93f20cb713635d44383d006bae0aa5e2150a1,1458,528,1986
5671e946e00b05e7fe7e97f2136b6e125bce9bdc31f3f01e1f48795974455815,1002,210,1212
8f0b605ceb35fe93cf56408ae0a122620ae68e166889250dec340a7a44cb53ff,2065,656,2721
293ab32054687aa151f9ae434fb5e2347c5c6047cd18e42bdb7a6a05f3ea3114,1132,214,1346
d8fefbf04700d80feb3f2e7a020980f9641142525d1caf66f5ba002bd71c371d,1113,205,1318
1544155273f177fdb4ad7e8a4b723d10f6d06484e3b9be37bb36b1052a1aa53f,1456,211,1667
ff19c6ba5b7398c55da87fd457fa67a93eeb927456c306e57127bf6e4804e237,1328,408,1736
a7a0a5d2b8776a6b4ecbbd48fc05f9262f9442fdf6ed0a7ec4b11d1969bc113d,1102,520,1622
14f497c0ae88e0863830f367b9644ad362b8cac005da391c92d195546de9a44b,1123,214,1337
7be844605dcaed036766c0267fc32916dd4c0c8115f3c1911583f4cf2655a1f0,1075,219,1294
a2a1b3bf62133cc4c6e202a84bfb323fd63ba7e7afa1a963e1faf8b3cd09cb3e,1363,368,1731
f8d2e67b752d939bd72def497cd004e81437db5645bf7bb1f68c7e3428d33e14,1173,214,1387
6d44bfbe97be08dc049592308ff8cff7446210686eadd4860e90a0213edf6de0,1466,324,1790
afac61f85f5f4edff1d743fa6121ad0eae0cfd2d4b8ef0fa3ad6278eed2aaf90,1652,338,1990
207a51646305fbaf5ef6d6737935a36d8cc58a9e76fef6796d5070c99d397087,1905,896,2801
d432700a1fd5f71603c67fdf7263b316c43fd79a9d4f87a573e3422e180a46c2,1401,500,1901
af1ccd386245f118064de6cd2c3a56a6e5d3ade6fe08160799effb17be804235,1349,209,1558
25c82670263806116c5b9f78671d95fc57f8bc0a7b703426c7047757d4db59a3,1113,205,1318
130cc9bbc74e8c40952b9a254cd1c0264e97bfe2a7aa1e9674b0175c0924f40c,998,292,1290
37421ba07fa0306784d29ef976086ee2efedd9962cea99b033138f446d01c09e,2037,326,2363
52c0d0d8e33f2b53135040985e56d33bb21cc89095b8702a9dc6d737a135ad2b,2281,564,2845
be6516757545863c966f3656ea29803525e58fb6e0a3244f4d5969dea0ec2415,1734,323,2057
da731b13ac6bac415f34a4944f1e8a31dd4f52e21c7358094649e02a10c6bb14,1665,334,1999
4397ee19d0c80eaad05a927a5f3b2418fa2d89d370fc952cd3a2a3a9c31225fb,1454,210,1664
5780fa329ca1f0f8f7f77f512476ca73b5a5c5d9fa9d7e4732a73a9e1fb2c8a5,1750,315,2065
4ba29020f9ca9e131459aac112a763d3bce62eaf4d0571af612a9949bc149d4e,971,479,1450
d596e82e5c5d1f10241eccd8fdf670b2b9c7a8bd40bc2d5e5bef8171b1f37960,1533,285,1818
bed13bad2b912e911b6732de83ebe924a6931e6917a6971960c1eeaf1e19fb4e,1366,209,1575
b9fd0de6000828b7a024b16aaee448a03488a02c150133689ea0a76b7356ae32,1909,580,2489
ae937b93b9c1950cd558d87b17d5fb465f8739a474854f62ec95647370c68608,2342,1288,3630
5665575e345e1ae6cb8433f7840132c34646f1a6527e072a17c7e1533231b882,2185,1218,3403
0dc35a43c0ae939a495aea0f14ee2b72a4fe5d3b99ae65abef3785dd704aeed8,1439,514,1953
9773dac852a1fc8f84c0c16fe6cf654b53afc09bbba0e9ad37d050d846c82e29,1204,360,1564
fe833d95f37bd2137836c8cad4ba47c2e6e1817bffe783beac0ae52d8eaf2377,1158,207,1365
dfd236f9befd4cb49b64f8f64606b6c5b4fb170ed1e300866dc3a4af45f8ecde,1176,378,1554
9a1c6fed61841b77c19eb4d09a03f12bd4d50c4c9960bb5f17cf2443e3ef5eb5,1448,779,2227
8c6e1f22a9d774c2e816c41b4dbac9f905f7bdfca01aadb7758a73426d8c801c,2292,661,2953
6ad5afa07e59e66e3765ec88e9708fb0daf1d6d8d1f1dea4387f4cf3d0c99785,1148,306,1454
fe1e8aceb05e6e7731287082d87b1bafa3c2555c822098fdc7cc7b502a1b42a5,2319,332,2651
f9fda23283819aa4ea08239bdde8474bcde2d8acdbc5acd8a8d9a1b89b3ceb6b,2224,318,2542
927c9466a46a3ca95d044f65b5d4936a6a140aeaf4724c3146fb996ca3241ef7,1113,205,1318
b6e82fc3c4508513ebe565bcef29f4fb22d1daf497a20bca95e5bdfcb37ca7bc,1456,210,1666
501b5848deeeb3588419c52fb48d4cac5bd6532033e4215f28afb46fca7e3461,983,204,1187
4d5c60489f34572b0571d1e1332b31699e08c3a46a5225461f3889f0f9f7cda6,1166,205,1371
d52b8bee881fa001c06894f4e1bc3392a6f2f8a878a01a24c58fb888a463e5a2,1932,1507,3439
98c3c821599394eb0a189fda91509c4bf42d3f0cd591c362f7bfa4eb2cc713ad,1024,259,1283
ea129840ba27c5eaa7957c02a7ad319b74a1ecbd58c28c948d15cdfee8f54ba0,1125,287,1412
7b0efb55b056aea964b1ad52c4ab892d427c1668b6c12477188169be7dbbc3de,1425,215,1640
a0d51730ecfd6bddeb96b25dbc11c772b113f59274dc901d4d1b2d0e6ddf89b4,1496,282,1778
f3c71a66c7dd13f6b7eef29727d86b20f857614e45ab1f91df0dae8eb9e6f6cc,1279,211,1490
ff94a408e2facad2369ea2ae632d96b3cfe3ca42acebf4d0abab1b415452ae43,2297,1364,3661
c862edd77d7f5953bd51cf0bb693c155a11f3fc274bef184dbeeb0529420f385,1337,210,1547
482a0fa0882ea9954e50c735c5448273252f53576368b466753a646c86c9e36e,2444,679,3123
c0000eb2915eefe6ecc76f084e92fc88bfd75ba1b4bc3e31a16352e4d3e6946e,2025,540,2565
d118bfb0caf0ce30a151f5cb0f778b4929c4aee43cec4b8ab9d45576dc18df1e,1257,210,1467
84c9c91360abbf526d923c3847d9d87c02bb398c1426dbe6cf435b50709a95fc,1822,2315,4137
67ade45de23d040e37dad154c17ec64e03bf4001d9742d3cb46736e00ddacafb,1221,286,1507
3d3aed285ba404fbe2e5ed346a50c250017ab481ad897f19cb1e4096313ce192,1083,199,1282
7ea8193b1f57888d88ea634805723622e442e274ebad5362673406ba0f461a34,2401,1262,3663
33fba90b6df3c63b7f6e4ca2d881284f821962f628cb2738ced10f19817f8269,1594,200,1794
45317c6b68ed37ff70049297fb198f0522c7fa6cef09ea2f9b16beac06b7cc95,1101,211,1312
2728023ca3480be166405fd2d0d3584b393508f5a9db46e3856f310b8dbb0351,1441,512,1953
2ff87ddd835eeb6f8d0f00b7c38feec4471e2fdf47c32af6bc965aeedda68162,1112,206,1318
7e273c10f4fb71448d8828033ea9f62c1122be01a6a59d43e56618f7db83b744,1569,203,1772
cdbdc00ab1c442945812fee7ab64af18d3df321f30121989f48309cb054235d2,2203,1649,3852
1badf51e467df0f38e6915202f30500013797a85cf33328dd53f6bdb97920d90,2073,473,2546
1b9e1e4a50ce9f25799931f59f8dbec556abf203f7d1d24420aab45a687f543a,2130,342,2472
34c24087a8a8e398b08d4f54eb889f0c83758878df0b49a428adfec7823b2383,1146,204,1350
6be3451d89578b60148eaf40985b4992010410f8bfc83437757dfb1a4cd8bac6,1014,292,1306
efa3b09c210e85dabbff3d5feeb098ebf949259163e5ea1d23e027fec6d5a7dd,1627,313,1940
4dbc639b2da2bc5a6d2bde6037e3afa318c29b928a600c99813f70919cf3738b,1326,210,1536
8ac037ad0ea7a3d7fb73f92e348f4d7999308f8e38558f8f038012c41d965a8d,936,210,1146
ffb4f028340a039b70164070485f6644acda1ec8f542ab11c7587def95cd8dd7,1857,319,2176
8eaf3fc33f9f7346bd572221cf1ccb566d8d89eb8a491145379f00444a2b23cf,1396,202,1598
2ce5ee7aad05b9dcf84d4deaf1fdaed454096c5957e68d27304a1cbac2bcc4db,1440,657,2097
d56a13d6c15ea746832701eff8d71e9d334a7dad81914213b1ec752fa9ccb94c,1118,212,1330
00748402b7f4ba9d560ef2804a30117fba2ae47b97ebc88f03f4548afeb530e1,1270,239,1509
ca930b2d995f12886c75e844a540a98b9d779068b0d5e005ac1122557c9a01af,1362,293,1655
c4348c84b5859a0912182c003a4f9b6d6357557c7effa30fca9a84e8a60dfd14,1234,210,1444
629b7ccf751e3225f4b1fe570e17dd19cf2cfb8b67dfa05e4565d321e730fde5,1148,212,1360
eec0e0a1b9eba1086db5b49e92c1c4b6acc2063e95e991d8550eb401c59090ae,1700,549,2249
7f57ea84b9460c498489caa4995860be9ec6de58637c102c67061391d9ae72ef,1585,358,1943
f292abd83e1b9ffb92c796999ef734e2a0b725ec629565c7c4a4e2143ba8d6ce,1207,210,1417
efa1073434792bbdfeb18fbb91e915ed942c9b74c184f2e3afeb4a5c97491583,1034,210,1244
dadd0a50f63a3b13ff32af12262933b30a6c93063b8420563ebb5f396206b45d,994,212,1206
83cf5876eef3f6de805032b69688b53bf42323c174b36555255732a27ff5345c,1138,212,1350
3e97a85d89b15a55b71e8c750c750c7724b207c741aa0cc01da3a8e74fa26637,1113,205,1318
3ccfd0bfbc4848d6168931d5cbd052afa370ea3760cde0c2ad93815cc5ee7a08,1263,216,1479
65f5ca4875c9ae3dac30e3df9e1e231b201f30eab83a18efbe087d7c22664d3d,1083,214,1297
dd1996d55ec8da28a360617168d9af1bcec2434952307753c547bb1661453fc7,1246,210,1456
f5e01e84deade3a216bdcb74a6b3e8ded9cd923a28f588470982c7c2debf41aa,1003,216,1219
3c11acd2cf11333eb70ce1fe7a68b169488d849810d777342f1d76cefbe1488e,1048,204,1252
3db0976fa65d3b6d4c6a83beff4b45583d08904d1cea3ace5c01d150e0922b3b,1457,210,1667
6eea79f6019e3ebecc3a4dff80448bbbe4808616becfd666a2a4e5add6ca672d,2150,314,2464
648f58c3d95faa9aef426ecb04fa001ffcb80b0f086289af2f51b5a618431f4c,1105,301,1406
db831be03a3db7a785ac3b0bd9f6dba37f4cd04550669128adc91d82a8eca46f,1054,441,1495
6ed48fe50260e1cf36dc06a26e4351bf05fff4e668dcd18b6f665e565b4c082c,1195,207,1402
ff686608d7e14885f58e96ed1bf6ed83e75224bd583efa024a5e27185d96f529,1177,314,1491
7e6d492005e2ec5c621d60eec305c1e8b0df56909e536ff4c04e0e162f07664d,1277,215,1492
bcf30d2e8665ca46bb751b81d53e3c397ce0326b5f592c7cee34230b23a559ec,1741,886,2627
7b489b831aeed1ffc28a9008f3d155635455823968f3226b3616d69e84b94f9f,1483,428,1911
8e86cf9490a3e4f31bfcd8918f1465a19bc2780b749eda805f3ae6dac11d34e5,1162,397,1559
66875a1d9ad4e4ba66927a6aadbedec61c7cc692ada1d1cbe7e333fea7603771,1202,215,1417
834c3ebba2261d55554f9c3c3e59e3b422e94106b0134e0c944d2f2d445e05e6,1352,293,1645
dc588f6cf1b574c24c33985d0b53df4c226d5d4d89bb5b8c85058f47fc8e1673,1402,297,1699
762d0dedd037e275cc5123570f9106da33e1486de78e67a65c617384c014e54f,2296,1457,3753
b22a6f6bb4d84c2aa68c39ba81ace37445ce40555671306625e688fd940662b4,2192,498,2690
32a4be0a2838c59a90db79ba85de5b09ff14e3260e3ecbc5cc4406c83ed3a053,1017,212,1229
611b807e6dfe46f7df43784dd3d014b2ea6f65579cec0ab66f9326642e79b09c,1318,213,1531
624f5f704b996b67b47123474c6abb4b2ff384194ef18c197d5f61ca8f757b92,2241,847,3088
6d653894d1794372909811434ed647805ad4bb4464f093f4170f1cbddfb43aae,2150,562,2712
d152df96387a30f1b49910efde82da5ae2a93a1842ff1503a4479d0c8f932029,1383,608,1991
ea00579b5e146e59676959f32c21d2c3434741cac95add87e00be143e848ddd7,1236,222,1458
7edcee75ef4f7a61aa42fcb10977e3ad56770c8ca57337e001e2bc0fe89734f8,1395,605,2000
1fa0f3013b4be971b3a80021cb765d4fe7bd499f4a66c58f270eccf0010673d5,1042,199,1241
6e5f522ec2fc56b4a59405b68ba653c64fec0da4ce3f1784a3836a76d6e33074,1113,205,1318
b1233b2cf379d975201d8f44fe5f2153ed12742f42b5f55a2479c1ff567cb738,1108,212,1320
0b2a83de3223a81d2ad7846f0bf139855f44300907b1d944dc12f249fc4056e4,916,213,1129
9cb0bf0fa4ca737bc386a582ef0b9ca9f640d724740210d2ce00d07a6ee70439,2082,544,2626
197c46409f9704c297635d2abe07b34fe03360c9bc340d82963a93442516efda,1035,212,1247
b080aa154674882d6793be697e6970072a3a83fe7f508a243a4f42b200df67f6,1184,211,1395
387a76175770219ca5657ac86214137b8bf983e4507fdb58e71af44d6fd3dedb,1307,232,1539
e7d271f3a9634739d35fd117660a819b05f1f93a3bf07759fcb92d8a267b2477,1339,209,1548
069939c7ea4e8a6c8dfb9ab1a7cfb8728f2a37cde14cef7bec216baca4316441,1784,309,2093
90dfc63d468368575fb9cf1066b2c39bfd61307ed5c0263be655d13df41e7450,994,209,1203
fe01bfbcc215f77cf8cdc1a50ebe1499657cc0ab9844123dfed4d08f3f67d5ec,945,214,1159
e7fe189e2b0e68fbc97ccb6f43970665a1dabd7c0626e10a4e434496818d4987,954,207,1161
ef62c348be999960758ffca228020c5718706259d6e83ff9a3013357d448526f,1495,252,1747
a31aa7de5b1d6207505caa1c662053c08914d1484907c31ee8511b077ba84fa0,2176,550,2726
afffc6c194551ab2ecae559f9ea2dba9310fe2e1ce022b6bc90b95b7caee1dc7,1104,205,1309
934aec319288d5df2af3287d451479cb640929fb25a6385d2a1cf112c36ec18c,1133,213,1346
5f733404357fc964ee219941b69238a435aebfcd1b58961525d09b6161c29e35,1312,213,1525
c7f012940e0e09bb647ff3ffd5690230c0f0c908c8d96c0464271a4a9e2cca99,1121,210,1331
4f977fb762e4ca93942f79992b184cc0309182d3fcefcc40ac600eed899829ee,1902,540,2442
af3ab54159cd4c659222a20a4330deaee5328470f67e7a40ea28aaa019fc0d2b,2060,310,2370
312eb0178144871ca1171a86cfc249b27d125f2601f9d45630378055eeb1f323,2179,336,2515
207a2575c73e289bba3204fdbc504848996e236bee130e08afd346de9d6a40ab,1551,207,1758
67140805e4746cf8f8aaa1e06dc83b3836f48b3e1f913b3d00173e19bc0cc255,1623,324,1947
1a366a9f8bc838d42f24cf56aef6651030d00fc15c30c9bae20f46fff4caa93e,1558,289,1847
fc7965ea669cc51053f81d4b0cfc7e26a934989cb23f0ae62cdfc05384b0a814,1144,214,1358
16f0fac95a6d7f65393b3ef76039b70e93574ca54c7a184fe5389e9c0942d8cf,1453,210,1663
7d4ac694dd9cbd132a2109f8d791779a669aed1e6a6655546a6d42fa7a219644,1086,208,1294
6a112756c6f02a909ec9e14815d9e37199c3c1b0d0d714e8d98c0f1b8b826b7b,1308,217,1525
527f90609bc46ea36e1dc18f7b75c8ba0a42145da1760c850264f1384f65850c,1830,311,2141
4c864816e9629b220058f0d5166d38f78640636e1df965ba3660a291f31c237e,1041,281,1322
30316de401f29b64666b3b650d7cbc1e34cdda04c29287309ad4f441f5545700,1113,205,1318
a57ae49f7b9734573c4e80ec2bd31f6222065b46be5a55272ebe0995a35812a4,1825,318,2143
d08f461545c9d8f6c3eefaa00c3a48bcee6d666526b6540bf6c5ff64008e1bbc,1668,668,2336
48d6c3b9b18f546afe05bcb2e0c9b14c6cf171e7c662ddd2b8733abe7df5a770,1113,205,1318
50dcc2adfd19e1403cad0866da1ceef9a5b3e7552f4afb1c59e1d12567a08930,2220,669,2889
b9bf1ab219c5f9a07d9eac36e1569377797864b955dd214f9b05a5f244eea85c,2351,1671,4022
6403d67a5f1bfbdb93ac3ec6fc7f023639d7f60cc122c263c079b5916d6f31c2,1414,381,1795
246c4da4dada4eecdd3065011a3a0da27225d43dcba0d90bb555973f9d97d688,1238,363,1601
17a44f111efb6258f20d10c8a5c39933d6fe8f2cd27e56b095e9d44c7214ec66,2254,1117,3371
113fa2ea5bf87cae2497cc9d2c68d36088e1bdcde61bfaa06bae6d3c6be66f17,1144,204,1348
1d905d7ec55ece6c3659554f9b8f3eb46834fcdb7382939fe710006a040cbf85,1517,291,1808
9d29ec12006ba5c7d45a37d979bb564016c08a489aa9f356e355bb20a0579358,1456,210,1666
315787175eb8f66658b22fa6e19d7930ff800ff3cbf840909c89102e908b9456,1533,286,1819
b288867ea3d8f96dba93fe04b000da45edd6e691ded7be17a8e12a27060d3fa8,1182,314,1496
674fbe44f7a6606ef63637e591ad87da0e944b3ab3b47249682652659adbea01,2413,1136,3549
c9b3523f08b03e80088ed9f42b4aa286f13a036477923fb879fb9a031c184c97,1191,228,1419
2052b1bedcec84c1a62a4892f502c58c655940ea29cf4c522feda106972de390,1621,315,1936
9f35418d34479d30abd15ab90b0088070b5a2ad2258f9bd3cf1e95aa609c9626,1113,205,1318
523e76fa12a36258a64c6810929e7178128b07359a364dcb763c0fc56b153070,1122,208,1330
18f2c06f8a8539d4cb11ed737306965dfbadda3cb1ec6f96ad73d875f69ace11,1342,200,1542
849705d55cca348de5d2e915f2c41fdb210ff8bcf31855df65c6f2bd4b3d8546,1347,372,1719
95557fc31d183251c60fe58e5ad0fd9e7ff2419ed511d3c405e806cf11cf1a41,990,316,1306
1cfa5f863fc51d8fb50bc57501ff707fd072e24c13a95ce6a899423d59d313e7,1534,277,1811
cf91adb803b97a90cf7f0c66fd9d2a4ff0a2239ab7f60f4c35a39cc12c21cf5f,1432,526,1958
7c8f16b09a2d3417754e898ca3a4b9f87aab1301506a9598119797962766f6db,1002,282,1284
83f35d26087e22694d161d1cc6d02d5956f7b951987fa240edf01f6d21e27993,2396,1147,3543
a1c2bbea1156dc3eb5e42c366c3ef8be8a821b7a65a6dc5b1d248583168de4d8,985,217,1202
9b83a41d704371e7b42357cc2e13bd73679bad8af4f9765070e6a6983a50d8ea,1275,208,1483
2c118722d09468f2eb529633cb1e78ede24d679f0ec305f20c90e09f81d32aa4,1255,296,1551
dff2443cb2eace688f4afd96e294c8fd01db4c2d0ddeb1e6ae48824201d2de75,1717,318,2035
8a7dac9b6abbf1106c7116941322906759acc3e6894acab89e56b7d5587b0fe5,1276,220,1496
dfaf601ea5c6e2d32631475ce68f36ae8539d56d77e7f19b665d70eafe0d016b,1113,204,1317
fd8fceaee778e7a42b7ded207ba3dce0c75a4c2d1d1117bf93500adcbbde201d,945,205,1150
fe03fbb237dcf225ed7c4119d1699bacf6401ce79121119a6413ee210658c4e6,2173,1044,3217
e131af90070a365c9b4861a00c43428d7f6e83bec77d73e1ff24108b21bafdd4,1185,300,1485
7dc9f3a229812180f7fe6c0345c9ee094654df09cee575342daf56b5f1d8cc79,1094,203,1297
6b959496831d3ae3ce70859027d1745253b3f4f631e63df7ce4dbc206093e760,1576,204,1780
49f3d03d291c228b1a912f84781e026e7e11284c04d6f946af5c9630c55eed03,1022,227,1249
542ab384c45fe299a2f6251d135bcb9bb298d9d204a3570c7ecf9eed0eec920e,1113,205,1318
b74b9f16388062c0d9a7a9e355ae1058222d835c0a1edd0e2065bb29a565a508,954,208,1162
d3dfb363f7b2cbc82b6efa365f1d1634294273aa1c4a9c089f3dd077c01dd351,1049,203,1252
53137b6d9c785cea0106f16f5afefa4ca959b8bee4c3184f7d577a9c22aa09f7,1253,205,1458
182e886a29b3a3c3946758fcea7454a88e7c12974118b09b06f9d7390dfd8c21,1462,209,1671
888c0554753656711e21ba63059c5f9471c0964e5efa3eae1ad0f96cb91e8801,1229,381,1610
c5ebb472163818b94794c7091a26f7fb6792e8e992761ed3ace869c0542992ec,1590,345,1935
090ad454c84ca32b091d72e4cf4bd7d84522afb21f5bcd7bad6354a332e78740,1103,206,1309
0712ff38d640b2b7ac657d327c8da13a84dee1c923aa7fd8dfd109103ce5a119,1274,326,1600
3bb8d1f359e4e444e17604bd24b02af61439d5e799d391ae941de5b41e6048f6,1060,200,1260
62e5a83614a4947a64530f7af97b9acf97ba53028de5ee5ef7fd2cb1780ded8b,1510,207,1717
a8d343e31510666497b883e449928bf19914c70130e61624602e070aa5813243,1043,213,1256
133f0fd29f31ded0d5b0187842a6a5e92f70b3ca8c39f720ee47f0934828ec56,1607,358,1965
8dea86ed50ad4ca1d1026a3cc762c7a2d40d2aa8ce0b7e10a20bbc2b883bdc30,1113,205,1318
723288b4256af247639caa3ab17cb54da0a849c4f3493c53fc74effd2105a04d,1421,927,2348
aec51e4505d24dcb6acba5ffb4ed800324f58365863f73fd40bf3cfa54165d62,1732,543,2275
9ea6312fabc2739d9201ffe907e6bfaec9c5daa3c0549a5715d578beef89b904,1500,420,1920
157dc87d06231dbcc0e324afc66695c63a2927a087205fb58687449a430da95b,899,208,1107
99f5d162524b175bde191869a599df55018de1c57ce7d6d8c9269ac45b450c35,1907,437,2344
7c0228ea5aa82984f26db705bc40b2be3f2c923e92e406e725f94b23193ba85d,1738,321,2059
533022bb2fb84fb921b5d3892608e34f3a87a0df31fc24f61ddebd57cedb1bf8,1779,676,2455
1d38a803dc93c0ca41d66cb80f23158008fe75777ba03a1dca75863a800cfe20,919,205,1124
1b57e32e161abaae08fa877564305b634678babc90f38368a392deb6efb3a941,1165,219,1384
1590c14fd93609619d3acc3068781b5561e3c0a5f794cb8628606dcc622a6ae1,1113,205,1318
7788d71dda5a6b19fd8d18bde44a34059b9db0dad403bc90aa6deeaf711a18f4,1109,279,1388
fddf5fca3b35df4733de7b5d505d8b64d26e7d97e134970f7564f22ae5f96e8a,2219,435,2654
aa6e7685963f580154e90230ae1ef73c3d90e74d40ea02bc82925ec2a036dad3,1460,708,2168
cba3db19a7d52f60b089185dc4fad19476ef5d17d303fec8243496e78b904bf2,1040,211,1251
960434d7ab04c7ce8b03d08174ea74516507d8be20ddc497c191b5b35d1d7cc8,1039,214,1253
2696590aa5b57edcd822d82973efd343c038c918db39b9caab68a465b7f7fb1c,957,286,1243
74749d071caba98d93f11fbd4e068a3d783ef6c1a48568ed46453fc74806daa0,1139,750,1889
08b5410775f79c1dd03f56351566635bba0bf4b54ca24cbb6a1f9011a612e7e3,2155,1124,3279
acf32e1240c1328317b86e9f217da255a9a9ce902f91eecdc6d318123e533f20,1453,209,1662
b34fcee4254b3d164dcedcc517f812588f15a73d3f3cc5127a7c990b0f1b0971,2253,435,2688
937da0917e03c25b1794a6b2f1a69144ba59668cf4603ceab335a3f8e97dfaf4,1218,405,1623
130dca2c4a403d8141a8f6f3fb7e07af710c306eb4a096b04d9ed7bc8b4ede10,1486,430,1916
d3281691d3c96dd9d20a2a3d6895c619d4c6d44c404ca08cde5d6a62d078fc60,2202,542,2744
05fe1e28c5a30b8bd9765c4ae69b6a98f6627253e9054e91acaa43a75ea3fce3,1138,202,1340
d19698e2b9236d74dd8a2317eb7b4ff8cbc22ee8f62b6803947604748bbe9688,1113,205,1318
3e2c37e0a2c1df0ee73a604b4e294f1595e28b8375cc71438043ce214a0e891a,1539,1180,2719
76aff251c296db158cb938ebfb8eaf552a580a13d7ab756cf001fa34efda0629,925,218,1143
eb51ab4a8bd45709381630a75b57da016964e83103d9a5d76fed6fb73aed45a6,1456,210,1666
da956b151bfbed7665bbc54ae50ddd8bf5cfd1960279b1bb506b3444317d4f20,1793,1471,3264
91d350afae13be071a58fe6ea3416165fb53c44a5ebf38edecae4077c84e9f28,1393,448,1841
c73c1f1b466daa844af74ab32b54c452b8a6429e46a29e35a289854d9f555551,1020,300,1320
9765a2851acff0724d96f8d22f32866f54d4ff1d86fe4cc6b04d0c259c4c3a93,940,204,1144
d49a066ee5233d7348b81045c907e00dc2925beebe04da7f56149e1ca8d562e5,2149,446,2595
cd5ba4f9589a995fec6f7d1879d17d0b7f476d147a8b744d07ab3856ef4ce3a7,1629,536,2165
169bc2207c418421eadaee4747a0e0f663598f5bf915d95c729fbdf448aa9175,1601,207,1808
245d4b782d87353266a50a7b7d8199685f26b1905ab50ea684a11b105bf4d4c0,2049,425,2474
25cd564390508dd7991587cafd1e58e93456c22e7a130b6a6c5bc2fd2c152940,1291,220,1511
724abf31021d2374d0153cd5ab70889ed2c216b01ebc570c4801aeed75db6ff6,1019,219,1238
606fd4b06c624d722a516d41e0f587ee36b9b62abd007c3c0f56eb0472a81ea1,1450,625,2075
5a0d38a66b41b804920c54631b7da6033922bba876763659fbfcb2cced660134,1713,1106,2819
a1f25218fc17e3e12a70cf1b0f1e04b04c522ecb83086012bc64aa5c8b408f3a,1131,203,1334
5029091e79fa713ecd9eb0ed1f7eb9c7180e72c89ba3440173dc38cbd9df87d6,1149,203,1352
3f91500dc163c0933e2a7fcc0e2eb0b225ba05584043e97eb21de59ce6b76c49,1040,205,1245
0e58026e5e90d0e533b61939dd616404a78213f322cb28e5e24100f95af01004,1101,368,1469
06f88e4bd9e2d92711cf28256e394d14b206f0e416e7b2eebf73c74e88bf430d,1265,212,1477
cade631fa320470562644742577a1c7568f0dd5c2350c717ea38f404c479c589,1113,205,1318
a36be81116877e1adbf6aef23493f210105b667ac77198120054c7775f8c9bf1,1146,139,1285
87e9dd07c124e1c10048e765d791d4a55b993e298dce33b53d1694fc4cf65267,1117,204,1321
223b5cb9a744d12669fd6ddbc398da46ace3bdecef18a4c99113ffe3930d26f1,1394,204,1598
a61210a62c9bd48b7130c2d95782369a7f3fba6a95d38f9e9c972b64d8a80cca,1906,912,2818
a142caf8b591e4b489baa5d35c95431b3d4181d757ab6aaece33acba56200fbe,1064,208,1272
c2639b0b02abacd2f59e8fea453e026ec980c7b465d0c37b551d4a48028d6a1d,1297,207,1504
4cde07a03fffc20096fc1208d4832d579219bccc9321cbb7fa11960da8803c0b,1115,209,1324
7f0f136c2543042e105ade9382a217e06bf41f2ac90d81694111941f0ef59008,1376,205,1581
7b78c6f59e3b390ab15223b3cd1b2bd2a8e889c691a1fed8157be2bb5e40310e,2379,1429,3808
07d512554bdc2ef27201ae457fd59b1b691f8370f303f6ddf0d8e0ab77d90bdd,1508,428,1936
1f3ba9011eebda50b94e7f98c1f9e2089fd072511ffad765acba383fdd9234aa,879,287,1166
cd5d01ddf12ab0967f46e0e903425a2b981fb05d7ae50946bedfae1a0c019cb9,2048,312,2360
eb52c97ae1688a6a89b17a6f4155ceb09891c75e13ab5a131e0cd2b6163eccb0,1156,202,1358
89f733a7d87087eab14703cef8133921e1748d13f29e2d42ba0f24ff300fad5d,2372,2553,4925
95d35381db214a027b6ae3384881ac33206753998a956d3a95d68932620a5310,1275,205,1480
499339eaa3cf145f605db3cfff0a2d9d1677f850e8a73db2daa713df4a139626,2070,1607,3677
776dac60739cc7e59a053749f4311654851db8668d68f916c0a4a6048711b26f,1205,446,1651
51dad40f78919134feed33167335789478088986c0fb28c8d236a02ba4d5d5dc,1877,310,2187
de9ef45467d440051f304ae6d4074f1612735c497ef50618b8746e281ef333c7,1563,456,2019
f078b70f52b10682a7605892216f5fdfcb01f86a1af7502a4e0ada18a7dbd3d2,1618,322,1940
dee7758e919907c1d9bfa46e1036cab180bfa0014b340a12534f3f41ef8d2364,1017,134,1151
83288749dd21f427cf30e7c0bdaf89b105a80c4196a530d605dd39c801693496,2082,660,2742
04184a85b815fbeb7cb16420f6a140bcba30796013df7c96d08031e4f8a7ca0b,1039,213,1252
a5d0e0de837e53fbb2740c484a07449af37dc11d263d9ac99ea6e5f22abf2468,1067,567,1634
47ba5267c7a9cb477e54fd136cbd069453ab4ef9c991c6ec0e6734fb7a02e083,1882,1377,3259
09c850a38ee35a7677067dcb63f9389ad5b36ead5b1e8ba2414425d2b31795f3,1355,204,1559
cc88b4c5d55d2594c72e70564716d0fd2ef6b033954c4efaff937692560f3ad8,1626,317,1943
2641a62189d028a7ff833406b48b10e92efc60b1038d3db97871c259cce0b1b7,1456,210,1666
69bec93ec4eebcda427a819fcef0a2d384c6aa6deca2805b27f39bd003b838f7,1204,134,1338
b44d392831b76f25e035e9431b2e6e6c08e2db255257a0c00848074e5a63fd9b,1300,1008,2308
02d012d94e2307f15aa809e94dad3e965ad2c83590b602324c03e38476effbfe,2060,680,2740
802b81122c47f48338b9f1c824db1d1facbdd8a571fe71faf7687559a4ea7cda,894,214,1108
45a4872d104c5ad5646a204418a518457e23eafe1fbebfc82afeefebc07da466,1000,289,1289
170356c0b069ca98235ebdd7c1c3199324e2a20d3f02e9e0484c43d557d15d79,1113,205,1318
b166d947ce55a66788235ee8f7af7db5cff492bbb4fc6de6bec3cbac4c0fec85,1276,202,1478
7750a528ef399dc77f96063e869d96344b076028de10155c15d212c3b6ec5b3b,1688,314,2002
b99cb54b9bea6d3d0a5b42f915b6ea186930ae63a33826fe00b58d4f7cba43aa,1789,311,2100
cfbb03e50ab2a413737c8bdcf1ed3df64bdffb5b595a0c7bd569bb83eed8fbb8,1412,583,1995
b5571585e7f19a2a92c87b1db5bfec041912fa9bba9de2b53f1be3ed81bde70a,1130,200,1330
31fb2f02c76f3c285febcc19db2774012e5a29072ec4be48df0fa279c11801b7,890,222,1112
b7499babcaafaffca7e82fe7f5a0f7744d53136d8e9db222a2b0c8b2d408fb44,1075,207,1282
8df3108f66b838d728bc4704a54cfe280551ac7d1382df5419f14881ddc85db9,1163,656,1819
0abe11b4b33fc10bf3af74d21505e6ece885d6c3b178875bb7859149c21fff63,2122,953,3075
00209d7e724417a0588b31bcf8155da949a01e7462bd91188e42b1ab98aa55dc,1096,452,1548
17756fdcf4c67914afb69bc672dd155c6e17613806ebdcac7b924ec6248a4b1f,1544,217,1761
2e0b72366696491c0ed6c2100598edc3ff763b2c00f06bd52a77027ace302c80,1201,657,1858
b17c555bd609d22ec94d42356a3e0290e5d67e736d82a99c2c96369a26447380,1531,213,1744
aca9043a2d3f4d22dbbb9275eef3c3961ea56bd77cec3733b126c629895de738,1113,205,1318
6764cd4358db36e4273886b56e60f42a10ea26ac0c5df8ee5f9ad1363c6e2be3,1684,1193,2877
5982e3b2fdf5b52cd7fbf2d2836ee683cab1fa785eaaf399b66b4e0e93d7e4b3,1367,210,1577
c0c219223146cbb6b82413b2c44058d14d981049043dc281ca966cd9db40de67,1230,238,1468
5dbffbf20290597937c44abf1624fd9c36a752caa5974ba301bdcb3cb921aebb,1406,202,1608
2320697862be384fd7c8cd91a07dd527bec53d90f262875ddb8c67c9f52a3a3a,2091,442,2533
325edc8fac835e04bfb1b586830aa83c5062e23c45c1e9ba24a9fc3398507cb8,1048,211,1259
7aa0478f5f35b779e51523836fa3f2286f0bb51d75ce7815483e03d3e4213a21,1287,220,1507
e8c5305bf2f678fccf0495dac041c723f31c3622b796be0173ff40e7c833ae40,958,132,1090
df7d3117f2e1e147f01e6223544495fe6f2332926fe257e652637dd33ca50720,1146,280,1426
8896551fc4ca8027ec02146aff2aa333d997e4cd57e4f50c0458bbf52cc32f62,1113,205,1318
a080077e8d70ba09a47653c04899801ef2298dbb9af912d43e448f2715ac7630,1216,625,1841
4191ac41aa1fcdc5b347c5cda210bcc21902f8d66072431a07a76be626e90adc,2172,429,2601
a4825d2af1f5b8766f0fb37d665a34bf4c77c8c86a29ed4a86089ca4d58de83a,1099,204,1303
ee5948dd49c228a2094fd1498e8f46acb36fd885c2354ce25131991b0e3c04f5,1124,208,1332
869b834fc81ed6a12227e4d6ffb2cbe66a256fd95460403daeb080fc523b008a,955,211,1166
374a69b198217df7853c76eb37600856a5ed7efafd2b28fcdd461caa6e5a4388,2014,555,2569
4671565f156bd674840e6683fa82761880e14bea02c279f6fe7c114e2d7fea9d,1773,307,2080
718c885b4de1c311ffdec72a4d6da2e2d7e42ddcf059fb4210a55386b2975b26,1254,216,1470
e6db98a2641d6a7f806bbfb88120565b719beab3c91d9a64fb4470704f625167,2235,1433,3668
231dfe5e82b767399104ecc2df0c9455930084432cdf46ff8eab7ef17ed3c5c8,1181,777,1958
f5b30dca8c9bb3c22cb5d821b86db383ef9a8deab0ce13d3aa2e92323f6bee1a,1019,210,1229
defec26fe3a28bfe4442a17052ed02133f9ec41bea6ccc5e19dae609ce2c965f,2030,1144,3174
b87d4c183374ab8c19f4b439d286671e7151dbd06083ff740dc11922065ca880,1565,282,1847
c288c48b5dabc1e4566a19500f29dca9c90fb63e52ca57a5a1923357d8361167,1177,365,1542
8fac5057cc843ffd1350dc3a6168138ddfb42250f51168db37674431ba35ee91,1574,414,1988
6f6e28c1d6c5155913e35bdaff7a1f02a2611cb9de983580457189b943aa294d,1150,207,1357
3db1eaa349d709418ff7aabbba55f3e3937d7cebfa351f8f10ded880c76b3167,1113,205,1318
c32a62add921354882be1880d40a814433aa20ad77183d8427a86fb51b1380d8,1582,374,1956
405ed4ad35667027be8ea5d3fdae4dd982e3087e7ab48ae5f80b982bf1f779a5,1203,208,1411
3503126894f87042872843d93db25b09e38ad1c52e634fd16b7e38439da5b789,1288,364,1652
e476d035b83c0cc78647890db432e902c25f9c7ed241cb83672028ef433fe429,1353,602,1955
d759fca380cf450c488957ed70f76d8cbe2f7e92992dd25c3c58d1af6deda2d7,1848,1466,3314
d900a64d9b86c1a8b5a21c9897e4046f3bb6b8f9d4fe8c1a0c16fdfcabc11a84,1336,213,1549
092bab93f8a6356ee8301e6d3afc70d28cbc59b6e479dc7e538833dd53b58c69,1186,212,1398
c1f54728fe89661aa30a2a85dd8becfd208aae615cc7b12adc2fb9053f61b319,2099,320,2419
694ecbe8ef25147d0dba13355687a1dc248466206b6b57d1da8a351592fc6c13,1199,127,1326
9ae9496ac24e37629446ceb4b7076ca5abc3cefe302e9cc3a2ff39e6883dc57c,1568,210,1778
47b331e4a0b3132abef539be6541e63d4b09ef20d9d806849575bf84ef462b76,1192,453,1645
1c53c9533caaf1597e8b3124318a9a3e5b76cc2b0121339ab2aa4d17176f9081,1186,208,1394
4ae30ef98fb3007cc73dfe969f64c5476731d51d7324971297a985abc09fb8b6,1709,322,2031
6eff13462327646515ab8abfbab94c941961df9bd6df368e64a783b6c2d1c7f6,1415,580,1995
e0124a103382fb3d34730f2bf3facaf43f94995ae522e80be621f8175ab529fe,890,212,1102
c4c3bea395a1d319ef6450935ad5e6de8fa6882fd4cbace4301aa955478d1440,1449,218,1667
480fe96887e16f2bf143ba8b58570c176d555ec09cb3412741dafc2d3955a35e,1221,314,1535
4bbb13bf962203b9408bdb4290fb587530ce274b904bb566e5a45604bde815f7,1192,205,1397
2c4a7f2eff0b2b441912d80c6ca50b8b7725766fc25ce969d1f5df7046168d49,1246,869,2115
4edc4ba0378090c9a449bcbef239d459d3d72d64b33f65a2ca6cfaeaaaddefca,2179,896,3075
f550f16efb11a06baaa2b83546b122adaec98a8dc78149790ef3a1881e5505dc,2188,656,2844
d91d3ae3d7bd555678553fe3a07f707cc4a2698587e1361a9c4bde452452e750,2301,1146,3447
2f656f3bf9b0082c58d7c223b1d86e1d0811db2600fb12cb40a680355931a95f,1353,430,1783
6f525615656e0fc603fef37b7105837b1247a9d4da9c838ff56c7e510c5a8428,1420,862,2282
587262b997178c81a183a88e4fd5d7c24f2a30e7c829087c45c7870c36b53056,2416,996,3412
a8947dffc9c5b51a28521af67f3d30caba67d70c6db253812468ee9973024d5b,1052,214,1266
1cf1b67f56fe936a0eb5ff9d4356d1b6734321b884afe72175665094002f90ee,1149,313,1462
73fb31167187ac2542be4cc7a621177b411fd557b7a3bf375ea9f8f3e0290e18,1497,366,1863
53d44077c58fe74f79a7219691d3b63369b0addb259c5a7c1859242d01ba43dd,1319,220,1539
4c16189c355ac9a5f604f98501dce975c085959d45b3fd8a42743284218948f0,1428,455,1883
a26cdedc701d824bf3548a4a894c2ae2c182ab85578b1364590b242a674d46a0,1503,218,1721
b56e3db31cfbbbfc243f4ab886efdce187ea9d9019d3bf7ca7b48f0f798e3287,1089,208,1297
b06f68dc9f64d6aaa8a6f26e77adf72f51066fc1e94b0f0a4d4932baae1265bc,1101,515,1616
de4cce4584f775aaef59ef682982c0e415af18693c6a4d6b7d88fd2951b16408,1098,210,1308
90359d37552fca4882e1192109db73991aa3b6b9b53d9e86c30cfc86bd03717c,1410,200,1610
a94d39fb52a9e00c31489349610f2ee10a27ffc08d0de25d8479fc2e85970128,1358,369,1727
54741ad825a2c5d91806749af04e77328d908040f97650b32e71f3bb33a8f511,2257,476,2733
5a61aefb32134fcb7968011142acb23fe428e70c24acd215ae16e6ed61d331b7,1281,211,1492
599f20646084bffa39cf741519318c63dca3954528f7956e779b229b535eeb3e,1113,205,1318
acdc82c07f009ecf5bf07909c35417fadcd730bfdbac561e3d23c9661d751d77,1046,211,1257
23bb99526b0b456a0c16c6cee12cfd7a56114ebeb44e6663fa19dd3562a72689,1572,506,2078
bc590ce530a8df0fc7ca71232ad724cda5b99c182d802bccbb24209db3a5199a,1495,206,1701
90cdc9e83a458914f74c3838f4cffde5125a1704edec0156c7156f1257bb6ab4,1373,200,1573
47419728061f9ae5047e1d2a78a4ca8db6229e217e54742c8272c8b464a5a16f,1435,203,1638
969641992ac2d353a60a765248285d5af9af94ccfcf5aa3c9ee69268d17922ce,1378,212,1590
348f834e628bda28afa532420382470b5628be41450afdb8b88620c703862fa5,1305,208,1513
c8081a51228bb366247c1f8ac1523bbd17ec9a763a5420909f1b2c7ae05a82ec,1011,209,1220
7dec78d473f0898c0cc2c807342b43bccec1b86ca904f5a9467fc69756d49f4d,1117,546,1663
0697ae5f2456340b619aeaf6c36b7a05c9de7f705a4e4f311517d6c98aa73b63,1243,311,1554
a0c3df430b1f6450f18ee71d108209ff29ccbcab6586499af1b70b844bc970f0,2229,1402,3631
aa1eb1bd7eb455577e51436e86dbadfa1fdbad60b6c3bc8e164d7433d32db1c5,1677,552,2229
e0cb7fe3b6779f290bcb4b882ddecdd6cd50263e109e6d8d0aef774b2d8c0198,1437,531,1968
f6cc1bc1b74766cdba3b7c1e00fbcebe63bb5bf07040e60da81a2e57e72d0144,1150,212,1362
88c02f93232e3eb875a35105d39b71b5205620191931b1849212393783310aac,2337,2007,4344
f4a1578fdab88174d3d456e6030a4e8b9fc4aaeb01ffff7a02f367607cf19e24,1536,366,1902
8eba8275de9b92efbd0bb698aa1ab702d8b550b242759df727df4ae8f02aa8b4,2185,1374,3559
d0153f8187808eee8f2dd79ece4b38e8857dc5f59744d79876f454aee936c95e,1368,982,2350
c7ed351a4a5c0d3568eb1429288e913291f25945cd69cbe9c3fd0d492f16f957,1113,205,1318
163ed3e427d08df627f60518ee2a6199ac1f43ca45f0db77b35495212a62a443,1515,214,1729
bb5f9c7856046130b85e5af4449bb9831e96349fccd471f572a7b372fd15bb27,1145,366,1511
962947b6d4edda00c9289dfaf59a962d17f34b45bda99745de155fd3013ac1cc,1895,562,2457
030d8096a2931c5928b68d072438dd9801b93929f10a1c570b5dde530964e41c,2016,889,2905
c0c946364a3ede0b98bbc35c5a47501b80e8c145d07af8f18d955d8a50f15c6b,1285,459,1744
45369bc3e547d00b93a113dcdcd8fe062f26c28d23ab5829a3ea1b8ce9f8a3a5,1259,715,1974
2f4e6da20cad34335f24180780e2885b388aa19285500e0b0184b2e76a8db77e,1418,200,1618
3b35add7e1a10a21e679b7790e0f4ccd2f26a807d904470f29390fdd17f3bbe4,1791,938,2729
f4a6db4d99575ff10bc2f211518565a045a425e1ab345a06acefb59a75aa35a9,1281,212,1493
2bd6b7451b5ecf00409256a0524bbff140507fc1cfff974b3ce2a33e99b951a5,1315,287,1602
803cbb679fcda8fb33f937cdaf6c4bdb97e47991f841a01570f19b1f36294b23,1407,552,1959
ef9a4eaf94cdffe35b0aab4f5fa9470f46417675486a29b27e8e8ba6f9b90a9d,1583,211,1794
6c489b5bd23570ad6e8c8e82eb496119462640102537d7e837d3a3175b4ed403,1960,322,2282
5ce01ea301542002bf5ed1bc2ee0518f1b8fd1f953431be834ba9c89f603aacb,1144,204,1348
c44d38de88064a92aec1e15bde773e2f9a84d99e115131327ca606fbc010b7fa,1369,203,1572
86d269e2b5b26e24e76ffe75b6244e6ac00b0441e4325d57d5aa987d47eed109,1198,201,1399
853decbc7db32eb1c193f2ff8bb0e25bbac45a595d04125c0e89708a486ada9c,1209,199,1408
9a52ff1dd03ae02cca60b40a5a9d1582bd6862f17a673f952396454ce024e810,1728,541,2269
8df88f0838d7e7886c8a696d10253b286582c99a460c491a20922c8fcfe2e5c9,1130,202,1332
ff0ce7b700daf25c1ecb903acc59dc63e0e6e583531b358adecb75e764436238,1257,213,1470
49396c0d6684dda60ded4ad22875438e409360887e0ae65bc5d51cb08aa8bfcf,1352,1358,2710
d9856034f027ae92e0d95fe759cc9f2a7d8ceb9c41c5c4b613681bd902056dcd,1508,201,1709
005de763ef41ce60845b1dc138b4a57757afb9b503cb5b4cb87b8bcd4b0985a3,1589,282,1871
4a0ef58c6f91c861e598866c7791ff5bb3d5d11007f51c820952c0334c3678df,1404,206,1610
921a6e1c7a8d07066a6ad5dc5626ac7b2d68785154e8d1142e25ef1b6c9927bd,1113,205,1318
e8e910f1fb3bf2e1d1107676d3fd511da85f33648ba69234ee0db3fb0269182c,1557,202,1759
a9657db2c2c700eaef83bf6ca2032bed7da6b18a6d430e091b55454ef8cd01df,1620,315,1935
dce7aae1460425f3a8b8a508eda3203b5e338221318fce32afa14787f3a2b080,2109,1976,4085
e661c876455646792dda75f7ffc419f263971167628ee32e128dca9b75b158dc,1257,141,1398
36225aafe1adcc96ab16213cd63bbda5514858c5c9ad905e8feb1644b59e0c28,1311,246,1557
7b34a8a051d83bdeccb0fab7771acdd934df0c46bc4c1529ad9ba0700ed1ff52,1331,216,1547
dd2d244fc3ae3eb6f1d8ed0833a2f6adae7fe5d010dda3e02aca1ccab8ff848e,1326,206,1532
60444d9bb81f4616e325f03c75b8816c3f14408dff33bfe810517c2ef0017283,961,204,1165
07195ed9ae5d4a0f6efcf557911416d153da9c56d55fe38de9ef7a9e949b930f,1035,201,1236
1acc770c09483230a20f60b3d3de032f6588eb242f22febf94302c7974d7091f,1108,143,1251
1ff9467d2a552f787e39d74d560ecbaefa7573daba309e29d182f43789bc87b6,2132,322,2454
f904fd36953bd61cd143e2bee7e3b33ad2b5972ee3c9747f31c890756cc5839f,1757,445,2202
870b10ac38b1db9f2119c0323e903ec3acb301fbd2279a330d35bc434beafeb9,1662,307,1969
969de675a41a3d52512121d43b2e01117c247819b4c15300e9478e8e925fdc8c,1216,208,1424
9409190d6714342308f412ec921def21e949505c3cece1edfdfa94cb4f2e07e8,1413,216,1629
9ec82f3bc3f11bc886f12399653d4f04793d4091a33e56de0d989950081003b9,1682,307,1989
36cceeea8354f949518bf104d5dffe7096e99a4e17b9d6d12bd78b85d63f9b55,1910,483,2393
88d89d7dc9975f8cbb9bd1e2258d70185436927fae3d9354b1e6884c1410094a,966,212,1178
c33e2a5dbf769304b80e3d9e90a0a6433cc665281593824f81944437c07a1fe3,1934,316,2250
a1e777995b757fc298ca28919d5f0cb530c08844b89488d30b460a4240f55c32,962,203,1165
c2fbc028b8dae781a98cc837be37f1466d4f2374306c85f73e1341158369c720,2345,653,2998
096de0bef507dab4ef7750d271ce1faa54d86e3bd7681dca12c1c8bbd6b1733f,1361,299,1660
a8f8e815510d821c1ca05382e433a3dc0aa77ce5813bd2afee0a270c269b810d,1541,245,1786
d816a3210e036c7fd589fffe50d636c1527a89338256a163450ff482e74b9312,1502,210,1712
408b4fa0a02edaaaee55ead2287b0fd5fcbfa778061b2fb638278d99d71ff4f4,2101,2269,4370
97352034654effde46d9373ad1ef83e03cf81e837dccdd44f3e70c534b5bbebf,1113,205,1318
71cce6d6a96385027e62d920d42c798b8c709906765f8649c3289c0458dfe401,1614,726,2340
d648f4415df905af8f2270511a76b937796024eb1caa48baaddc8aa1486dacc5,1958,343,2301
4093a9799c43eaa8f842f1e9f4dc8015d81e305ae1739f12d79952394239a871,2000,1149,3149
45a4378ce9af005cb6d5d2d40a9b184e3251ac71041a0373c8d7a2ee26957e4b,2021,718,2739
a208623bacab2d1b2627e952c3a74554a6685eeda8a4c2ce9f7ec9601f674390,1704,931,2635
42b004fb7a671978f83513b6003477b0c49e1f9e5af1d516e3890f067fb8b9a2,1004,212,1216
387f24a354a854f667abba96c730d81fe4002bf3cdecc1a546da84769bd9eb8c,1564,209,1773
e5df3d5bdc4c3e553ad60fa31bfb100baa73c8812fc2d796d0ecba2fbf52fb6e,1017,201,1218
75540ddfa4de8b46d700e4b48962410f9efa3b89969f9de4b8e4ee73e3a0f47d,890,212,1102
7bdd19449f6f703161799ba14031e2119e268ce0d7c250d5033ab4c4dc1454a2,1510,749,2259
aaa0629fe4d7559eab1db31143a2cd2a4444363c8c08d89e6f35c6c2c91ddb58,1245,212,1457
05d158929af16152a8f60b164fdab449ad67e0715e06f84f3139757b76ea583f,1483,208,1691
05e32735cff74f3e561a07501121ee67b3d3367afab509f8866812d2be5ec92f,1585,359,1944
1255fb9b1fb2088cb3900de94a06b5adc2bec0a8051602558d0ec1ef3ef528a1,1019,213,1232
536e1a3a215f471290324c692f48a7f8ca79c0b2cb9ffb0c2ca5f1aa55e1892c,1113,205,1318
0fc2b713c8856854857a3803e58d879ac4c2c2cd8b512d7ed7798d121ccbc93e,1403,240,1643
9b1d7ed940840fd220469274068435a97db50e9261d9a159214fe8d5f05ea30f,1150,209,1359
250e8ca251c7df21bb431d37ba14cb38a5e9b261aad514c31de4aba3f3944b5d,1543,355,1898
0279916dc0524971f0ec2e82ccbfe23ef4dfec0e20cdd68431d0beae122aff6b,1567,211,1778
61a18abd4918e59e36ab11e930ddb229000b45bed465d955525e5e6b168a1df2,1213,201,1414
0418632492add51e313153009b3b664f67de08282fef492d84adce5fca254d3e,2217,1515,3732
b3586a5a4a48fceff4575866031090ee1aaefe79cc31cb96a9968665b9c22e53,1001,207,1208
9f698685af8e129f5bd79a0027a162b84033ef1f4850124587788d5c1985fc90,1566,539,2105
bbb1b0941e8f1548378b6eef09306e0f346d37b471a4b881009d39143af35524,2053,335,2388
b8c7cca80ae560efb239107083f8505886f07b6fea67f35709b741f24ecc969e,1610,651,2261
83e28a7929217dc0f80c957b5d87fbea0c99b8a2f11ea8d5e6f675538df8fe3f,1226,200,1426
a23517c50d744b7be24c0690d30a174b2e27c1f70b5b10d954ff095f35b7b661,1229,287,1516
93f0711a0318152189978be00fd6c9185b07100801ef9a9c7fd5ef23452f22fb,1592,330,1922
bc9b3b0496f01d33a8da7e59fc7128ebea24c886892e99dd3db7b88e8c7ff948,1595,201,1796
49914b53b04d36e47806b0519617a973c30d252e54f55a780dca18e35732ecff,1108,203,1311
7e478359e0a338dcdb933c61ad84c78fe23cbc62053904e473ae732c7a74dae5,1231,282,1513
418d46679bc3c023a4b01c5de6373ed35a71f5819ab213c2f193f63b77a29d20,1309,462,1771
ca07e2ed78ff4490c5d4b4a09c5ff29c63925d099517f5306f2f6be17016befc,1257,216,1473
1cf1a53058094c5f2510d866c9621cfaf4381a5eae99f3982f59fb5d88f2afc7,1126,202,1328
aff9bad68ead7b898fb3892d01e2c42410b11dd02e217581cd5d5ced2624c1d2,934,207,1141
67ef74ab4a73fd92643687bbfda03c4a63f375799ae0ee0b505d59ed0195e018,1291,211,1502
0e72cfb9f5ce7229271472b3699c4ceaf8852609093c98cc38c749fa980fd092,958,202,1160
bdf20574a7cb101c1f8207942946986f5b79751862a1a73c3e5cc3f95b90ffca,1612,314,1926
fc0116f6694fe04b755e7aaa6ba0b39aa3276bb614f4a9d85a993b54a550b8d5,1407,306,1713
ee80040747364b8762d3e191365abc42ee4e58249c655c2ec20f18fe9bd04979,1113,205,1318
e99d721b078a59378d4026e1d76404d8cb3dcec2b954284a7c310fbacad11f7b,1602,653,2255
3596d9c1b934e84c0822ba020bd00087455cea3618b9985771c6a5e4b77d1ae8,1131,224,1355
9ad318ee6d9afeb0c8dd42634986008a23b63467d17ac94e14b516755601184b,2078,1618,3696
369f774f02e23c6d091efc1817688f138cb7ef531472c241ef2f2b1ff9f6e2e1,1113,205,1318
1cafbc212de0cd4eced8961104b610502c86389e64a8cad5a8568d79b577ed15,1254,210,1464
f00db5f9eda86745b6303433e796714526c2e465841df2434e834a29b0b337a6,945,211,1156
a1c72e60ff1c9af98ff8550449bc08b0a309f182043588e421c32035c2825d7e,1616,705,2321
974410387dd9ed141b1ae6f426017baf6681443e1cee9498998fc0ad790b0a75,1606,441,2047
ab58022b3f53f369dca4782de88de98f429f6ece9b054d38c95cdae1640e4ec4,967,212,1179
cd5a55c484c93745ef1913f744fc96942829ffd1da902f216c11228d01973b19,1522,453,1975
d185915671cca2cf80508e6df40811f17442317e8638e19e3c97abb3e75a6141,1258,578,1836
112822395f35357871db10af5d39033018d1a61102b5858afd54f6c5c244f9f8,1073,202,1275
3f3fbf0bfc30088612b040ee6267f3e7ab26d16b7e49c6815d13837c92a8c602,1383,238,1621
8a5ba50b354e451f5a4ced077442a16565ffc0868ca6633280c3d7ebd2f836da,989,210,1199
09059b8430ec2eba45dce6a33b8f28130f31c22608f650507aebd81d537d355c,1360,207,1567
829a6956a838fab7974cf541ceed6f3c92abe65da7ede6743903a69e24cc50a4,1325,785,2110
942edd073fe9ba8237c6c8528443910c64eba661cfdc80d7e7368e52aec1ce6d,1632,887,2519
c22d10c44aac18a2a6369c6d6005ac3522af664e7ccfe08e61c3e02ab6ab4cb7,1441,200,1641
6cc5811e4aa2613e1456d54b4fecf3106b4b1be186554a1bece66cdd363d5bad,1175,218,1393
9fdccad9d339ee432f9b0ecb7dba3cf7849feed6f32083f0316f24b3bb763cbc,1701,792,2493
04b8dc44dde1107422a93b846de0264fdb82b4f4e27d92d025bcc9fe6c0825e8,1051,619,1670
9f75da362d0f67e802d482ec7151e52e6d836b63d13944eb4e3f0045750c3a17,1691,755,2446
1e21918a46c29ed77fdba9a3c7977303174e3d5785e174146851b48005459dc0,939,279,1218
90687783579b3858bb706f90033487d6d1f0b1a6d08f7d157da6ddb3e1647932,1125,213,1338
385c23e2e1a133d08a7f54c585e45c88d5a74b16832d829e6df61d2302a83d0c,2231,819,3050
48138fbb65b2b0c480327f3dbdcb3001bc242ab081562c06f3687ccc29bc12ad,939,297,1236
47a97754feeedd4f590358104997188b1259a5ecc9197851fb098109f2f0dea1,2213,1788,4001
c37d1680940006ad6c04ff7d801b225776ea9ed8b0b14cb394c4eba2bb62c0a2,1590,642,2232
069ae65956d249abe9a0c5f530f83b391fbadf1360c20fb9a4c2424366006d7b,2266,1034,3300
d998f68d21b2cb5a90d1cc583bb0d473135a8cf92e8515ba326026a107831486,1365,209,1574
52ed089c1914f0e10494463c115a2fe47ba6bd6feddcb41e340b26d9d0e27ebd,1367,687,2054
f8aa0a078ae6729b4fa745f2dd5149d12bca1907c2da615236b65f120a54e9bb,1226,431,1657
b110869271ac1a1222df395119f89b85b3c1ad01fa8197aa59c8796f733cebd3,1624,315,1939
40d217a215e3d7b825ffe3acda72481c2c6f6f2d75cbcdd0eb3053bc097127ec,1448,451,1899
b338680b7ab6b7d9440ac3b6600b9ae10544c8be81e1aec6729a85b85f0b2c13,1058,260,1318
76019d9deb5060e50f53e4af582087aac65837a4ffcfe5bde606112258dcff89,1790,571,2361
bac1f174991a5d60a158f80cd4a80eb5a07dd2f8285fe15d537cc40e1096a663,1779,321,2100
02d165569158b7f39488f5be531e41f6126f04b82f781c028fe4f3439a876c5d,1700,760,2460
4c6b72fecac521591e1f2354f8709134e8adf6cfc7cb1c8e47d6e5d2d5eea947,1662,654,2316
973d5e40e732b1344cef13e0120dd4e4da3b048ac98a25d1416de9ce9411134c,1774,449,2223
e500ef09cff9790dde88029b018076a712c3115519378785560bb2a280d2c12c,1432,390,1822
deb45244511993bc7519f47aa41f0b8f558b03e87b56f273de44af654e2f3654,2223,1163,3386
5c49145824fb676b2bf279c526afab95458e2bb5928d2b0adb379a47479cf187,1099,522,1621
f8fc7e0af54e3ef1e0ce3fbf520f7f32044ede9ff63fa7b70755c8e17a2b7768,1774,473,2247
c1d98216957d9c71c4578182d328c99740265d96e4797ceb4ff40492a62fa9cb,2299,1870,4169
6d7fc9c8b8d7d005cf7669484b816a279739609d2e32b22e38c9fdd7e6a79d31,1439,1024,2463
