id,prompt_tokens,completion_tokens,total_tokens
29133354cd1a7e075553b1ca86e51627c7cfc1266211cd3d325990fbb45edd9f,1369,138,1507
6ec7935a18a0f9860add3a52c8ff051e4055a510307fe8aee1fd10dd551a51e6,925,202,1127
c19e2c1f5a3bae3f1003b38290f270e0b2bd80557e636850c1f7523e77bf40c3,1051,203,1254
02e36f0b571204371a14c18a1474de15a407b75dcc13a957aec85471ff77a4a1,1006,209,1215
7cd4fcb71f0222b45ebe9ea0db6846567010076d7fbc7c34322e07665c89676a,1130,209,1339
21ea3ed0c9c6ed02d94a36603441bda146f1b3d46c7f4baa92e0babf52eafe47,1124,205,1329
8befbcdad1fe4bd8eb4d1ddfc3084778cb9861cecbc4a9b681dcd1151098bb4a,1177,214,1391
cfe4ca11555be092a6571f7ebcb4f3c2ae1c52558ee6a73c0e01729ed79940d4,1201,255,1456
089aa50a395a6d485acc3af2db0bcc2a061245bccdf0d9aa7eb4779bfb62f693,1194,213,1407
cd7ddad1cdb2d17642f6f76768eafc66907cb6ea71a936d3a17b69cd22bf84b4,1055,205,1260
cdb99b691a58b2259d25e96265fd68e9651a0915d3c4383251780c6d5ab69615,1191,293,1484
b940ee84959f342aee2f2532e77cc4335c6c55b9f9a6b6a5814c18dbb06dd681,1179,277,1456
b39b9fdc594ebc8078364ccb50b5004b38b36e3ed8ddeac386f8ce4348c44ea5,1035,256,1291
b2c5573990d301454dc4851e706d0795575eb81290abf369ac70d31a7061e654,967,286,1253
db65b54c27a320212aa339d9b47a6f5b64b8334b346daf6ba52f7e7e61ad901c,1371,394,1765
72f92ddfaae44f8295c1e99a408ecd8d83e4557fe142c44c3f105c6b0b0f28a5,1099,205,1304
b9616e592d87e1d2dbc04681123e547f768243339a97a3b971d55accbf5d515f,923,214,1137
c18e6e088067ba10a74e0044c649ec4d09f4af8147ad9180e127c557a9897bbb,1280,319,1599
fe21006bcd4c1ba3368e551680d5934929710102286ec9f58f2a33df88d8f4f0,1618,312,1930
5256595ccec27ac9a5c8e865b5cd1806fa6db5c195bb9e1b22bccc6903641eaa,1486,361,1847
b9256eb187b2eb16d04b7f6c3a24db84bd463ad4b6200fa7f60d90aaaf1412eb,1322,275,1597
f52b689f8489094724f43aa1905c81b5b24f8bb1f850afcef73a7394acd8c487,1116,222,1338
54011c33d6cc64441605042af4ff92bb777f5214245cf444019601c6928e4c69,1417,450,1867
bb39a8b3585de1387d7743cbc2905f99df8a5c70df58564a68ced28a46627749,1222,300,1522
f33001a16548783465ba5054516d55b505e6d411e4943627577cacada7bc9f5b,1660,508,2168
dcd74e42f7f3c8095c47f1710ce3ebb25f90b339409b3af806d5ce5dfbe5cf91,1243,207,1450
7c8a9c364d06eaf0dc39b71fcc20b995e505d6144c42199cf5ce90eb627d6ccf,986,367,1353
ea4ab0b6cbb7f99e44909d3616e97da6fd06e789cce0e276ef791ef574672a53,1267,284,1551
89b2a00949611a19cf41a5a710f93df81356bad66c367e920ff2a5ae5db71593,1142,822,1964
3ec3b859063308dda0fbd3880e6c7e40750f1194a577662159d6dfc9556de978,1097,301,1398
114ccfe3c718935de33dc550c3e9f63250c771b7f32b753eaba8a611f4f3f4bb,1097,210,1307
c09e39bff1089a0ad30e4d3ef1ab54640a4744416f99df214ae4b7e8a069b72e,1338,301,1639
2da07624852ac0a05fecd018af4ad4a35fe4a6f5cdd04ec28aed2bcc6f7c7c59,1512,280,1792
a7bd5028a2444cd254266a7b8f22ef024135152c91552835508ed72a243e1da5,1171,395,1566
d9cbc51688304b7e9e5ddd793d21f8f9b777e126f4759d8cf5209482e6d2ba17,887,212,1099
d16fc2ad14aa00c077077efc4a3d160ab6ed5cb26487209495e7931654b269a7,2169,540,2709
5b7795d7a8e7969f6e0f8b2b39f1abe3999046f97205976fd264a1c499af8b48,1143,431,1574
b19bedb4650acfa9e0c6c0a79b1c968fd95d6f108ba2b0fad503f9bb1273c5f3,1185,387,1572
057fe85e720e1a036dfa97f94db56da3334816dbb5f346016a53016b1da7e531,1124,205,1329
e0a485b5ba20d5dd6770a0d61a509615bac020e43d2f2051f0cd3aa9106fe2a7,1154,216,1370
6098d8f6bf03499731a0d54414279645db1fb162ff9b114df6c8b9d15c7f27b9,2355,628,2983
8d36c2d9b6c212854d990ef8208794d1936d150e40552a61c27e43459dbcba80,1014,218,1232
4b3cfce985f4f9c85a3da9ec68dba054649b57f91b8c015dd7933bc5dbd1ca9d,1234,212,1446
d0ce08b09503b34cfacfd57a2b7042147007b9b0cea0748edcd8e5acd16364ab,1062,208,1270
5521f9a5d797052b5c9c70e47775aa057c31a187fc9ea5e9ebecd557b269a713,1258,212,1470
b3773a8c59e17f11835ce4367dd3853a9e6c911fb11c169e9e1460a20666411a,1147,438,1585
01feb566b870a603a72aca7b2f0afaf09882ff57a68b2b4dca2c06a30dd6cdcf,1138,519,1657
5e6f48dad3f420bfe3e6e5f563915aa9f022aedb0dfd02c0d9be4e8c153f136e,1439,215,1654
fc7a793118bf3078ddf515e6f557cfd6b41bf881bc92d678d3f137953ccb07b1,2305,1210,3515
eb00b603ea9ace3ddd3d7384739c86f99b4db38708e8a1a250c68b3c7706f7a7,1355,213,1568
2e97da6ccbd54d136de8c72a220aedd3be1360babe22ad818e00356881ac7e17,1079,208,1287
1b3a2c4665ef022123175027c3cd2ac95654ed0f49760948168a0e629c5dd30d,1290,204,1494
95549570b1e7ffd17c5c7ed8331063078170ea5e6cf7c75429408c7dd7c257f1,1471,905,2376
d89f3fb04adb3ca60868189551c2fb7c6cbe8b3c5b7131e362fa56469f73d8eb,914,204,1118
0e4671d5e433bc51d990fd3f081f9ebf4f002da7edbf6f5da8c65b2da9a67089,1423,602,2025
ec903a07c1438468cadf8179fbd76e397e6317f8a4c2dcd24eb3193242b579c7,982,200,1182
40a57ebba952ebca5077063008b12924192df3e07d8011264a518e19e47f5524,935,212,1147
fbb7443b2cc95e70e52db7e018a66026dc0303c216ffd2ae0c498f2dfb33fa12,1333,137,1470
7671a43d6bc7a0d0e040453095ec4fa5c0a3532f19a98b7b6414398698f2d8f5,959,367,1326
16c785da64d9d36961021a2bdf7852f2017cca82a139e073cda8ff8a2c93299b,1124,204,1328
dad7b0876355838b839133b4cdef80f61edcee209d1516d39a5b033e8c42ba69,1395,210,1605
2833fd0f863abe6a6d83d429d39cd2e379ffb950a1e270f1697a910eff61d36d,982,212,1194
90173e37114c4d4dbd0b01052a011b0666a31689b5b3b61d2874f4fb31cb92ab,1279,1129,2408
6ba1a4fd6a3907461e5c249bf9b9bc5067430f04acd052ce2b387a8f9b3017b3,1235,430,1665
5dc87b16fbd5fa84f19ab2b330282c96e38d57ce59ef4a191a72716ccfadec0b,1563,209,1772
21578357d0adfd67aaf26ef66a971936003ef032f517f68479c1abc2338f636f,1214,523,1737
033551c548949cbc671b08dc45ff345c722e841a39191574a5b5a130d187ea30,1487,136,1623
69e3d95f50a41f3d45cb68091bfb7b5d898843d72920a7a150dbadff9578fe81,1044,204,1248
90ac7389537b9c92ae8bef15dbfcca814750e94d0ba777721c1228f998fd9706,1323,202,1525
0ff9923ec87e43c07b4465199d92deccda5ae35512795983795c8d51d3d7724d,1426,211,1637
3f7507443f1299c0c8994d0120203de80958308496eda140370960243dd37894,1229,286,1515
75f1aec8f22b7a83c9c1f4f8d9de20a2495e76eec37f947bdf091bffb6e46ff4,1182,287,1469
95bc3dce6e14217e1950bffd826975b3a7c9f10c3b5c758e9175ea886012193b,998,274,1272
3b536716042ad1d7a1ae784d1ba6a9d882df61eaefa4596a9243791564b03a09,965,244,1209
0e30363c253534e4be0ddbaaa05882c7d6ce7df0f7eb383c9a552aef60337c3e,934,209,1143
975ae35bcd5c95529dc1bebd08da6bb98814a9e85bd0f0c012af234f44ca1813,1415,236,1651
ac03ee98394b0d22ac07fe32bff5914eafb941d2a03f726a796259a5bf645cb4,1223,503,1726
1f58f53b24acb61683139453bdf51cc689d6931dd3f6830687a79e1c3625dde2,1069,1108,2177
90efd4cd04bb54e81557780310edaaa68c675107b9762f80bad96877c2114e32,1083,281,1364
fb0b0d66ab58986d37a1e8f438de03808217945b04d5604ce80deac878e200b2,1006,210,1216
fa65ba2ee56f6c12f6e58fd1b02c3be38d2862ae9a98bedc09b1b9c0d3b80051,1124,211,1335
824afd04624c42c4ecebf7ac67ea3c5aa0bb56852cfa5078eecd4f23e33d5dde,936,210,1146
83130d5bb26b3810a44f81e073dbfe377f12233086d94e01848e830310fb0a03,1221,424,1645
68ce807149d0269ffa11121cdfcd21423cb13252f1c40bf95738c618bd7442b3,1042,214,1256
ef44c996324e868b30462f0f8c2b0e302f20a743eb4a6506a922b70e951f2241,1262,425,1687
f15579ffb7c6660cd768cf7c4a5029f8e2de66cc0b6327955cee4ed0d9b7d684,2125,1047,3172
9fc163efab29d581451ee9aea1a8ac112bc9cd33ccce7372b41b75d84048f3f3,1298,365,1663
a5a8aff1932ca1f45473148f4607f1dfa044a7d438f44368770f09a1d316e545,1083,204,1287
df2b811b41d7f97cfb689ab889e836c1025d62e4d2063dc97b967ac6086e122e,2213,1093,3306
123165cf8a57e4c171085d9ad6ffeacd4406b4aa3a87d69e823ae72e7ac41ced,1134,214,1348
39c00120d2fdfc4e15a0938e10c5a196f3afe0cb14251a56e4919f8844315b8f,1090,210,1300
4f8068cfe1bade42dea98ee1b5cf9a2e8f334a7f359a91a99f78bf8156872dee,2230,1025,3255
b026a23fced37a567fca475d20c346507fc967f1b04f274a1aab6bdc8912a410,1767,313,2080
48ce7763c00a5c716a354f31eb6acc46f8f4e2807d0faa3fb694eaddc7ba3b7d,1640,312,1952
c7f5fdc7a798794ce9ba963e76a069027ab355ca7169a6e855cf0e531491e4b7,1121,208,1329
663718b5616935a2b2133276028444ca8c7a9c0308689362846576e2f189d00f,947,216,1163
16b415db34a7cd5ea9a493d3902fa832781143b1185c790b1713513a5a35413c,1049,378,1427
5e43d950c30d90baa27649c178e7258c9992db97be1869fb5ed7ff828d3090af,1208,283,1491
64b9db0836e9423c7d0d5e91dc78473d6e917ee6d20545da532bf52d19c485f4,1245,383,1628
e1dc537da8fcc602e9a85c0f884e55bd6433e991c17b2e23f81715515a574104,1069,215,1284
19a63e4ffad2b4f2eebfc14bd6bd4d7e795c941e8fe6f9d2e9052c021e07bf9c,1435,292,1727
d482335c191345f8cea419fc5fb8597f2e3fa589f64b8a5005930ed93546543c,1200,210,1410
6c2104c8170ed440e9321d3e3d2273614ce26c52fe8a43cd464d4d0a3b2afd0c,1242,206,1448
9301e95837936e79ccb93332a05d082e8077bf8c868c3ca5d3ef5bf2c23bf97f,1234,204,1438
fa36090905150a97f27d99d13022dd4d83dbbe44eeb88d193d08800b066b131b,1078,215,1293
a40206368e2fd653832eeafbe9726579130838901652d0ce7a9ac939984e039e,916,282,1198
d13065491bb8f1f091c8f045e8357beaaec7aab5e5db1ed445351ffa67c2d7e5,977,210,1187
e538d925e7782ce5f7303274a9dc6ba3cb29d64ceeb4c6eadc0d3f194fb715e1,1222,210,1432
c10c8b8d2bc7de32d92064e0b2fe2d397158aa894133c40058c091735c531061,1124,205,1329
0d655a3f59ea130726f99db9213ecc028b2e90411f06ad1fe1f9ab1a81fc2ac1,918,202,1120
3f644b1f49a1944bfaf439e45eef9b4363bdf8a0fc43a068e76d9545345933dc,939,284,1223
b3c7e1eaf565a6b5ab1b013aaf1ccd20df9b3f92f7aedda99a3254a34f06ecb0,880,203,1083
59279ada3b8c8e3a2f27bf31eee6ad6c57be86837085263624bfc235b5620e84,2199,891,3090
3cbef683ee0bccd854cc224dd8b08a1332fc4401a355ce76bbb47f0ca00c8233,1700,439,2139
89d465dfebae39fe6076374c6891b1a7e1b63fedcb7344a255a3b4a1edad3eed,2207,880,3087
0e603bcfc00b179952e885b97c7d07fa3b80b8fdb823913ada83980f547bc0d5,1525,476,2001
a6df1f36d0ea32dc545c47699d36e03f45e62e1218d62a44b41e4df24e56cfd5,982,315,1297
b0c03f61412166bdec53adeb07eb0881ac64ed7c65b3aa314010de39ea82ce1d,2321,2111,4432
3ed8e3d64b7a1df8a7a196cf397fb3a85aa086aa0e49f051bf765c9b45ff9d12,1387,293,1680
0f7cf0b3c9d595cef1340560b69a9f0c8e9e3cf6e35801eb9646bde0f5d6f735,1080,280,1360
d88fcec8a5249b99da1d2b5d931b83cfc2157463cf190cd6361dbd58d4a12357,1294,451,1745
1c8c54fabefe2d14f240e02462322b10a78206f929867275d3607969f145bfc1,1134,455,1589
bf14e9e29ca5e1806c045973194da4b13171cd676f03c4eb212edfe5f1d68cca,2130,965,3095
6a5bcfb1a44e48e537281a17e9e9022a66916f712e95afefdcb2164034682fdd,1097,299,1396
e02d3b5e1b7c93ad90fea2957a9179e870a374b5647557883ae39e9b360dc040,1958,1079,3037
1ac41442dc5cdd04a41dc1ebdeef0105b5c27fa69f7ae2174d10f5e50c8637fa,1257,587,1844
7668bcf78809c0e18e91fcb75d2a1ff230b498577b075aece42639187a9762d5,1910,447,2357
56bb6cb4857be6aa173fa77f5317069ba24f2bf9f0f0e422e098fff26aecfb84,1087,508,1595
033e889b720f930b4b9dd93ee5328dccd188a0958f2852bd75f692fdd31cb3b8,1158,206,1364
66a3784201048417b1ca54fb67c65fed2e47c2ca3ff8e8ffec588969b3939a35,1187,295,1482
2f913341e6f846efeda6de6ae2396528ab515664dd926df610f6181926fb90e8,1184,428,1612
69091f2c5386ed72b766fcf3450bb1752f21207132a9decd1e3408e8623f9e40,1463,797,2260
f816a800783140b49a290eb72c6d70467a52701c83f8f9e6dbd36edff929c23e,1028,213,1241
4afce0a11b00ba07bce9a95f8b8785d4d0c5c2ec33263aab50391244ab13e8c2,949,215,1164
92e3c2547f95e7a2957aa5050333455d08f73f7db26c1aa0daad82e79ea62ada,1243,318,1561
b69106c7088ac32484ca138546e47a6d64265089006723af7d3d2987c0c2abe7,1011,291,1302
0c39dd8a2f9f2f983af888a6e486b63471df94eaf3e598c08ecdfb49cc34f1bf,1569,956,2525
87b9505ca32112566ee6efe585ed5f0f6b37ad300fbac3c8384707797211c948,2276,1868,4144
581c0bebd7568a99d4d36639e601f6c5888c1ca78cec83878cb9b84f1dd55e33,1418,221,1639
2b815d20533a48b631d1d90f33b4c1d94c307b6e44e4f5bcbcba46468bad5612,973,210,1183
cdc5ca796157630cf48230ae7c022dc2efd79e5507d152183dc9831e11f0ba81,955,290,1245
f96be24471ee108fad597b377dff797978aa3cd86fa5ba206ee56a96298e64a9,1762,763,2525
64bb5805cd27440b698f526b9b9e1d9770bb3010133bd6ae584cbe484cf07a03,1124,205,1329
53bcd18089b8459a0a8d92870878e8463a826c65490b07a87d37fef9f94a87dd,1490,287,1777
8ec422ee196fb443cd31b9e25737c0b0f4caf070dcd5fec35b6d64907ce2d692,915,212,1127
244f2b11bb562e406b19131887eb1490201ccb756bca1e4e6874c4b47697d4eb,1200,459,1659
cf33e9024afa126dc1b398cdfa6260f6a407652f5e6c8e7eb1e3ef11785d2a77,1007,240,1247
6ee623cf91f3bf517279048b7e4dcbe26cd6f47a775c351db5e4b55da0b859a9,1480,294,1774
591fd77bedbd47ea06ae3ca7ad8f12eafc8c05f912d6a621e3dfe6f3fe50b93b,1329,293,1622
c354fdf2bfd9c4c38031e04a66b656b482c4695d6a40afade862f02afd7f2d19,1641,325,1966
828a0dfdbdcee6eb236d0b1b7adf17a5074abd2fd598ecc9898b3391db2f11ee,1884,309,2193
ac8f9362c28692f3022eeb3a72899981e71990a553aa6c8470e622b3f153ac2a,896,208,1104
448e216e343bdcc595773ed056d081bee4eb6e72a49e5e17c59a43ce336e7577,1575,364,1939
52a7c48dbe4aaf1c8708fe9a2758fcfa1aae55e5118e3fdb99f4b301a919b096,1206,255,1461
8ad9f78d0c5437a1539f56a02878445e3a017a33d5da29b1894f9d1e3dc57101,1418,293,1711
4b08ced9f48eeef4ab32a5d57bdbc56c5fdfb4f2884b307ab5d0105b2871dbd5,1032,284,1316
cdd844836691b5f0f1927d75df6a32866d0f223a771b1d7aad7007aa143c7c17,1473,203,1676
4d0f2909f6f248627229a633f38f971500a39e21c31353d217dfea6f72bf55c0,926,215,1141
ef86bc2ce68f6a0baa9014b7d1211c306d8f8354886cb3a5bbfd4ebc43ead2bb,1170,204,1374
f0caa01c7a325b695b6a81a7121b19075a6b3b9af4c5ea69b8a740af050ed959,1124,205,1329
10b202852e9a2554224acfdefd43d5b3494041c18dd738353c426b127feed694,1538,507,2045
75c6c42adda4a4f4500b9e0788c77a2249b794dc1e3c09eed4cd4ea68ccccd32,2187,570,2757
391cb96b4f514fd94fbb8002d615c28c7d1f27288f34ea071afad3a71455056c,1029,220,1249
ec42c12f658893f27d77438054da4aa581ffefb3df61fa750352a01994b98816,1004,218,1222
7f55595fd804ceba490ed21050fc50eb56c869e621ed5d66d225fc88773f0f48,1333,430,1763
05e1bdb4117b782da15ba9304f7e95390ffca6083894b8b844aac6677f3edeef,925,280,1205
4e6ce15582d1e332fc9bc3b39688772161c923e65729342dc65248f1548b6143,1924,541,2465
e19568b3197494651557acc6b06a78ed2c12377bd751661f55c7331f5703184a,2225,905,3130
9ee529d5d4be747e35e8ce4905fecbd8c7fc9c2678aee7e77a1408d4ca55ffa8,1125,380,1505
770d00e94076d400ecd75fd1971e72eba3a1a18eff62fe67a3d9673702795929,902,205,1107
e2ed1e0aa8bbb9ddcfbd1d27ffe4059af8cac7cbfc96574d6ce65899e91fe8c4,1145,937,2082
515c43ce47e6182a9b79703706f60a368f7439670f8e5a39b31132526057f536,978,370,1348
0cfcd63ad0cb7f8e296c976696360bfbd49e0dbfbb1fe2a27dc9f8d538b51ab0,1479,292,1771
5b64c93d8c29ce3014582c6232200ed1e0af21e2ec7680b4f4b2c59b8bae1831,945,212,1157
310fa2a62cd0fa2475d78ec203c5ee3f3c68a24584814c48fc9b387921ca2f29,980,202,1182
ae22986c68201627576461b3dfe2926847a871fe9007bc54bd733dfed785a8b8,1066,217,1283
582df18462858ec6de4c7c152ae741cb74e78c0207751f78dd16b5f267e40154,1180,207,1387
2f59c0ac17c8b0f34ea0d42832e0e56d7d01fbeb1d80e3a6aae0624ff2693500,1035,371,1406
ce969dcb36d2d6299fc541b4296fe86aec7aff7bae5422cc98afd1dc5ce50152,1617,1342,2959
31e9f7eb43e53f0e97cac2ede76d6dba3b24f69241f92ff4d3d562b0acef5710,989,204,1193
ace900369aaa6c9d2e4a14b8e62f2ad7bbb5e0c912d6fbcdd94a77c1302560f7,1124,205,1329
cefb649fb0d0a2b340994e895b969f1f134f81b36b453059f0791e08bf4954a6,1880,673,2553
a7e8e380271fefaa45c2b8a706d3df031d7509def523878aeaa40424937f3110,1619,531,2150
9d83f77b8507325ead81d77258783358c081f13255ba0ffd36dd3459181656cb,1072,207,1279
8fcb1aec893ba20ac515680fbee78b55c730ef58d2416f9a701a81bf439585c4,915,209,1124
a63be86e0ddf8a09d4fef5826b3f6ad4ba609f844c2da42845cab92db04412b6,1050,690,1740
6b2965c40d19a341ba4bf90607c69aac454d1ea3884584615a2f92f323efeea8,1059,424,1483
33ebd4dc0f655cbedf35f3d11d55bc2f98b378e37c9709220b8236d20e77b711,1106,367,1473
68faa81c632008432f3101f1cff95a938df248c6873039ec4219a1baaf57c8d8,1694,320,2014
2cadb3ab913ba0298b9699a48031a683fecd4de44b52227978c2f6da58cc8882,975,213,1188
2657ef2564abecc251d8960e578b677001ecc28de023be660a29be57a1b101fd,1393,208,1601
aacf7be7b7859aa69cd718a238ccb6140324ddad8eb91b2729ca4de3df7b969d,1127,366,1493
d8c1f94b862dde8a78d296553ddb66d321e7386c1defb5fe148579dd618d143b,1144,613,1757
144ceb06d78dfdd80bf8ad51aa51f35f8d2843ac843034505ac6f13f115c1682,1237,204,1441
1b28de6aa544bfb4dbce750d12114480235e03c4d367139b4331794202450eb5,1324,300,1624
dca4a9f0e6170e48d9fda475a54b4b4198c5d4a111df5cc4d367daf8116ae3c5,1015,210,1225
604d07aa56c61d749fb477511002c034d808e899a25be33eaa9d2a8a004daf17,1016,372,1388
6d8ce3d4f04976b2914d3d3b5ed587a22ddf486044b5706ca6abc54c97859fff,1607,450,2057
31437f599410867a61a12a107cef5d7a9d340e1fae08dd21e5e27896a939005a,1542,283,1825
b8b25bb170abfdc23e050ba574ae6c64e8e0cd5be6870056286fca2d09e8d426,1006,208,1214
d51ff00e677644d7538e6d38bf2891ddaf80cc279b6e242024afa30dc97eae13,1141,282,1423
32fcebe6ea32a7002bc45dae8b861e4ed678b9ef45c687a6890cefa9c91af3af,1471,204,1675
dbf2957d47a380fc94889c43e5cf59e2cc4a29134e7dcb399755ab8a2812baa4,1488,222,1710
acdfdffbf721e8faa978304004c5c02973af3c894af83babaa9a2e7922b08b4b,1124,204,1328
8f6f1f2685d77f2305c94feb61953900c0f769ed36b5e258862bf60cec8ed538,950,214,1164
eb4453c376534df687d663b5f7213f40f76b52aa087dca0634efe413c7ee882f,1242,207,1449
ee06ee1e30104442cf42e30a37ab38171aa909f4eec3739fb54848620543087e,1617,328,1945
661196ec253170655bbedc58bc66e397764822cf221e6218d6a450286935a850,1248,301,1549
f0d4e82472f1f7b1fb7cf171bcb5b121c8181f8007d81d670ac12cb4c4d8284f,1066,351,1417
3c3476fd87edee3bb281059d521175210cec52aa76af4b5c119d0181efc0e295,1537,205,1742
f10789f7f4b7a8d2050a761eb8949499c93b4f82ea714bc0c36118ea2293f44a,976,292,1268
c67dce50223400bff47bbd4966c9108fa28808e57bbed40b885f501739d2f335,1960,1079,3039
70fc599e6da6e848aff196ebb978e3a9560a59d4b7fae150ab05e85380ee2cef,1204,206,1410
ac063c914b553e7c635ee4b6c06d1f723b35e61e525f3ccc5c8fc574761422b8,1001,205,1206
f3a9f40b334f1acafbe7e98c85a216909c6429fcc7b2d729398d9608218214a0,1034,205,1239
6a36479676701aa7ed02d11fe678ac711e8663edcb0c4b92881e2bbf0362ba8d,1124,208,1332
faca1b6d9a91007ce2be64bd12d5353733b995c4e6ee20e406ef179b503ac914,1087,217,1304
0888585a79ee04fcdf3f010654bab70253bea68617c283ce6b43bde5f3eca7d2,998,211,1209
cc4e04c068ab6b4cd109b04f595124f4805230d5073e2fcd92e1a92bb7eb7fb6,1349,205,1554
edb1ec89f21c5bfac0491a1d61f21d938cf47777532bb616143520da37cdeb0e,1249,320,1569
e0a724d01914650ff5234049e4adabf5134a328b2875df02fbc08a4a3aaa5a0a,1426,208,1634
13250b34530f82764abee9076ce94740bbd38f74e55f475d2af0e79abfa08f27,1072,439,1511
9a037b36a3a56492ee835d39e1f61a9eb955a2f3d3774763d59271427d9e177f,1005,311,1316
6dbb6b14b8ff99301d17190912241a1cd3a6450bd2498c3f24b68275f40db597,1387,583,1970
f2aab3cce2d996d5723ab54fdb363b80849006b5dc1ac010a6128923b6ac2cb1,1577,444,2021
d6555a5f4f3639d16d34367c09c5cc432e4f7282cc97783a1f3cf7faf707bc1c,1202,315,1517
5988420333b1d47fa5f2f4d672e96db9d384acd1eb8837d473bb7fc55487e3cd,992,373,1365
0d157b3e27cd2362eb6a7667b1bf790e6158872d6e4baa0384f3e80819863d6b,1318,281,1599
8f44966257268f6897be04801866544f2b7e994759b59b9715ccaefbe99ff41a,2192,677,2869
b31a725ceaa6a4b8e1f6e3d5f7f9f7432a2e8dfbfcc97a2288342b69ee6858ab,1378,231,1609
c8b91ab3ce4f9740bd6d68e0313fe6b8859111aab12742da68976cbe3284398e,1187,633,1820
ac16855f7bd492b83acc1e884902dc1ab71e269d2298d28b50b3b29f9bfb80db,1460,687,2147
7c37b2a4960894bd09432801867cfc705221a94e47de2c184cc3ef22af7bcd41,1113,215,1328
75e239586ed58598b982305e872eb1bbfd154d5b409a60e26b8c2ed8d8869bd0,1200,214,1414
0ab3e5eba13e0d4a27beb858a780f14d951459d7c50a9206b6f483fb321165fd,972,214,1186
0a9f6685bf988dc5d7233aa7de43acde4b6f30c646f6672ce50cf0e0606fb2ff,1745,665,2410
0f1dab2c30cb5a6d7ae7c1b9c9cb32a3f6a4b06f989ab587f1d692deeabaecdb,1397,354,1751
43ab95bd5b67ce3f51478adaa592160eb221a8c7944626daf617b237ce130a31,980,210,1190
ba41974e844d082e0092935bb44614beb16dbe1104f1c88080bfb91f777c60f2,1155,201,1356
9a109ef1c59137dc5088fc6039e0024f36f54be096a6e4965188cf6f0e4a4216,1000,457,1457
aa3d805bce6a9eaf9d75aa96720bf04a8714c4327e02c1224944becfef86abf8,1318,370,1688
fc0afd5ba6f4885092c68e2a35c5a93be98845a82a33bc5e8a2c59033c068670,1213,255,1468
d2712d4dbccf0ed206a66bcde1614270757ead5cfbd7c5f630ac9a0d32538c55,1751,666,2417
87e185dd4c5b6714b5e7c2f44d1266cd780743212c43523058b634960d93a7c3,1100,371,1471
8239e442ef7d3296af0343588404276102ce78a99e9b48470c233debbee4e5e3,1124,205,1329
d6f1008902827f454be05b73274189bd46992b9056a323f49bd696ddc163e160,1027,429,1456
54ef1624768845b4cc5d3dd753230d4958beced63a2b56e353f9b8f74c6eac59,1426,211,1637
a813703da5169878f990aee2338afe8acf6926846034a45fca1a04aecbc45894,1471,527,1998
9a9746d013d8aa5f70e0a65d06cdebf28cedbccac8d415b275b261d2d0f8319d,1610,211,1821
b0ee6e02535754608200b0bf806f1af8e308cba003c51bd8cba0cc9ea6b4c4bd,1413,207,1620
03fed15a31aad6cf3a4f2f460295b929572a3d39a1a94c0ff2d07e603887a0d5,1286,207,1493
87aaff84fca6d8ca7e050f75b8a4634ee245590aec26a278e44f6aea9d0c82c2,1606,353,1959
768a2f83552e10e80064a96bcf8d81ae2e845bfb9d757e039c5c68de0a3c6d37,977,370,1347
c1e5497b7ecf6f07382ecb4d850159cb237308827a3b406cbf79a20ff176e1f1,2057,544,2601
9c75dc2e936c5fd28cf2676a037055b5cc5b1c3ba454353132f4540220a4654d,1263,291,1554
6890f412755deb1fabaf06c909753bc0c5b90767eb310527701643877c673143,1011,224,1235
5f7d7eba5a35b84e4171f570703de7e976c24787b841015f550f45c24d6b0110,910,209,1119
02001fb2c95ec81806e9825fbd7fce8a7d467a14577276ecfb35c800ff401714,1713,665,2378
3ce91df0fcda23dd33d8abb089061f6cbaf91300648f28286f08a9b43633a0d0,1582,287,1869
e2d825380639876ab2569cf676ad23ba2c2b606c5529b90140ec9a5495481704,1076,225,1301
efd1766db9fe3c6bd84ac3ff9b234c11471b80a0ecc949ec9e4f327a6d80cbca,1122,284,1406
5fc236fe10b9ad3c77f4d55c9f5912dcb9854609fccd19edc8cbb81335831abd,1011,223,1234
6f179d142647147b2a667d374bc7ae250c763c8266c9daa67e2be2fed88a8493,1438,283,1721
7d8e6e642a135d76087b25c701891fd9fffcf122258f10e2c9c36491ee65e105,1639,314,1953
ca9c5aae59c5c269fddce3f52b0dfb4c3d3cb7ff6ff5a19f24cd6903af0823c7,1337,475,1812
ba5d71142187f9e68ff7565746d7dfa9935bfa3ed4b6eac0be513211db1ebd28,982,210,1192
cdc9f869b336ac69d1fea38a6f63108ed0759cd9b98daa3ec4d08346d571339c,1182,308,1490
4ba9e9e84c81f1eb5c34820c951bf7c4a8308f51b331f9b6dec20a28049a06d0,1508,796,2304
2e06157de7ed422d272366437b4c9a627bafa60e3f945b3ed209f9f7c0027bba,2100,555,2655
e09153ce72a66d45d327950d4cd64489abad840ab639a09cff4efb45a6674a7d,1397,299,1696
9212a12a0ca5b043b61ce72d3a2e2a0f8aac0ef615e1f6794e2c1a08ed8063b5,1095,305,1400
b66e1e440c780e7701b115e192c009df08d369525e76b799143a5856ef00baf1,1009,298,1307
3c8090fab1ac3fa4d45630f567367b3bb49f8539909efaa2cd87ae6023a3783f,1568,359,1927
e369c11978506b1db80a00a781df37cc2cc4d518c10bc32e8bfc27d698179051,915,211,1126
8c3e876d5d2e37a80efdd8ea2e1d004c7a689cc72e7433c9293c0d108470bb65,1297,213,1510
cc2422981a72fcd53f1773fa624db1d0dc77eeb7571ed85f5d924eabab5e2b25,926,206,1132
71c6eca3a4efc2e11d4b59e48e3ac670c8094d6464c432ab63af1f483558a72b,2263,436,2699
5a8d1fe2e9227baf52e6f73bd0e0a31c96d7f0bcb538bf53873da41bb86cd2b5,1264,211,1475
4c35a0492607d28ddecc313c6c455f782c315621756c6d7f1b217a287d63bc04,1654,531,2185
3fb06151f3d3d9c87c19172697fe0cbe1795df04d18304efeff72cdfcf56947e,939,219,1158
e43ac63f18e23faac19663484ec7a4ffd8cf357d2a695e6276697277287d96e6,1138,211,1349
a0425b9d2b5f83ff25e9b301ae09995c4cda6846e078842b59f8f2ff35de92e6,1465,308,1773
e4c918f39a579043c15231ff573a5ea3bd4e11bd750819d428d9f661612c9a21,1186,292,1478
2e4782558d725c0fd0f714332d42b5b3e688f29e38a1ca13ab451a203e58ffb5,1196,697,1893
26baad9926b0e9bd984b2284703852cf6f1f2eb72fc35a03a0d580d58beb4cfc,1084,223,1307
28a92f7784da07ebd208d82bcb2c239908cf5cf480837db1a16a8e9e404db6cb,1517,514,2031
1c0ee36460b2d1ded1bf7c64818ce2338c208f25998c73d8444d1a43f3f6a937,950,208,1158
a19619542b26f47c1b6502863330b826cc2a8e54ab637c8bcd9f09c980bd72e5,1124,208,1332
718de64e286bfada51325759ac4480f98be1a8a824b41c67cc3bf132492ea0f1,1506,284,1790
bb4b18094868df87c8d669df10f860fa6f7ecdc379c39cdb02bec119aef84d0d,1520,292,1812
0cfa7928fa1ed9e090296c64724b9507b0fe17acf392137f40d2f1758465fff4,1115,211,1326
83a73165f26bf2728fb96cf572a89a0be1d13683edabbfd29064382ecde15cfd,1021,301,1322
61e96b84784eff22972026c8bc8b934da24b20926cf2a3750403b60bf72ca20a,1124,205,1329
9c7677e577b0b3c621cfcd5e4d37bfd837c013804a0cc17ecd279862c30a974f,1177,389,1566
067137a878bd857d86bbfe35afbdb0b0bbb35fcd137356b05c364e1bfece7c12,999,211,1210
333d7de5556b91c7e73eb3a20a3e0416a617c1f20d889324879d708d84b7d5d8,1665,1314,2979
ce03109900eee7b47456fc0eed59404cc1641a40cd63ffb06d1e64753877c6c8,1659,666,2325
9d7c7fe528edb434085431ba05b7f13fac1ab854cfd3c341b7585951ef893d31,1247,211,1458
c28704ad394fc5f0c36e0815ba4346f9b894872a3fd7d6d2579555f41f3ed31c,1313,289,1602
a8668540d6be2ac6d2aa8bbe7317db5ee8ad7e9f427995f4e13d27ad462f1de1,973,218,1191
a1407ec9ec0b0bde5eecdb02aa73aeffadcc443c8cc7eef39a708500cfae8383,1250,207,1457
d435a63eeaf7ec03fccfce772627dd8f0d8980c4ef6e9cd65ce6a41a7fb53f5f,1285,221,1506
f78fc8af8b5629a727557b194b4a8f041d96f5d7f3320224e5060e82e6b7af4f,1550,446,1996
196aa38de0781cc4b3b1248d0d8a01057b3b7633c56a575d3247541a74e42cbe,1283,210,1493
491c49211db0abceda54fe4bac565f2f0828e3a8d33d0f2cc883c5fb66f3b738,2234,438,2672
09f94603076e2707acd30fd74522896051a1f8bfe29117a544774ca2c107c080,997,426,1423
a95068f2a077f62f8d405ce07f76f0293be7367321f3da7aff3958c472a3093b,1169,247,1416
6e15f42d5bd2ba1e4452da6de2590086683a696fb4ac36a95b1b4cf1c4bc8ea0,2234,1467,3701
f9b02a6370b0487403fff49eee2ba16b2a5151160d648bfeb72f5a6c03bbc39f,1149,208,1357
5d4ddb2c9c87dc3b961e6d16d1667f25bd5ca55a9be5a068318fd96fd46331a2,2278,318,2596
fbcfcd7e52cd5e9642e7900183957d1e5eebb6e9412e3141b67abf3a9f137c59,1902,1547,3449
9f17d0cf8f39cbf5ad6727264419290e647ff9eeaeba58832c892500408c513b,1005,217,1222
ec46e3df5aade56a9d3069b2c77a1a5ea418b288ee0a6fb8dde2e929d3f91920,1645,441,2086
32e12e9799d3eed5db174d375c8076393f6e213e7b2e6174a0ea178981f8313b,1455,371,1826
c6988fd16629f2943a40984fe2eec8b1ec5c7e5b380795ff90c89dcc406ee9f2,1723,318,2041
ffcecdee86af0c76967d15f31414de93686348b65ae33ac838a9a854d38b1974,1295,449,1744
ea37c49805bf312013d33ab0a6d9f35ee249e55ce208c41d48e7d2d9837c98e3,1010,367,1377
da98f5bb0d170ab356d4b2f605cc92e07e06dc94295164306a4a83a7539c49af,1279,638,1917
01101e9b130a5f2e2dbcd71139e02aae4f09719b593164996088fd878accfec4,1525,286,1811
2a6daaf2b809433b454c7f6977ed906a52df120d8837c8ba767abf2c4ec7671e,1517,215,1732
3279690df5b4994e3c1ea40af7549a2b6d96ddbc27d916d9d533005ae7a36e18,1655,666,2321
e1f801cee0315779528bb2cd889bce0a7d15562ba2135c1d26e6479c8ef5a2c1,1072,214,1286
2e7a2242a6fd6c1a62413d9b68d9f5d02f306e8deee1aba8320a6ca4a32ed48a,1243,228,1471
75ff6d12751fa459ebf919a29f1a97c139f9b6ebef2aef8c6f0478870520006c,1179,206,1385
eb006337397418aab7ad6805bc0f209b125c781bbec5bc5d0ab78866e2698267,2148,1626,3774
906072586d9793ed2e1283759c8a6f5cc8248aa11c4320ba87ea5f66106c7782,1610,449,2059
4a7e0174d55ef66be072aa67512270c5c52b55dbe58ba8db28601516a04c9b33,1617,325,1942
d27e76decbf8a48f700957fc5457a11658cd4923ff15a16e731baaef6c0a9149,1145,221,1366
525313113b14faa980996c9f72860ce419dd92c90ce8a02cb4c5505100d08e3a,1112,214,1326
0b587d30b2668405251d36ca531e167dadec6353138f3346c2d09809b1bcf53a,1306,381,1687
50b6166187df1c20acaf7c8d7f1f26db77ace3740ee6eb75cf16c1bb5d347117,1234,302,1536
62ad869fdeb2443b874cf480fb6640625ae420147482bdb184d26b923c2d7d6a,1503,610,2113
14b944ea63a97f0ae0d99b44acc936ef3fcd800e7bcdff6ccb161cedaf5111d2,1576,278,1854
444bea53b3d6c3ff9a8152934cd923fa9572eb859f7652ac772c7cfa4a522097,1132,214,1346
653b56b4e6a12d9e6b16da3be87d425c48a09f07d863ac36af0ab0e55e6d5653,1096,271,1367
c55a634ad382df4f458c5953addd4cb8f9e9771b53dcbe54d9c2e274ac1ea04e,1191,314,1505
09349f4739813442b42c1dde55d598c06911cd307c84bfe3996c356fdb73d144,967,217,1184
ccd9a4e7af87e8d5aaf5a1b3f4daf788a922e55aaf95df7895b9c6e220fe87ac,1458,288,1746
a1150b98c48d4a0563d191ad0b42fa42916b51fac950e74abe96614843a70ab9,1487,216,1703
f047dc86c9b77ef81f319d756b4b833cfbd204f5577467c99275d246c6a12da4,1486,282,1768
70509662cf747e3a095106293ab009f484a71c9acdb780c47d96730566c86256,1120,317,1437
62af51e3c724389afe43bb65d532b668084d98daa8613b13d8942a388bc50865,1124,204,1328
e21eceebe4385dac8368035ba718d7308e334eec1059f0e3c45e72496d479a15,1034,205,1239
23fd779d3ac13003b85f0ba8b12c68230793bf79dc18421adaa1a4109e0d0063,2001,646,2647
01010c5f2b880eb62d96d677ef961f9e27eddc366a9116ea32093f35271f2cf6,1245,633,1878
a4c3fd83449a8305979acbf600ee59151a1fbcd49112ab6afe75fa639f575acc,915,282,1197
a25f92aac293a3f90c9ccf2069a5a4233730b909dbb744e0e46599b24160abd5,2177,445,2622
0c4bd0772c0acbe05777c7709184da1361a876dafcef93ba03688a9835f7ac2b,1199,131,1330
b2b59202da52d6d3cf21acb0f6e41b9a38e77e76dbecde9398333dec60377b94,1012,208,1220
3b20348450f07c568aa34696ce7240684d4cdac6f5911a22b93b089acde8c285,1255,307,1562
ef423afbe37416268f9adae5952688bab859594215a27cbc4e6270a901b780f8,1206,150,1356
88d523abdead6207a474e61957899a8ee02224b635b34332781f9db0d5d50afe,975,218,1193
cc62bce40b33295b40adb4844ebdb25306c6881a30d36f835be89d0a7a1c9321,1124,205,1329
c359cafe6746d43940a439f82318ebba5f8c41c748d39b2986e9dd20d945cb55,1554,305,1859
122c650136c501092974117da548abbc9889f5417f11e09e8f070d4d95012932,2297,548,2845
96baba7e19a38abd875367a2c690efca325b0ec58d679bf8357ecec43994d7a0,1139,209,1348
261e2fbb0228204534301e15b5887145367e62dc81a90ca9bc6b7c754e4796c7,1317,210,1527
76a043692c93c4a0506dad330c8699624c8b8773c2d39ad899aeaef97a59f119,1092,376,1468
c3640760268b38cafdad6c864ca5a8f7eeeaaa8785e89bd1051249193816d646,1028,243,1271
fcff798abe284c105e2d2879a9db2acec1d00f305b02e082a8a1dc67175a7469,963,211,1174
9ad7a30f791b942d1378079613e8f149ed717cf595511f239f74308fb064cd05,1323,441,1764
be6362120cae227712ae954eb296a174ddf579e1bc56ac52b611d04fa9c70e7d,921,211,1132
13ec61ce40b6cb84ef8cb489e34ee1b9f80fe9bacf2ea22cd3122180a2732fd3,1216,292,1508
787588a5a44554cd29b95210f1780e51837fff0c9f145da07407a3d47e5f5aa2,2176,544,2720
40201779fd44a63c3004c905e77bdd08bd69d53807dfa6b4639c9cb3c6eeb410,1111,208,1319
0fbb0e83b8b7f239dbdbc68e4bbcb638fbbd54c7406e634ad9ac814a8fb90787,1101,213,1314
083e51a00575d9fc98e832b4c7d21e3bea8b615ba18e1d751d8cffa79f576f46,1021,226,1247
883d622163e1941b0a10131cfff87b105adc6d1f6856220deedca5e3eed9c908,1119,228,1347
b4636020506afff56471fdaa46d4b21fc8569451d5ac2802758bbac6d5029110,1016,210,1226
7f4895de777ce1c68fb9a408b60a8ba90739fe8b417f34e465736a91605865e9,1273,684,1957
7bd2463f6d8663a95bb35afb054bcfcfdcbb0af00f99c4bf025a89d9fb107656,1493,592,2085
87bb95ed84390349a49f90e6382f365d12848f314b32b27399c98e2e9bb52805,1133,220,1353
16c49c979f0e9e9f748697119da284c6773336eefe8b7c8232ebbb5f629a4139,1083,211,1294
38bb26cf91068bbcb6db79807f04ee8e8a8b460f157653364335ee5c84b5df41,1559,817,2376
02a79747ba0ebca27e1947c2eb3d58524797a710e036815831653df1a4633aea,1031,214,1245
abb5ed306fb6bd8f191c5fe1176b84065529d7bfaaf0afd181d9f05b26a327b4,1137,394,1531
4683a11ef91e4ae9fc08d2fabf89ef0b810b06302468a2e065efe5c81c87dabe,1209,202,1411
70906e2a8c0550c3aa056e93efc348d2f7d8342cd47033a129289780c0eeefc6,1351,282,1633
a957c514b73779f8697cc5decf44369c15e5cc12a64e834f3f45aef783068d59,1457,290,1747
b4b1f148e2869cb7dc15fd1510878d4ad6be86e3bc2cd83a73aca1900da4a63a,1264,221,1485
b1f736e944a9ac8e7bd068a8c34a71850d2a06bc14febfd78b58220e09664188,911,282,1193
645c8c83ecbf56ea6b5d58060662873fa65cf9533d0f19a4abedfbfec79c7bc1,1053,461,1514
dc35e4aad656b60f3919787dbfa3249197c8a7170aa22e14eaf319ce2a72421a,1550,424,1974
9d7b5569c0e3be258831806c3d5a3bd2d1a08bd281947f4746b687f8d46d7962,994,209,1203
2e91822cbfc2abf6cb878c33a06ce75a59a6e500e7d871450adb3c5ab4abd400,1318,211,1529
a42b0e5f1d5215a3e698a96980895a9c858b35e03ca57f867ee992f76c90ee45,1614,368,1982
4a2d6805db94abafa2c9d599cc1198790932dd0dce8a7d646a6e967a74f315b7,1119,132,1251
d27e580ffff03a91e3623d2dade0cbeed7b8572eb84db5dceeb80134a3ad1578,1173,214,1387
9032eae824cd2eb3c9100983cba33db33d047766ae582666ab56e1c0a79d77f0,1203,286,1489
4f586963944cf0baf08a360ca2a2696434a6a831490d4c8f709590efa280622c,1116,207,1323
4538ed364bbc266482bf06d14716c9995cfe826c69605921aad1e910067997b9,1124,355,1479
4dcb79429ee372feb1392d2dcb60fecd9ab2ede68cc69687346f744dc20ac241,892,295,1187
da11906a79f35ba9f6d731028c360003bf44e7c1e84b50ab1058458d3d2e2fc0,1049,417,1466
f675feb504b08f726062fa05c699d78316da490722aced2c06d73fe242a1be22,1003,216,1219
ee7a5f2e1a0d36aa7e76b3a60ab6725ed8da681855865036db37ab3b2192626c,1595,282,1877
70e114d4849eeb7745df2aed6efe830c78caf23547ade13154d633f1e7db01dd,1124,205,1329
83d338f8f156d053b971eac2cb327062807eca31af1229f2b0170eeb6f93d195,1127,209,1336
24a7d6ffbd5c8c85afb8456ac8f6249c07b7d541c7e1078ef17c5f09eff701cd,1243,208,1451
acdd056ca9614cc67dad291e9c6210c549284fd81371fec2e7e562dfc74547c4,1234,287,1521
9119620df814c6903ef50ff5d5068caf21f025d5d2678951751fa99bd0b9df18,1519,217,1736
61612eb20272e35fa0679b41e3f6a5e3dd07566e21d3f78ddab24c73b716fe44,1621,973,2594
d1aac9e580d11f67500f73b7e44f6033ef82452902f6b26db30b042dc9f3e67f,1474,736,2210
efc3f0252ede3a2fa442211475c7851e95ac46f0d4816feacb942451afde56b6,1432,431,1863
5cef0caa9a0219ad707bfe1d2ff5465aec6189c4ba97f21e424604f4fcd57ae2,1507,224,1731
ab39d20e0ac091c5149111380f2c8528ccbad4311f2721729cf21a08e821f060,2080,562,2642
a363b4e4d784531a35bff374d1fd09c753337935d6f46ead253a4ae4a1673c19,991,286,1277
afb9604f6b2414e51645c5598c42b89d763ec4fcf17d037f652fc1d1929878bb,1582,350,1932
8b28bfc828fade4e13f77a02dbc7fdd3034fa960eab5778081fa2d1dce92ccba,1040,280,1320
f4e331f87bde66363cae55f2972b4047bbea1be5e5031f98b1d21326e91dd567,978,208,1186
fc7d7744ed855793769f3e99be44653187de35ee379c6909aa18fbbf3a69103e,1539,286,1825
8eb59fc3aac654386f5f21bea542ab684ab5bf7f1c92cb26c6b5a91340bd2db5,987,212,1199
b2cd562b07c73dae4965e7a4e6ac53b743f5c1ad92340bc9107eadd8aa8d392d,1973,322,2295
9c8bd835fc44386611730e9723fbc4e08e91d84645e38969a3259cbc45de1f61,975,210,1185
265003d1ab6f95c6c7ec0a3e9da413712d30717648d4454cb33ca36f2caa731a,1546,449,1995
25fd10f53c24d63a1b0b2bbe94c5f149d9ea0f2918587bd89106c86ab8517534,1210,696,1906
7c247c626228ab83633162c46980681aa95a8b06506c81877238f32c4c9b123e,1578,206,1784
affc4593ad916161d387c45bde9925f3e0c2719ae2ff1663c412c33f67b7c6ec,2326,1946,4272
e73bf698d5a195ab36c6d568efd71bd38033661c840e2f00375443a8eed648ba,1124,205,1329
e5f3e78061a7ecf69a137d67e54e612d748415f41739655df6d5e4c74022e79e,1445,445,1890
92818cd32aaf3410ab1c5ae8d30fce84cc17591edfb137e3bfdae77df30f70e2,1715,322,2037
e2b707f2d76782fdc292f8f153cb8f9a92ba3e49c5e1133fa84d4436cee33251,1430,241,1671
1af118551717b6e18b46004a4c417e1057d04d90c244a12bed2644a0c31078f6,1043,239,1282
c9a0aed92a1dabfe1a0100cdd6f0a59acd0d01fdd529f67ade710558ca7acbb6,1202,223,1425
f36ffad3d954b6ff44ef2e338660eb9b15e47acc8db8212c20f899a9fc00f250,949,206,1155
ed208ecddc55bd0b74215f9b5334cb999aa208501d43a61b3b1fcf1a44ff2325,2339,479,2818
7fc298e59bb501415929ec7f95f872c0077e5b244710a3687691b1230f49df7c,1450,312,1762
5b1f2e2ebc211a7163d58491a52b22cf5b7e72d700a9c75d4d2c777e2895eb41,1518,204,1722
7a2da3dacf6365f29a3615f6bce5d824d2ba4c1b9f4a421fcba1dfb97cfbf2d6,1236,316,1552
a72e09a25c0acfe8092e7bf584b1735d48bada55442dfa148f78a112fcea1a45,1088,372,1460
5ad617cdb17d1bc45e204fee92b5a59c68fe404393e1c1b9b2f889e35116f84c,1633,1216,2849
21ef23071ce9c1a7d7fe6e90304ffe09a81efe0d7a756d54d60bc5e09c205974,1645,426,2071
6943a1415591b2c90b2c230945b4cd83fa7dd28c52870c77a2c2257963317a2b,1428,201,1629
b0118cd9cc6e5ba3ffbdfcaaecab7dc9f4587cc5c2d3977f1c5d1ea3134612ec,1226,820,2046
0ad08319aca29a0209bf830f94b1d7b87849a3c3051e569e38709456f932d973,1497,579,2076
3b682cc11a5d61ed13bd2dc9f1e67af549881ec822f6b5c8f5175915dcdf55af,1378,357,1735
648d399cf1aa0e0344cc960989535ecb9245f8168b54761367be8dbcfa775eae,1258,212,1470
30e63d200f8d86d9bc25f9e3ebe7ace600a6bdd2b3651258fccaba4505f6780d,1914,495,2409
f8e6cd62dc41d1e7b5491be1816c4a9019ec85a117ce66606819da6f2f465eaa,1188,605,1793
49b552c9028aadcc20b203bc79ba8b17f1b1dab30dd5da304e07377d6baed311,1583,279,1862
c79f6e2037ea71019374751e7623e72390695b04131117bb79882560f93aca15,1505,206,1711
82792536e81c687b75a6f7486c490067fc05a0c77861fa32340516bef7cb680f,987,295,1282
30842ce66470ca6a15ed61e8fc8aa3caa4c1d5463653f907940f2866959afdf3,1385,287,1672
b3086ceb53999eb718a6c6065e7bc9aeb9cfee2197c26d53ebeea7a63c781980,1054,524,1578
af5978ed0da4c271615631ba3d52f6cff22d4027d960cdb2658c82ee42eba44b,1144,355,1499
43c6ca1ceb183e37aebbba03dde597080862d7ba27bed237c21c75557c6dcf53,1124,205,1329
f18bde0f7e9aaba3cfb703e61a487e16540f5a20124fe92ec91d9c945eee7f7b,1138,252,1390
ba072108c342f309f25bb856de00b971ff3cdaf93f5cf960b286be0d90e5e7e0,2384,664,3048
e9ef9b27c1117edae08a0ac0840e71e29b84978c00160a5b4e644e4435b53f47,1157,205,1362
4f8fb710096f34664164c55bbf1a19533ed718e882552bdb5a03f81e41db6dd2,1079,360,1439
7bd4d28ace90db4975bb173f9dd4873048f1c5879dda78d111291796cd76f757,1250,213,1463
2eb0d9bdde4247ea04a2b8abbbb0c6d88524cf4ff6e7bba23848c04991d7b6cb,1412,380,1792
cc6ad47384af57e129376076a246d08ee2803cce2fc74de5b992050e9d6fe359,1077,208,1285
fd5e8d404dbef081a913aafe594265a7723c31af8682d1f28a949a10156e7e6a,2082,312,2394
24b46a6f964c80d6529bb99a620502e4aad4969d1057e3c73b1e709ca700a7e6,1227,1163,2390
f5d204b6a6341c838e86df07b193d9c5d2aa23294fdef53c0d65d8bce458238a,1886,665,2551
357cac340d2fb6d5bc70ec703f52e8ad4d12b7851a5c50210b128d34a4e208e0,1353,437,1790
2d00765a0cb3d6d2d33d520309597940e01f5f44c9c77286fe475c2b9cd85777,1465,635,2100
06b9c9174814f2d559e9041e0f0805ddf84bb5d36c0cc7e3452bcb361f1ad9ac,2292,370,2662
adfdb429b3479fea0b1613ff1a5966b6acd06752e819bbe2b3788d417d191bb0,1215,444,1659
df80664474d0879cf339009f4c2175c6072eba56f7c7e529d575d717a569ad2b,1552,325,1877
ec81a8bc88cd2cbbac23b2b5368f54f07704c4994065eef05f780be623496520,1425,211,1636
affe718a0c6369c5806255d7b91ada2397a6db1713d0d741982c290e638c3788,935,246,1181
9d7a242049931ea89b103ef71bcf1006e661ff6f2ff0b360d5ba504a4a8ab113,1493,278,1771
766e9675a179a4fd8c3df18e9c86ada4d7dd229c4f1c8dc558c5dde5971024bc,2097,769,2866
b60e325f0a16f6f82493002274d023a3b11681816a1c7774892768d54d46fc34,1341,226,1567
73822d357a9fa2319eea259212d2f94c8e4c39da589342d9730efd649f1a5633,1574,597,2171
177854a4a975b0df6f076443bfe43be9f8041fc0fc8dac57bbe63035f1b956a2,1392,524,1916
9e4720dae82ef33e237be8e02bb47f164f85e3d24041a764813c40296c8ac720,1457,317,1774
734c96bd1b5b5cee019ed7a15192389cc7cf1cbef50a261c501cb715a3ccc4a8,1379,227,1606
fbe448352e08014e3d615729fb3245fbd9657fa7db935df0819a25dac8f5db33,2267,820,3087
691639b4f07b76ae2a3c93c94204ad6eb0c1786977544b99661664ac00c4b84e,1071,223,1294
a2802db1227fbe2e8c1121737e68212bad45588c2bebf34cd52b5eba2fa4daf2,1065,250,1315
cea35f92873d93a3976c63b7e9d5c68f761b4300284607d1c57a5cde96ca26c0,1616,562,2178
1c5cf4b4dbaeb2184d611e711d899d070b9f88a64947cf02a9e296486f581a0d,1021,390,1411
cd9fadb19dd0cbac6c73b8fa7b199883d2fa9d494028c83858888d7260255eb2,2111,534,2645
220b8e431292079cdda0425e3fab5604a1c724f3eabc4c0d976631fa9029247e,2185,1359,3544
a12c3ca86e3b009e7a6f987ef19ada758d02dce4c1e7377af24e41f6e7ca7ed1,1377,205,1582
462bfdba157270462caf30f9420e031f63461019543d91d0540394132e6901cb,1447,443,1890
fc0c3693f5cf6c4c5f94eb9d2a5aec45c149ec5f14e6a8ae361594850043f311,1599,458,2057
4b1ebbb63c9dc0cd9dc7a52a06e22fbf719130746dee18f1deb12134db4b05ed,984,284,1268
5c739f4e0af554c3c5131468bcced7342b56613a3e48decb33fa79e6fa904b83,1017,246,1263
ab7835248e0babffec16760857449e442d90ca9224d5f49863898b4315cca451,1472,691,2163
4dc9d1fb5fb51e19e5d5407033bd82cb50ef140d2a14fa6e87f2bc97cb3aeef3,2258,1120,3378
7758eb93bc5b0d8d33c8a56c5289af50f8a1933c0d232c40683ca261415df261,973,214,1187
77cd394ad1aee4d059c0ebb97ecbab8974e1d2a2392be195e3a4b533ffb6d975,1458,214,1672
4697e031a1c4907ffa78589f15a2e2afed08febca205f43bde2fa297f184481d,1460,370,1830
c7b8a9a04a97784e09ace5fd18a74b706c70141158a49e9f40d20fe752415fa7,917,224,1141
ee4f1cf5b2f637378f5045919326111603061724f0297dbacb7a0d30ee64b1b5,1548,247,1795
fcb3c2914777a09f09f07238e4bce983cce03f87f4e40177715991c1bb5d4746,1147,247,1394
7b6bf8b445a1ba9cce212bdb1840c0df3e6d76163faa3fc664fe44f81b327669,1728,450,2178
b419c4d8a9d9caa42d5d859b6e9ff1326de215b274ab2853e63a9e97e1817acc,1001,209,1210
ec2c5db55e81da4cb37cb72ae0616cf0f4ff3a81fed94087345bf0f94b807cb5,1237,285,1522
4856e1ecbf19661ac4992d2450dd95853e6b3178b1cba8dd3582406fc9153385,1003,283,1286
81b3595cff791322dbec52c31aa83049f848b43c9679cf54b5761de0d1693000,1344,247,1591
0f4f5cd9bfe1f375faa6b751dbf875a36566c4b5f828be4544ddf6b4d7ffc0c2,1078,307,1385
4fc26d56b5968734fa957bf0bb4f6939949df0ffa835c4e8acf5b6f73a2ecd0c,1068,215,1283
db75d0144698062ed744e11ba24e9e254c8060b58775226f9f57eb15e0565a86,1277,211,1488
d45cd24dc189c436f0e24752a5ed97df80c504962adab8b04b2a63c02b28f7c1,1124,205,1329
72871b1e24e9c6be55d7d4a16d50199ee5a2feac04d965aa3e0860f173ea4a81,1772,322,2094
127d8ce20d2bf8a9a9101451bd9800c25997b6225fc17f741f4c070c47eb325f,2312,761,3073
ac3a70fd5588450c7dbe2dc0f85d5bdfc01de96b4bd92a05c3080a323acc3990,1255,202,1457
f1e0ed6ad797465672b16106946dbd3ce8d03d1656afa439f3a16916dce1bb0a,1342,466,1808
77be5e2fc2b66e6add9d48ca0df8c30162a5ce827d8cdc1c8a9e0b67afd74ed9,1019,210,1229
e78ef5a08a74423b1b26ac04eee9595af79d5c03cace00ab851e899de12bf72f,1334,227,1561
a723b9f1d6eb010e16705a0eeafadbb0e05682f9bcc1ca9d06cdea612bed4b79,1205,933,2138
868509e6ec1b5910ef46afcb7d579028f33dfa6efe605839418bacd665249d9e,1043,201,1244
c5c041745ec15c8d8917b2de4b6880c3c597fa4587d41f2ad91e6098d944f5c8,1245,374,1619
322763f640c886e85301d26636249433efc5a2972b42fa7658c60ea99acf1133,958,200,1158
25fded0278eca50a0e195471b7a024994e6dac8471c18948e5dee4e4111cc874,1057,299,1356
4ac4ace30ccbfb14b19579043c51a6dbd814b664c000dbd39c346f2673ad517a,2165,711,2876
61397d0d42c063e1f89bd86832f6f8ef5cea57599eff60d717e6c5634d4e125d,1143,290,1433
91a20aeb228e7f3308e5296a300bcb1d9c00ff45a8527584a56c497d1eac254a,1108,202,1310
fc91aee9268bc301106be630aa6893c87b6ba13033f4d73b34b306e1c1d988ef,1144,200,1344
de92ffe444e3e76f10e2b38211accfe1654f9fb57d3d1becbb0898fe58e94afb,1162,276,1438
70945ac2ce8b87867e2b80ef7783e6470993260ba9fd34ace26495230d2b7b49,1160,373,1533
2626c32d27317a8f0fa73f9ff275c0bfed3439076c7a4dcf1f746ec32ab4b0fa,1124,205,1329
e5e63e0213f479297c4a53382e45bc23e5dc01999bbe02ed17d55b4cd83503fa,1315,445,1760
95ddfb0ed1014665e8035be008ce6d37c5e8be7ae9446ffc77704a0e26a83ddd,1547,204,1751
1ae645b4fd6378b7179decd7c9edd3700e429b541dbc12345528c79f7e67b1de,949,285,1234
0c52293ae6d7297b7e813e0774d48526284cf1ab18df4bcbc06bcf051fe889ab,1322,200,1522
405bdba82dd4a29f0b33e4d3dc1b76597fbb5dc99c6774938c1663856b2bccab,1774,665,2439
ecb962d4443f523dcb9010f36458399c60d86482824d9c875023c8107a4d1988,1894,949,2843
02910b3b6b4f4a06bf3e76bff63d791cdd27281eeb8b49291dcdb945c6adfba9,2229,796,3025
9dde4fa0ebc3638560f06ee5c626d9f49794ccff21d87e844b582fb928533c3f,1274,292,1566
ea8737928c1bab5df69f56734050cfb54a3e4c50bc0d5558437cd68bdab681b0,1393,360,1753
147d3bad2c500a1dfa488d1ce10d3e3818228952ca1160a86463da8488614b65,1048,294,1342
166603fa30b8907967dd9736648495cd1e4f7c8db5a7ba51c9f40a0007e15184,1187,212,1399
b41eecee7991296976645b65534979d3ff041ce2c39c3f5fd682a556aacad6be,1393,252,1645
52946231686ad7ecb86dcd177b28a7e061d3ffbb3ee9c58649bfa0686cc5ef56,1112,215,1327
6873c797b75a98447fb0f372f95240da40d737276605bd8baf2d8f65a2ee49bf,1550,210,1760
4dcde6822c9f07ccea4ab4c169ee003fe1d9e2ac5779f2e3feb312b2431915e6,1072,217,1289
3462e5e5e8383cbdc22d4165119419fa0eade92779609735f72a1f4c8d5d8dd9,1267,287,1554
4864c93e5e959b698e92464891632c381707eb07bed7221660698d5113f8cf60,1269,221,1490
0381900605919c753758acc331e2c7d1ebdd5a0a540b98e1ec0e3a34dee449df,1179,205,1384
54240e54cb3098c17346c58c8ea16229efd72fdafaa2ad6e421fe129f6d89820,1094,213,1307
0b5793a13c3f840b6f5159b977fcbb6051421d81faac78936114ce5fff753206,2153,351,2504
c1f45eb7a460feb389e22bd5262955ebcecd43abdb9f9f4609ca047007f0afd9,1500,215,1715
7b69e70af6dce09e8edce7d969d912bcf0713b526b919cc033cdf3d2bd0c4cec,1785,428,2213
93dae87ffb852a79526cd5f55eecc8d0d0c821cad5af03f0eed53067bbf1af78,1059,427,1486
b344f7afbfc4de348547941bd4d07fc01f4534862c08b241702e15dc142a91f2,1159,209,1368
e7791129e14da57c698802aff3022343b87fbde07ed6eb20e29eed691a9495d6,2233,890,3123
557d864c1b9eec76ef130e5a1930996e3117f77f8a827f7071a4ae4babee3098,1165,299,1464
223ea461bff2457a5eed04705f8ae5067f5bee4d9dd4b8f285a5e517cf0dc2cf,2598,1995,4593
d2b59e68be335618049738450f96d43d39061e41a663a81002e202aa9ca8c1f1,1409,293,1702
2bfb900170a6bc6ebd45eb382187e03a4ff0277d14f1a910685e7369264cb4ae,962,201,1163
1b9be6bd144533204d7468f4410f39521816f12da55b9efc17afe6d99dbf3028,1028,206,1234
f8df95b6cb8b5f2b7fa327ad1c8cfffcdede48b513c9d3145d10b891c00978c5,1283,213,1496
382af4c3fc0d23da4866e40149e785571a75f7cee55faff7e1d242c19e0cc9ae,1321,369,1690
3a750a797db64c2fad9c3130f5232890a1181419ab9b451a09b5002d2c8340d2,1549,287,1836
b8d253da914d5ff125c91674568e80376509ce7d43662c5bb1923eb43d9e9071,1479,231,1710
282098406a9a8d1ec6799946a5fb95c8bc57f0e546f388b0563ba185c2852d70,2214,317,2531
6480d0343cdc56ed8fcf6c3d7c4afdfa5993a25c2d6abca6ff1ae4db8cf98a84,1124,204,1328
6dd496bf49cbb356a6aee839a5575598a91d68db0a74cafd33c00ba2435377ab,936,220,1156
9ddbf296a1fec2149b0bf0ee79109fb7c3b017cf1f889cecc40219e4b3529397,1461,361,1822
91d82054a7da011b6500ae07408eb4d241d898e692d8f452e6a8d312957c7301,1226,292,1518
5fdec50e854cf6bc6ecb6e67ac705f8cd2239c180622566340f0786b6828624b,1300,204,1504
e759f1e110475dd6f160d921358d92ce25cf00b107d1d79a578f77fa66bf48d8,1332,320,1652
ef4d2e7b2dbaa9540ae5d3671d51d0df5a383fda8ccc40ce4327d0040eaf7ff6,1666,432,2098
85c04998a402978d9c6588162e6d9b10076728ed56a860be9e030459617fef3a,1466,207,1673
6db0da8cf840b23be1cb68dc046ddd7197a78f72067f57f9139f379b5326c055,1213,205,1418
1c24daa9c36587d1bd51bdfa92bc00f852fc2b56d1784619019ae4cf83b44d44,2332,544,2876
9f7fde0c75b5c5a74598680b1844deebc120aaa17622426cca5c4dad60365b91,1240,208,1448
4b0d7a93d0ba9714663104a12fa2f18fcf6dbf18714b409b7737ca850d0bc1ae,1465,201,1666
8ace5038647c7227ad703a8e6ab012ceca20b84bee19cd400e6553cf49e3d750,985,208,1193
5c2af22bfa3538793399d460882d9443691f5c6de962e4025ccadf0ecf204813,1293,209,1502
88c32f9efcdb3170c7ada519994c56b49f1a631032d1254b89799ece7e26d5a9,1342,292,1634
22a3252f93ad67f2ede135ebb0a55e6303e20e9b123eded82926563ffa8caf83,1026,212,1238
6061f9f3bbcc2a3013f557332dca44b37981918b8149738253892614123991b6,1231,204,1435
b19234ea3b70508fff830d634c8e7800635d998aeecdd495647cdce42d11fa23,1578,293,1871
a102a63aedb67b3839c7da89e8509cebde5eace5054c3bbee14ac83c4a9cd9ae,1337,203,1540
c535c45aa5ffcf9464836bb6fc82843bddc9a09a95adc600d47d646a5055b8c2,1460,370,1830
767614e0b8eadc3578cafecff2b7678fd7b9f15d953243cc6476b6e81a5118cd,899,208,1107
2c3fa2d95fa9260ce0ad5294591fc29b6e417c02e54b02129eba0c7953651c25,1126,207,1333
546db3dbcd5e8ec3e849744273e148d69c00b9e1f47c3224ff80a1b2759cb9cc,1388,292,1680
460367069b3c62a94c3cb81969f0118def78619b1ab507275225199340085138,937,378,1315
de42e4a49999186d36859440a6f5bd0aebb51abb38f9c02a916232fd0c4f0e5b,1295,224,1519
4520ac63c133c7bdf1f1443b7495187e86da7070b52973812f8b1ea3d4af3a28,954,206,1160
bc2687b36986c514b10abf6cf741c8b4e61785f27bc6c1f78c6a43510905d0fd,1450,227,1677
542c32a53651762f7705ebcdf922b19c8b4cb60bfa81bacdd395f3db6d660801,880,212,1092
e4f1fb8d30866c4f4b5f023ef5b935515b862c40f1352fe4d91374e385e3309f,1725,320,2045
5cb98a61e227e60c22e5109f33eb7ea5027eedabad1d4cd352b0cc5d9b04c9d6,1173,455,1628
aae84fcfdbe0426aeadc8b278648cd8a80f2460c8acd93d2cf10876fa7b8c669,939,205,1144
83856517efadeb3e7e73eb3a85e16a4805ba55e547d9430ded57f26a9f9cc40a,2235,496,2731
9021a203dd083e4ecbea65ae5e35b7e9fe15ba27e59bba2c0199fcb152f68481,1184,292,1476
e6a840217450384313c176ca39b921e4be007f7ab297210308ec7106dd898c61,1249,216,1465
ebab62f912d30764a7fcae90121fe42b24eafd0bae320c32856bfe308094c46f,959,208,1167
b3b7051ac0f7f76c26bfc29fc8192419eba56808fec808849c9d68f52a761bc2,1124,205,1329
566a418e68ec5af1f0fac64e8ff810e831fa5ad51a58fafef5d61bbb9416cce0,1510,610,2120
67b0947fd363d683b0666196de012d741afb43aa4729d84c88a4f1fcae235d84,1826,769,2595
6f2cf32caed5b40c4cd77bf16a5b8c15e3a6e1b61362ca2f4c28408dcc36f4df,1045,207,1252
886f83b608633aee063e9305d259bd3e88f591ad448f677e520d2af14f5b5fbb,1296,283,1579
542b2646f65a60f6ac72775ce88e35aac78be389bd68f7d7e177d04ddc126192,1069,209,1278
001da363b076fb30c96afa1f6448842e53427a064a2e4e36e004e0b99392db40,1426,211,1637
0faeef64df009c87edacf3b6a77d0a072d5bce96aab67df186ff117da67a8a34,1070,211,1281
34d1ac29b904d62ec937ca4230fe67ae46cc1f180461b782b924e6f5b4b734f4,1407,284,1691
b5e3c73128d230779f9d016b6fa5daf7e175991a640a015e22aef5a1ab0ea809,1700,316,2016
5df3fe7f22b6756b336c2119cea17d15eafe76e8345627f7c05f9ccde9879d1a,1436,205,1641
c31700c6878ee7d21ab880024ca76bb0063620827cff393dcfc59d2fade0ca65,1489,207,1696
03d2fdf560239a1591ee1085539893420d5a7c80e08fcbbafb7b71a4d66b1b0e,1204,208,1412
962c77f144a679feb10ae9f835e4cc9ba904fa8a4be0a8915a52b7cae99e3ede,2372,1549,3921
0c7bf2f5de62f93d8d2b12ae8705e16cd4056ce30ab67bab449e2f3ac9c0e04a,1336,247,1583
d86c8f834f1a8561659fa728772e5e1b6bcc45e20799335b617dbc3d7b19865f,1806,706,2512
b42142b0436ac45f9c0ca2aaf86d4530bcb4d8e0a89991520518479750075242,1084,207,1291
c884666a975db219001120c886ef548925e1f190dd954e4f3452d2a75553ad07,2205,876,3081
d2987912e77102d38604f96c180434708505da70fceb08bf8f0f2ad83f87461c,1001,220,1221
458e19ff23984688f872789a1b9857a185a8b2502ce4022c20a3602004fdfafe,1060,211,1271
126ddd760fd4d046dbff804c7dc88b041224a07f0c4aa96641ed48ba4786ceae,1197,205,1402
726687208522574a053f9068867a16c9fef56bb8a1941fce526a7aa70256bd7c,1254,245,1499
68cd5c6529f98ff54572260cc9ca1f4190b5da91751dbf611c5e08e6b01da50d,1017,212,1229
8d206bf8cd466603e505e596e18ed96aca10e72e9db6144cf1608ad838eda9f4,981,206,1187
a6c5da22bbdfefa5540d9f835722547502cae3ac0c4915d64a46c2d2a75d4e05,987,217,1204
ce38eaf2059bac388ecd72f8148880fd10e92bc8f80636e4c981e1276e7cd0eb,1213,297,1510
69914313e1fa31ab4bacdacc6631955d65505922e6d231638e44a273a7a48de0,1276,619,1895
3b9b40143ecde43fc605ce6bebc83292fba993506d5657cfcab4dfca4d181319,1415,213,1628
92e18be4343646152a657ce5427d60afbf58a9762316ef89b960753d21aa7a4a,1076,207,1283
cf8799d5ffab09090bc0a89739f6543ae03a0a426a0328b798bfbe9aad278adf,1583,667,2250
c759e718adaff45ab2034a4b8611ebe78d854a072cdac0ccdcff889c6cf57643,1776,313,2089
ab0bfc7f99d17bd3b90b06524db6c33dec401de4ce5d78e243a5b49a520bf097,1446,226,1672
e78d333a1903cca0b7cc0047807335dcad774cf72e6fa560bf4e242cd41f1bde,1357,368,1725
09d6669acf73e840c4c52c3780ab1f17d0318b33fbbd2400f2e979903057c5b6,1335,369,1704
9606d90358c6ec5760239a96fcfb82035b80d2510fca10dba528abda18ca0cf5,1108,210,1318
a37a68a7ba21dc1a39386cf35a6a5ef639d48d991bb22f8c17f36cf85f1da17e,1079,205,1284
6cd7e92d4f5ffa660f387f620afcc81c4c7e7b9a54697acedd1342c041a2d90a,1623,321,1944
ad0f0e367b2781dd43e79de414a7ead10b32d038e362b2632280b89d6e0f8719,998,278,1276
d4d4d444f0f028e3b8bf7e862df8c9a4e3610f1ff1173e5db4476b86bdb54c54,903,206,1109
1f72260e2cd8809554bec0030bdc0301acc3de6d5681e8d122164b0ec0634751,1392,363,1755
612281264e8c6d0a808d9caf78f27a393a61686f16401f234265b329bb2ce959,952,210,1162
7e2e8953d50a89df1b73ff8929a4b49faac8989a0e04bd551c53f5476a9e9d46,1601,449,2050
8156c992206f023374aa6f16304d49c0bb6ca81882885fb9fcacb49df2fecf71,1028,210,1238
31a1bdf72c25056ea18f14eb82732874d17d5b16895f20d5ef479099db3904e7,1152,211,1363
da7b82bbfaed9e217cd42063aaeb2228571a4edaa7392ff1a3add6d6544529a3,1553,374,1927
618e5cf4c8c5ac0ae7bafc16a09d0efc4ac6c3c1def09579592f644f028fdb23,1423,213,1636
ad84412101de8e69f92e10a4f17237ea5debc47ddb7689223d89c2b63129c3b6,1050,208,1258
5b7bcc5e7f31e2b5cb0523ae38c47d9925ac836f9f4695b034ce6a3693749722,1114,211,1325
7c504136ad0dbe8905a6ec678fb721322361c083b48032f40e2957144abc8662,1811,323,2134
d178ca805ea4e59fea21d19ae1ac2d242cb5e882fc284d709e8544384dca32b8,1013,204,1217
6d11761c71e3e1fcd4f2abee4b001da201416302763d63f96547f525ea03ee9a,1202,210,1412
66c418407f2bd933c4ee9c52ad6fd928e64404e6b3bde42ce4dc3728369690ea,1341,210,1551
c7ab27928bd152b1dfa556395091200ed198038c8d993309d9f574f4c85f6fc9,1303,287,1590
e291a680d2a8c904d7625b17f0cfb0c41d0fcf961bb0658bdae44eaba60c7bc8,1013,208,1221
44f2d65aa86cb4ec14af328453dad000e508c2a3e9c3b051da28c339b5729484,954,212,1166
a7747337d9abad85ef58cb5934c5483501672a50b944c114d8d2fda40ba97214,1211,321,1532
30877d1543e756a17c8abb228c6212ebefa4b1f1c9f0d960cec55f41b02a7a40,1799,1219,3018
d393531ecfc4e0500037da95d3cd2080cb4ed57d58da279516372f6352d127ea,2013,381,2394
31a735c12d7d8abb89065c71248d95d3954a60adbd2bfce761c99900db6f4c64,1727,431,2158
7d814d7d46e13c8e4856250cc6df9301ccf50ed8d04b3dea62822b88afab3c33,1795,327,2122
04e12d14cdf158f8ec4187cd3be676068321faaa9d351f21840662369679b446,1113,211,1324
a948e9132ac3e8922af52fcb754bd573a5ef9402952abe1c09225c10eeb4b4ec,1263,205,1468
7d1278de27aff1435aba3225155f44c35d47d9997f28b24a52f4daaf9d755017,1091,792,1883
5e16d29e9300c73eac6d791699a65b4cf48eb06c67fdcd5386e5c0b848736114,1253,365,1618
f1a48cfb9b3858d3d6424e84a0d47dc6d2128e8974a80c6f011e9bb3c10a8d9e,1122,429,1551
8e5dc355de5a616b3816f594d40557aa95d82a30e469fda60d61e535128ecfc7,2101,312,2413
41cef6fde0a3281f64877dc1ce8e961294baf5310ed107fa6fee918a8707a150,1124,205,1329
b23e79c90491ec8e749fc1c7f6e63cfd891acad3819ebda0139cb731914d92a1,1210,367,1577
2f8088922419851432e2e065f0bd4e0841affa619a0ed8eebafa5d398125763e,1067,373,1440
c6c784cffe8e8502f702efc5a4d5054df6ffdcd50719d62ad12e2fec18c59bd7,1548,363,1911
de28d06c1929846ac39acf16e45b66736ab4e8cdae85b05a905a3dd205eafaf5,1220,293,1513
b91580aca47e8cffb545d9b0e343d1ef1456a97af1b7e7a0ab15285929f25a3e,1316,214,1530
25e32f58ae65277ce5ef4bcfdbfb5dfafaca342caf7434402c31e4704dc44640,1058,213,1271
a39356f82d35b851e925614cef40889c3cddf366ebe7fc937a13e98fe64c4dba,1983,888,2871
17ef4cfddb8108ca7a3ea48d4fe7f0458ecee641141ee7d82ce2d91c756ee7e7,1771,327,2098
a819700cb3f5c380f77783a0d9659f5e1f16b0df4f0d76a9bad2ef432f6d773e,1399,428,1827
5da362aeae56b20ce1f6bf28248a94ed87f12d794d03e1fcc0b4928ae8c2b9db,1803,469,2272
fb7ff44b656f247176eb67abd54a80c5e8a10c177f9ef6d132c46b5e45a3a1f0,1783,768,2551
96fce22cfcbd4a01c89809f96c5336464c9c4b581c1c1cb26b41bfd65d6291fb,1314,296,1610
e78735a258210d5b7f4f537ad6f6aa061db567bf58c82a2c1cfefafbc9ec05e1,1524,215,1739
8420896eaff0c1bde33fadea6403cf5f703b3f032f63aed117aacf1a55c90439,1391,134,1525
a17105f5817580ef084e8d2a07586db7cb893ab8be1894ac51814af14d221fab,1784,319,2103
d771d1bbf6eb87e9f6adf93ea520ac8693d1da4e5f5fc2ad3ce40a9030f17416,1203,1019,2222
9952e3297479f2eee289a15541baeb973f08ae9f5929d969ad3381e0d3773828,1286,213,1499
58cd7c2d815f8135eb197e29dc8d48e24161d42f9bc9b154d48d29665917e270,1744,327,2071
301faab740bd6db860bc7da9f5265ff6041d3469ace0ebae7d74fe61b4db71d2,998,277,1275
72a6d4ec1b6b59139f7ed5a03b5a563cb1f4b2df9ce8df5e14b10d73ffb8307e,1101,213,1314
b467ff49e08e4f106054ac108bd8c7eef6655dd75ccc773cc2a405d828cf1771,1339,221,1560
91ebb181478893db8d8ec2a0f62c7b04d3ed2f4f2121177a525c1904922e02d7,905,208,1113
f883cba0801c1982b4e78fe3196a5493c0b1f733b8afc4c6a9285782791dc565,1602,212,1814
4d9f9779a05991c2b3765e18ac2ebf0f6958ae989b47291a54407329ce82b039,1275,313,1588
52e82286d330e645497fca533a4d321d3d8bbfaee3b568ee3efe7047bedb6114,1326,214,1540
f15954fa112535939fc268828e7646f069f767b3b2df951d70c878baf90fece0,1124,205,1329
57e675c68429df93afae012a95d78260777a4756f60976cf965e509f894b38fd,2316,587,2903
d48b644d84acc316be8b75eb2198aadaa9c12a38c4344be297c50a9085476f1d,1448,222,1670
b35265d39237af627ffdbacaa4b0af6139923df619d7edeecc07be183fef2a61,1072,208,1280
24645dc8f25b0af0ec8c7b4f6fd7131a35d104fef4e547547a42fdf203d25b76,1103,320,1423
aacc8aaaa74dd55786ca3ae2179e739f35a97fa1d1a4b7114e7d1c180a9f995e,1794,321,2115
0d29bae86c1c4c419a0c172e1a7598f842a19b52513f44ed9300ec301186254e,1242,205,1447
173575f5e59c0c76f39cec4114bbf6e030f9716270efe172979e0ba62b2d0715,1450,204,1654
ca8a61c65558a7394b9b01f6a03f0502c25b0fb27fc63533a8a0bf8cec80eee2,1160,292,1452
6875d9db185956ddd6cbf3dfa4d4d4285becaab0385fa8cdd0d09533fcb48489,1043,206,1249
846d6c2f82245e3ca940c6baebe425e55f15028450893b3320fd4e8686ddd3ce,1828,665,2493
0cf75cc879f34c440137164e35f396e4aaf5d50172038b7e648ff5a80c469863,1559,281,1840
1e43eab6dbaa47128ebed6099af7522e06f00440790eed2b1a21b68d5f44a011,2401,551,2952
56d9a518ce7271d6e1b1acd64e2b7b7b362bfbc702b9f6cc6d381758d2a08bdb,1344,223,1567
77a283ff3389196d6bc2a93dee2834b6824239c8553a38855e599f788e3dde20,962,380,1342
fc3bc5a917dceaf58d2aaa055ccad17737a14b010c75bed0d293d877aae932dc,2271,320,2591
5477206aba1ae0c09ef634b3d81bf2a3bba56986206d18dea83ca3efea753ca3,1029,209,1238
e62edd397bd970761c67bdb4b22c1c9d7a918b82c57dcd8a1090c9d033106e7d,1445,227,1672
be8d63deb7cdca8e5a7a38bbdda273fb3cb175a229b54938ad279c60ec30e251,1692,579,2271
5c476f1509aab09aa324a4c283b71cb297519f45bc487b5aabded773fb18c0c1,1903,423,2326
75353fe1241855dcb7f1fca3d8da4151b9773324ae50181ae8799ae16866cb3d,2043,764,2807
0d7da773fc31cf83d49f977719b386b919b308eda0b51baf7bb393d289aa1911,1150,449,1599
a2ad49ae3c2f86907bc792a23d69d203ca01186055f5a00133737a66bf9e0cf2,2119,586,2705
eed3c47f76db26e6746afb31b10eac65b00aec3fef1af5d9d6647b30d5f905d3,1041,204,1245
1d21e294adc57fcf3e812b9a7672a7128f14d80e7754abb7cf32187d1135abe2,1263,214,1477
eb140d11a5148d353f973616c543e59efcb6e85a5d5d98d391e7958f047b52f2,1520,426,1946
b18ded09e17a4b9c2355e71cf6bb0c70b7cf0d2b6626bb1ee0bb0bca95c84693,1151,209,1360
b541c79d1a098743225856a29081983cd69cb185607e0ebefe992c519b2573e8,1076,297,1373
542c34b662608859351244ccaf6c37a68246de4820b917566d4f6980331adfb4,1124,205,1329
f048b40aa091b7573bd4f5fe2bed25499990ab320beced45c6aada57c8354aa7,1165,207,1372
1378d086495c0052cd44fab3fc997fef964925347c0a1153864f8687d622c401,1705,322,2027
f5b6be912288eb3330dc94e011a3d5996af34b5d94567625d73d56a72738c55a,1184,373,1557
303957ed54a5cd0be1e800145f536602d4dfb08dfb2e9f3b4d944e875198d094,1235,212,1447
e619d0ccc9068bdf6c8b2e9286593df94cc8500f996938a06d72a6c88d9bf057,1213,217,1430
8e4c667b7697864d08908ed714c83ed683b14cf701a4201f43c436e68b7e9896,993,215,1208
bb0f416d45b5799925fcb64869a245ab0eb7e6215e7a551f5a9e9fa7fd6120b0,945,205,1150
72b0d3c4629620afb1813427c8d1a5f2ab325cc64b28aab2198140cb37896cb5,1048,202,1250
fc58bcf3e2eb32d742b1ceeb89f51079f95af23667c23809f5c70c544e120749,1212,309,1521
4e9c676a13db6fa35724ec128093b605632166e824ca70ed5ed15f39c1684a42,1216,210,1426
80f9c632ec1f2256e7f24729a2538db18ea7bb1c4e2ac61bd3baacc9af15e10e,1624,320,1944
0fa602bd6c66e4d3ebecc1fb5fb86dbe13d8dd2e67cfb50b0bf540b4dca23262,1724,645,2369
2f9520b4ad17fe3881d16e6ab99aa730704ea6d4a3382c018fd97785b797aa07,1097,208,1305
5dcfb375648c46c85936952cd882f1a2160055ad9d931ec169f280f20b379947,1024,202,1226
9d8ea74edab5e6128729dbed6443543841c2a37c5d14914a9054feca4f1d8eea,1667,648,2315
4c150c10e9bea9b3a447f1d5297447a6ad60735bb35ecd8b39ad9d6447648f3c,1290,672,1962
d2d65789a1f3520a93f80b667671359c674f18f9d5da6c87dd53287046b8cf83,1569,211,1780
df390cce9540de83d028b7678cbaf213b28083df07f7a13b90ac5a912dfcdc52,2069,2034,4103
48c2aa28846d2fd60fbd290deeb2e7fd7321653159a0bd35875aee68e174a390,1522,603,2125
3fbbc3c5bbd6fd69053e5c5dc157dbbcd521b55af3a0575e2b04aff8b1768835,1265,215,1480
1d4e4539bc06bad3af22e7ca23bfee4ecba2db99d108be1d05b20434f31ef5bc,914,202,1116
042dc9cb98f5796229c6d0e57ae0e3e5ee7ee1acc4493ea7cbd1a3a3ec9ccde9,1036,217,1253
ff312d5144433d9a952fc4ddcae1c0551466682086ed8e0c9bd3ddeaa5cb5c8f,1623,665,2288
03f421f3c459129703fbcd37d27c3f66e9f866e201b6426ca7ce2a26c75ac652,1282,355,1637
883feffa888d41d4efefe7089c715aad7b5a36383e63a6e13703cc8eedccf9d6,1085,208,1293
781a8273c3ad8d71cea5bd3e0f787fcad4a40766113736896db5cb473a0bad12,2321,552,2873
9dfa0e834e0414c4ec5720f3d3f5c7dcbbf93ec335bdfa89c75b8ce67870121d,1685,313,1998
8a4adc6f9f90136f5b083c4fb1ada8b98e53e00ff06756df7dcd74d9165ba465,1174,632,1806
61b27271388cdd66fe7276a2d56effb5ae4fc8e19a185941fe0cf858aae6a493,1330,299,1629
d93444bde3e73d9425e96102bb2be08e249ec263f586be31455a1ab2c9b6e31d,1527,287,1814
bf65bb0f64e9ce8a04b3752865b89bbc1dbcd9a470c1deafc77f54e5b651e9e3,2231,320,2551
256f9350b5df3f63f1393a8b84d94b9f8bac95e9641f59f3b9c4fa3eaab21d8b,1163,130,1293
32dd5fc53902feaeaea5c5a0829de287501c1fddfb4b9e1ba4a7894f47535382,1140,218,1358
1f76ec36d1bb14e6d302554b5017c63dc840f3740008f3d78c8006f92af2bfd3,1163,608,1771
cca12bcf9f18ea7c59f73d226fafab449abae4a1566434e22e2c7dcba52486db,930,200,1130
da4acacf7eb1af7b1dba8968cbdfbe268952938aae1ba6e96fdfb645d0865379,1124,205,1329
7970541cf0fc622e3e657e82cdfbc2880de12bee52612901f7d4267c0e298269,950,208,1158
0821847a6ba3f6a39e612829ca2869c801fa5c57eb3b68d0745b291940c6882d,1079,373,1452
73342b22a1a413ee62e87a914900b0de2463b0577d8043e7625162c66a793541,976,204,1180
8f949e9895411f82346858cd56164630f8ccc1f062d3c4ce085bbe4c5a6e91f6,1780,893,2673
a7567931d01704380cdbfd59acdefacfd28b8a34639908fc478f5aead929a6ae,2029,566,2595
dae1e2e8f7e6ffc9bef0b565fc5adc15a56bf85a06014f0ec60bc2a1799fddbd,1232,710,1942
9e927990f870d5e8c3ed57ef986dacf37bc93bf9f6f5e2eb1da3f3f13d8a41e8,1622,447,2069
8d8e1cbaa959525edfb3d77309c2efbb4d7c7641482c47fd1b5d0e5e66844b37,1125,529,1654
812d1a791a848484cc8711c244e75d57b9c771b046831e05f1079e714470fb36,1789,318,2107
d9991ce53969d39971eaede2f25995f93538f6d53983889baa2039bf912d2f88,1552,203,1755
d5463ea8b185eeb3f3339b2010334fdb559b825b561c33e598e1476a3d624950,1923,740,2663
994c8476ddd1ddd0121ba7b3e48e733f146e5bf6603f6128765c707da4f2c352,1246,252,1498
84e72b53b180e0348926a0c6de2fbbc897dd7be72edf1048a13deecd5e27fd76,994,212,1206
7cb96756d73eef0dea88b3cbd2238814fef6651ce9a7c6037ffb53d826b0c4e2,1178,210,1388
d658ed01bc2dd7f4bb0aa542a96e16e3df572c9f2fef86af83c79e9dac24da4b,963,213,1176
65350b0fe3145274dbb0c43807f8cb947fa0240076665935470095e7a59794aa,1363,206,1569
c6d4d822035331cad26f276701e8b7805420689cea311e87dc18f230b4a9944c,2396,1124,3520
b31cb5b4fad364d0cad8884ceeecb2faf290f60b7e5302ac0a23fee85503639d,1587,450,2037
a9989a204256add3930b7d427e66dbd298f4fe0ab5c471818e35e49545b26289,1169,215,1384
8e4d355bcbc5dff3a6919b68e0cb1527894ed6b16395153d0f77971f6dcb31e7,955,219,1174
9787fd3157898d951bfce8e993afe2de0ee38ff44e1053f44a17415273ec4dd3,1008,269,1277
af5e23fc515e211b838ecf94f2e573b6375e4b5c3069ac635bedf15c1774ca4b,1399,206,1605
2cbdd1e0c2c4badea9756defee0c7baa9475f386b63cd833ac4e95a4be3e156a,1219,292,1511
3b5ef93e24a0bc6a6ef5179511b7a9b652cb9f72c345440043b0d1af75360ee2,1424,528,1952
df2f535f747ac9e0084e372204edaaa1e5c92a7e49ee5b0c3db10d8595d75969,1043,285,1328
307e8bbbad7a2ec04fadcd327cda477a83017044b7ffc111876b4c7d555bd34c,1351,226,1577
d69d585749864bdfb50e7006adeed41c2c356b9839ab98debb3d5e12cc0346b0,2172,547,2719
92258cab4d2d9a0baeb2040f62a1d3f0c8d251a224764d4fe53cdc97e2fde2be,992,216,1208
ae4e063b943d42fa4e16e3a2693b0bc3fc5a3b8a98b972092c3675d2b1ad1efb,1701,320,2021
7ce6bbac1b38907c89ac8fd8db2aeb71eac9904ab1a07ff8d8b7f448e85e140c,1179,431,1610
e590ce34a4ec383fb24457b0e97f15e12cf26a4d8b0b1d96f1dd56b5177ecad2,1332,227,1559
690b5e4ef3bee6341113c4faa04a82bd8522d739b6899e88a07b6029f282c138,1839,434,2273
fcbab02d04a613b590082f177142b7dcbde5fd2b94f263191f8150ae8fde0f85,1369,209,1578
6d283d8b887ba0ae90cbc7455dd6546ee46caf0ba3fc12ba4a492b22a71c5cda,900,208,1108
693fe66b65e7b74354b1a2cc86b12b6e3a125040f4ad8137215391696d1e777a,1862,322,2184
ddb37613e199bbb69180fa707d5bcfe956dc0b744d450193c0c17d79157ac54a,2088,315,2403
30c4ca91156873625e791f67cb408bc084350e2db3e431350931053e203c8dbd,1140,211,1351
63e98d3957a828e943a2b7f749e2a2778718039cf959d2dd921f57d99dbe0477,1105,389,1494
738b00f4f9ee53ed770db71f376b6dacf4e5304668e0163b30c48a8465def51e,1094,223,1317
63ae935163a73ea72301efe760420d663596361c3de09bf468cf2e20cf1974ba,1098,300,1398
47a7c0afe1b69305fa391b1b1e0eb4c036e9f08ead736f67eaad8dba66453010,1465,306,1771
a4b0516b73f3ad7295e6fcb106dad5cda7531b105b7aa221f4a270615545e5ad,949,216,1165
1d4b8266c27f737ab3d5a7e037d7ce7487f168d946f42237899c06081c6ec2ed,1876,917,2793
e42c23f3a24e5719b7c44df883a23991218284d411459ef2bd9d6b1bbdb386e0,1136,203,1339
1dad7b0e40ca1579566439e20fc55c542f9c3d854c57c68c66cc9ca854e3c9ed,1681,327,2008
d61dc3a2263b1b9e65fd4a33d2b91c42eb17556d64f50947433cb90e22388251,1091,221,1312
27f25fa7cb071f93bc06804d5d557622dc8d918180434f035ee9cd107781d36c,919,229,1148
d8153e9d511c94fac12cbb6d7d1639fc5b9f000e89291183ce420abfafa18f5d,1558,853,2411
6515f369eb730342b2ede75f46468f059f12bad7c10f9e6c34453075403df099,1119,629,1748
94a47e2b48aa1a1a2f2b5d8e16414fbab2bc6d65910eb99053df4b5197dec402,2348,662,3010
ba97b1bb03803ed132e36d8027144a724d1265a7e6dcaa0ab3acd9f01462ea4f,1056,255,1311
ce430f54c3bc6a603d46e80bcc8e81d3c514cdfb972698d0973b9e257b1c9b73,1812,464,2276
579548a1d66f4a11f68d0f0eca5ab7e80ed899d44bb0928de7d93c14bd755c77,959,369,1328
38ede9507137185d3aa2b3f147acd91d05124370df41de60be335d25a0ccd0d4,1124,205,1329
6087e2e1ddd7f2c85544efcb0c3bc7295a8b0a8edf5e6d0767bb99ee127a5b8f,1131,291,1422
6beec4507bcd3730460d9227db2339d4ab1534b0ca916029dd05e6a6db20d4f9,1947,440,2387
d8fedd8490ffb7cc1c61fffac78f32c4e2ff0ec4ba9fe8f0c371f9524c0cadd0,2209,1011,3220
0002f41c748aa207228ca430bb4dd14a127e7a089a19ac67e6f4c72604cea75e,1023,214,1237
54c3b8a5da4df202ecc5e2e3bc9a2b370247a06abb3dcb1df215153ec43b2e46,1083,208,1291
4f7f897bc2c89b5287f1afc9de1b6bfbc28639f8745548a07a95f5c9b5fd9a5e,1670,531,2201
43ced496f77fe8ed67fa0e2694ac87b8f4997fa72b017c6dac63d6d7aec6478d,1146,216,1362
b614b717bc8e063c08a09964c4c90b7c541479695450a7d49f62adef0f9223c9,1272,425,1697
eb883138ee65c8cae4c6fde1bd33632f4265cab90b5d47e5adefabb2431848a1,2046,322,2368
f8b3ee2d2ad67643d5df868a4e3153f9f98683be598bc2f558ae235a2380877f,1019,205,1224
56467af3dfdd15bc24344c11bf67e0c313f2dd88b4b176495b096c84730b74ae,953,207,1160
4675dfa83152c4acc3cbbc122d5445d8d7cec8d30bf60708c9336db7a001413e,944,207,1151
2f134f6ecd07861224af742ac588a912861179bfc25cae2c35ffff07a213e26f,1080,274,1354
14c9182f6bf63213787b61f58fc00f9c6529429f33e358beae26552980618115,1419,203,1622
770c6775997dcde61d93486ecbed3756d306ec7b5780e273336224b80683913f,955,206,1161
db11f4f7e7b4758397112780a612c832fa69c8bee371993060b19479eea3a26f,1594,411,2005
566e8d45150027e4dd9ef6b187f3f1528dc09a25574e6887e2ba8064de290575,1041,235,1276
064341966eb4e599bef163d5f2e31a25b9830b4dfca0e5a6bea2af6eb1ce968b,1150,205,1355
3445d544f6890601dfba0dcdde545af9d057947df26fb1ab3569d279671500b7,2046,694,2740
af23c62ab7ccab3defb719c81a80c4fdf6c6ccbb3d8540faddccd4f2107aacb9,1571,659,2230
d1f4bce5f37b3784a2bc85434e9fc8c909b278b7d8338dca57c35925c842de05,1798,323,2121
36b48d293ec6cd44cfbbc3985d40b3510f9caf54aa518b0cbc1d65918fc55d33,999,206,1205
9b2a28d24ba3364df03d9b01d211b7e941ed43c7f8c03445ed4729f06f307ac6,999,219,1218
74576cc6c5214e9c99ecd475401825428813ae4e1303cf58e6d5bab21e33011a,1076,206,1282
6570bd7a1a28514881d0e7514a839d58574c04f416d85de0cf7a947975880140,924,211,1135
c22bb1e5a0615de480f067a7a1d0abccfc086e355f01f2c8eb4132386bdcd783,1934,321,2255
17c48bb0e2b00986017107705a5c285ff1fd1ca03d5c17b5c02b925d7dceb330,1579,212,1791
d007668a77b4a02b7f3b7d416a372ca62b7497e6b68256a272ee9331150e4fd4,1098,206,1304
9357eeb60f989312e7d790fa0246cf459b860497894f632f83769a9065f53f85,2348,504,2852
9a97fad6555df7e813235d9f01ac94a02294ba1dbc331fcfb368d331a5096c0b,1123,226,1349
454969154cfc724c96e3f2531e2599f647668785366fe26eafaf8197772f6ac4,1160,208,1368
1c0cad3257b9eee36c2a08f219dd60649c065a515c033f1531ed17363739174e,1208,224,1432
374ff0d7a979b3764069fedc98f46e600f832ebf56bbf6bc6d0e222885e0014e,968,292,1260
a1ad6ab5ca4c15a134a79d23ead3701ec4cc2a0b8a090b17ac8d2ac38baa449c,1245,210,1455
a471fe6b6c09083c88494714dea4280f3818c9d6a1c4c9f43c126de955a03211,1283,208,1491
d12d4de5b1d609809731c5aa34b3e2a076f6fddd2eb63890090aba212d27abbb,1491,215,1706
e6b33a27476fd2fda8da87d9181376b2ec5a24f5f465cdca5262d4d669cbdd60,2030,566,2596
9e9db29d306f24e219518f8ca763cef75f7ffa048948ef5266ae2e182f20fd37,942,219,1161
35caa821d016c970c882dc4f7e50b6e800cfca7874f6fc046463f0e2a3f921d5,1476,209,1685
fa3ff71a37f4b651ec604b2dc6afddf2b3adeb8dd9e1048e90ede1345a19f023,1278,797,2075
7367a3a2902628607a04c69c2f984d348dc06239007faa5912c5a3030b2ce8a2,940,208,1148
7bf97ea36a1b680b756d4ed8448d4b6b23b13161d3a0ec531efecee485fb1b1f,1429,215,1644
b4890fa468d6a03011b06e2836b28ec05676d14818d2970354398e6cdcae7be9,964,204,1168
a42517ebef8d22d78b2008aa6277ed7b1656f9a98bb11f7e18c65d51a548c193,1484,366,1850
99de3a80b891ed33aaa1c9371da5bd62dac8926ac67b32bf560f4feb447d87ac,1571,286,1857
e8f1bb0317ee8f86d8c62bd7bb8dd0c949ad810e49408df360e19cf9412f8259,967,208,1175
39df3e4986ffed0bd567e8e075a7b210b47d0c7abd6e3c34e977d0ecff4dba8d,1266,208,1474
d94fda7b2e2a33101bfcef12fa8b5784b1c769893f6dea32f59dbf1084e3de7b,1697,315,2012
1e16cea77deb61926c9ae640c03ceb16d25b236c3b794562f5e8273e29d826ea,2324,434,2758
ab7f4d38c45906feceb1089b49ba225d4fe4a17b3c907f424f6c27f1898f1ab9,1026,218,1244
4737271cf2387cd6e339a7f5a0d1fc453c13a9734cce24519c3fe707a8ae3313,1124,205,1329
da3f0e72a6128bc70b4ef51f97dedc58b2a79f8b38a6fbcaf31d8cc5cb1ceec5,1555,363,1918
9225d27f92c553195a779a1ebdebae1994f57e51f701d0f43b736462b8ebcbe0,1264,436,1700
7786c0f1c0d161941c4672afb44ed4ac4c04c4360ea581a3ff3f813a91a1504e,983,278,1261
72a2641fa797dd39d93b96052b1821f13badb0ccb96ae60b128b78d2523156af,1377,227,1604
4f7db1bd5d85d886084c77e9679feffb1fabad0247e174a2ed00898e3045cca0,1394,329,1723
1c86ca169d80174d03546337dc292cf2f71502014bfa8a5ef5d4331da59a7f8e,1017,456,1473
4614c5167a60ec36bdb392bf56f3cda0fadfef53eed8c7f10dbd7b90f96eccf3,968,210,1178
ddfabfd2d6d367b045d07127f2e0286e47c780b499bedee8a788de3ece390934,1101,214,1315
2b9d3941f9211d7fb387ac97b824067f2c20a8f937145f17724d9b6f4e7b3398,1245,292,1537
82c3961a38a13c56dea0be84243fd72117e1914c6a8e26638ba420de448f948b,1470,571,2041
975fc935e72aca48a810f996a7dd205bea48c6a14b7f7448b6b3ff20ffb9b682,1028,208,1236
d35c7e1ba2753dec44017fb3972f4ac7473bab1b2e55c8d1533d443f89b033e5,1665,324,1989
1aec78dbc843b6e6f5cf8ebb3b60971acc50d973f4de2f5ba5bb1b5417ced7f6,1382,205,1587
3a3cc5cfee01d6ba2456bb096331cc2cef2e2bd4180e5925fa3091c0ef82e627,1276,211,1487
47aeb9a3c82eb940f5f8df204122e7717c33ab2555e08217bcb0dfcfeaacd7bb,1129,214,1343
472aa00824742b1a3550519acf09920a9bce026383400e31566dfb488ed27a2f,1676,423,2099
21da30d1ae7c0dc5d7008d073deab098f9be10d40e2b3ea929561d44ad0f389d,1415,456,1871
af6832e58b47c173d53e11b2728121d14893c3d0ab84ecf55bd04c855f274389,2202,456,2658
fc3d91e5a3f522bbe2d271c20fa53c8adc19af148945c5f9d41a9904cf03bd71,2406,316,2722
b16e9917241557d70ddaf6542fa0e28f82ff1df1e64ea6997e8d1aca5686179b,1153,205,1358
5eda342c8c1e55c1aed397acdd2ae3b650c609dc1fdcdfceeaca0b8a5b90c8b3,1755,462,2217
5d7a70ece3edadc54b9693858cff3206d8254a725a732796048f401d32244259,1101,515,1616
9d77cf0f80d3442e85e0e10125beb50398484a71003ab65467fdcee62f572f8e,1328,233,1561
73add8c0e4ad16345228ba3ea553dafffa952d98ee72719a29f2b8a3b962d77a,1353,953,2306
2aa4d620a66e5dfa7d4083beff2f6cbd7e4b0a57afadf3549e880fb94aac9a88,1026,591,1617
15c432c278a3ed1bdef2d204764d13969b11530ecc8a458acaf9bbb91e9163cc,1508,213,1721
c83a3c9f945de4d8bd9844b79691bfd0329afa68deefbe333235c9acbcf14227,1476,504,1980
7c73bd15bf6fc475fa6bba6b92a27826789002d4a3f66b6b456fd34fe41e6a16,2215,1338,3553
bf86b5885d8d787f79239c71c96289c314c11a312eaa4ffbc3f5f5cab94a5fce,1022,214,1236
7f624c031011a80d898805504019bfeefd231e9ca0de3562942dd20be299b86e,1445,611,2056
cc9e6f2644845907ab1f6b3b65da73e728a29222c17be2d17246763a244d1b1c,2454,311,2765
9815356d0fc240f64b3278f33cc276fe8a698782690108a880bac1a9f80d4571,1054,216,1270
761f7c28211afadf125b5cbb655a1d12bdfc27282ea410877dba70ba9acc2875,1124,205,1329
72fe55af3935331987f94d36a2fd514dc5efd6d5b55e8ab25653ee639e3d3689,964,213,1177
3c4429ab13863e1fceb705c48639826a63b3406749ba82b97c16c83fb61b7710,1573,210,1783
1991e21fb4bcd6284b715e359aa8597c08b0257912c712ccb661a6726a0a3f5c,1118,322,1440
d7bd3c030c67122c1862c94a22347f2d4bc18d65edb6be94eb46fc65b3341032,1903,666,2569
39f0e6961d88d70b282923c212a2a802986c256707602e5cfac3fa8bcd5227af,1034,204,1238
ccb76ed27519b271237ed783d01bc4f12a9e7367aae3fcb8b727db3931f2bb9a,2084,322,2406
c12d088a4e97ef72467f0305da853c354d2c63398494fc788163f000ba7cd9a0,1558,212,1770
8bb9f29b7adb7903b9c67da9f0b4444cfd63aa787e16c2a7ebfdc902097299b8,2255,351,2606
1d141379d36dfc10deeb4068bc0043f3c1f010f3a82e7a07ec4474c92fd09bc8,1148,445,1593
5fdc509b53338d1ff7af9f4d473278faef6f95c9cb473e16b0ae586094217e08,931,211,1142
5870c1a4be89cf334fe1d3602ea8959ef15e7d975925629a20cd1e9cfaafc8b4,1011,220,1231
941b4e6ae3cfd133cc411480bda267a13af93466e5984759c7615ef458a3083e,1213,369,1582
e8ed543a7fe7c1c63af255e627c0d658474d8497ce5c97386e6fdc5f3c389270,992,362,1354
f7ba74d6ded5a5254212c9103c50adbef3b90488c24d88528d442b6fc161dac3,1008,284,1292
60c09110e501e966f004619c4d919a349466cedb5689af1c28ee05a396a29628,1317,208,1525
22e6c8b2ea1305f5811e91a28d934b30225bcc38e1f900b3c2032d5054bd66d1,1330,211,1541
fc59e4eb7c68d589f951aa054461fa380be23424b97563d60a1c3aa786f5eb59,2263,548,2811
b4fa16e14217a546a0812740059cd6e651831b40a82bf03147e8ac0fdbd177b1,997,212,1209
1e3aa63bde3ccc734bfaa9cf3b2ed81a7ad041ee957fd3b4567306925bad56c3,1177,213,1390
d88d881a108ae8b638097582980521c3c4cb1b358f6d469c090b30ae4c8f1d7b,963,305,1268
f9808871059a2427dc9142dfe5afaf0cd648e1a7f6fcb1708c90d9ff1fd2d651,1737,665,2402
85beedb4855eed26282216909da27dfaf1a7ca384a8f56c50769fa1194731a30,989,209,1198
e0237dbb9546ddf097596b2927794cbdb6140440aa043367c887feef79273401,1053,289,1342
d39fe7a29aac09d4613cc83591645bb450a9eed75add90df72e45aa7a89796fa,1104,290,1394
8c59076e3ecabbbf66eb7013b5478a74ef06dd411c8085ebb977760245cdbd77,1327,354,1681
25851e816bd5bee9768d377e01e5fa7bb6b9182131a4874fd14061b3e43d9e41,996,206,1202
88e85b4e8791f3c0acdd37d0f520372a9c7b7edcde61e7488d035af0019971f3,914,283,1197
7e566d3d7b4d73c8a42988692c7e54ba41c5ba960352adcdef933d155a24f61a,1093,318,1411
b15afb670263867a6bd58973c4c5b10f652933faf285ab43a09206b6ecc7bd33,1270,293,1563
1dd8dc58a1d84d2c6411675fae3f1bb4e9982f48424a0966dfde61e9e35bce8c,1497,208,1705
9bdfc0b771d7c8df8ed983e857ac325871943b1cb9d87af14d0f35959d3a55bd,909,215,1124
8b313d8265e5f73ad52e918d7bef15bc918b544c9ce8161728a7ca3b3a7d5ba9,948,202,1150
c7bbdd7452c657fac57396b7d1d52cf2f260729df8cbf2c5d64e2eea60163210,1124,205,1329
d868e02aa49dd485352f031b90d3c0a87f8dfb72544bffce0bbad8a4c2c703ce,1001,212,1213
526d0e3c3962f8f0d2022e26a2dc4cda03c86646a3766816ad9569beb644e0c9,2016,316,2332
baef0877144f4a1b388efaff576410126ef1223830050ebdf5e6601938002a96,2225,618,2843
ca4aa51b810c6de8b5bfa802116c14e6c3c6d2590b8e39eb91ced0cd32df4f83,1093,206,1299
8d59224c4df28f9101fc5b3836a6e49dc8ad65aa2b5c684daaafe2283d2095c9,1983,315,2298
63a6be8d69d924ff7ecf4e742642f92aa631f8583abe21fe8f4c2ee39052f80a,980,284,1264
a60ccca4696c6bdfb5da1ffe222deadf101a6ead2017fea9aeaeb5e81be535d7,1453,284,1737
d0ec6c8f075b1fc27621214ddadf920b7267eba19753c76a8df075330be3551e,1008,204,1212
5676461dc86166c9eaeece855ae1467a88a1908c60643ca8825d88592dc7ee64,982,205,1187
0c49ca253f588eb89fd12cdd0d9a09d369bd5add1f47116667ee435e547842eb,1276,214,1490
9897d886975863ecf6313bf7beb6f9b0fc3a5a3a7eb5d066f8f644fa0235abe7,1435,285,1720
b9f8298c17f67e6d756c4ae19c9c71408ccee30c718a0ebe28069a97e0ad9ac5,917,210,1127
0dff520c0f15deafb9c25de201157da63a3407dab7feab2911bf956dd7df7c66,1639,671,2310
1007a2d982aa355f3c69d24556ed0ca14f63f475531ba1f15de5e1489767a7ab,1593,360,1953
188c86d45f8d8e75ce74317389da0d587d67dc197e30188f0b7fc74c50cd63d3,1035,223,1258
e49ec1fc50d4bc083a1724555dc66f92ab30515f625bf43a7787e8797e229bfe,1046,212,1258
5d6bf1beb58479fa0cc2c332e0841831513813889d7e1766624564e0736c93dd,1056,292,1348
f02f70b7ee5d56bbe34259e3ac0a55277d067dd8cc13381fe8d77467a349ade5,1345,226,1571
5b0faa9a705f38764c106d26ad80754e362d134662c9bb0f014b747ab1cf347e,1118,295,1413
f394fa0328d150dd567d765ed25a5e3b5903598a3eaa4d0df0791d6ee75ea0cf,1446,205,1651
611e9151032224913c3c91f623a430f242213e1588654c53e31568ddff32ebf7,1011,216,1227
97c3adcda6e03373a61c93ff7b077b4e955b714277898e206fd1fc820d8ec6dc,1054,209,1263
4ee0f5a217f1137c5adb57c96ebae4b0e1452d11de7d392d598e335c1d63dd14,1008,215,1223
0cd80cbb7ffe10945501fc3ec1c4c958fecb40bcad506e3dacb954a6f1e061e7,1409,358,1767
eac56083a74efabbe4d5f09e30a611a0c12c58e34842817b5b9a17f60970a2c6,1159,254,1413
f8af7082a843e375d26534c5182df0b24358dc8847f60e6dd1b9d832aa6c3e46,1307,285,1592
96ba44ee5e18d0c4fde69e3574b772033fed6fdaf1b4132e2140b36e6f2cecb1,2145,798,2943
68d961927a9714d2671e5c16e02361265d47a66851a6573522dc561ffd454b5d,1369,594,1963
0809d79f6158c45f57ba58941ea055d2e6e4c240569956c7d30028c9df3616aa,1702,548,2250
2af8b4232f38ad17ecbef2559cd28cae37552ba4d02e1381038bca318c001abf,1171,256,1427
529e663c2569ae7f4438b5ace664fc0e242a46db25d222292f7d4a1c6eb0a00d,1365,297,1662
12e18057a238c288e29559e0c304343efee4b8cf7cd1dbf412361d2bb8d88dff,1196,512,1708
b27fbe1874277ea94efc5c8c8abf86712bd9ead4d58b888e1b94c820b39c6a00,1456,221,1677
227175a624ada9bf27f65830e82099d54c315cc6688cea7aad6735baba5ec580,1923,435,2358
715ebdf9256e6e3980b6e19b4d15708d2f6df0e74fade802d2f68950bf317326,2027,1596,3623
8dff6cd0c0c060d9beed001373a29b97018ea4025c02546b880a564a580d78d8,1106,207,1313
0a447dec711fadf030c3f595de09b15f59f99edf0ba66ce92a1a82092ef678be,1665,885,2550
ebe6103057d24ed35e7128e8f915f30a11ac63cc53b1b3540dc538bedad570d8,968,210,1178
a418c3f22e2198f5de53bbcaeb23f9c1da071696facf8961ec273c22dc3cb6b4,1394,423,1817
f04ff6b716c61854c0c86026ac569aeb323a167a6b0e8c05d7e1a7a4bc30d750,2655,312,2967
5f380c3fb4524b1431a8f8eab00a264e59d6ee5298f048add1e274d57c5af64c,1098,282,1380
b7941efaf5f2d13033a93e5418cdd4b4c017f34bb7e3a20026add0b0910fc464,1194,217,1411
101851133ce98f909a77b2abbd077a4f6ec1af18f53d7a77a2ec473f97f55598,1502,218,1720
72a35fe521229896f7a5832351384f327f9a55acc1a1a1f1f6af851ca969471c,2177,439,2616
61a398db70d6952cab62a44708bcc48699268925e43b3028a7b851d70fe3c585,1945,325,2270
b789454cf42d54a0a6741c58081a61e6a0058ce33a9973bcb36d724abbdf4c6b,944,208,1152
3e7cddee40e00b93f973709251756468fc31a9b454985abdc2fb6817679a7afa,1445,218,1663
0482114a632f94bd6fd9926feabe06184dbdf1069632bb12a5ac5f85593591c5,1150,315,1465
b31c0b9afa9fc031a6548914fcb171da0bf5acf0f2b15f29107cceae7ba9672f,2064,921,2985
594465230aacc9f04c3a3f4d18ba7aafeaa53440b4c3e6215dacd158fa6e8bf8,1009,632,1641
1717eb5045173a532c62d6904954e8008ac90082e973ac219f66f9f694bf6508,1178,448,1626
97cee0925e1f5fea93850569562bb3dfb697a974bc2e1d1110310f602190a131,906,205,1111
1881f4e003e7d8f3a28363891bea127a63a885a485b50f0736fc629624a1a0d4,1506,218,1724
afb83bb6696464ebc489e280821da0a3f8719a911878206f8290d9036c1f5481,1390,452,1842
581c63fe1baabd4057b3fa6e542d5babaf450fb022837759603534a73ac72205,987,387,1374
1a1d46742dcb85111f58254f0fc321093bad027464c9904cb16d459dca7fe50f,2343,550,2893
a7ffa1b0a22239179e8279da47724440e40800a5d4b50f25b4c80b87d1e3675b,996,209,1205
c125e997e07953e3c7cdebc7cec7bad2e96996acbbe6b9a7b3a98f3925b5a745,957,288,1245
160b4c3552ba2f17361d17782a96d90880adf08e4f3ea18900c4441dc7fb8850,1215,426,1641
2a4b4273e3424b0139e8ce9f1ddf153db5e4ac0320769b694df8a833132ba5a2,1025,214,1239
d953f80790c20a5acfa0085a820d30ff192e6434727909a8f01c4ea3b12299ad,943,209,1152
9676b3d51fcef0a9dc55f98267f8f1006284942bb9416c6ef073a1e053f191de,1401,281,1682
7c069f571358869c7c3a87641d1187f8e1a62912cc24f06be596c38d2daa6409,1201,543,1744
11f6993352ad2ca19f6f45a01c64e4ad478472aa6fea70afd99a9322db9d818e,1201,1469,2670
b20ecba8b748f2165129fc905f79ecc6dc58fb99ca5e3fd88442ffe5a6fbbc0f,941,219,1160
a2dc9cc3357a203ad3ef4f4b2bb61afffd9031e08a1006d85ed099f5dda28c26,1124,205,1329
6983fa14974516059d352e9ef0e3b0b8ed0502d6db610a641665dde3c50618a4,1537,503,2040
0f977b2ba906f5e58965d1ce597f20fc120e2727075e804d9ab27fdc49575558,1389,214,1603
d98b9f58a684dfed2afc832c0115ddfeb1f4d617ee404c316940f9e8d8eb24c8,1315,138,1453
85ee8f1dcadd199993ee08cd56bc02bdcf3a189cfc6414e62401ab2f0bbac1c7,1171,318,1489
dd24136b8d72c6d4da7ea290758baa79e1176097496d041e537ee83b6e97e094,905,204,1109
fc98ef158dee37f33fafae9f175b2c6514c3bceb25638fb165107fd3f4cca893,1847,775,2622
5e843db8e98a5f7a93dd64da9b265fc6b10aafbcccf3aad01e5e76e50a789613,1239,588,1827
0db8f79c8c31e5a31fd98206ec15ae4ca6fae78103e65d1524a3753ca2e43577,1198,208,1406
bf4539dfa8c5c7e3cf1555690732ad487f7cde292fa0d3edec27dcf7d0c0b8da,1233,212,1445
2f64f4c1d2f9565db2832db23303e538888ef40ea90461e292ba2155981c7367,1004,204,1208
be7eba61df479db6bc42d62a4c70eb8081bd834261c9016b1aefb073076ccba9,1316,444,1760
fc27d7cb329a44c89dee3bcf39dab589ad9b798d582df5a24b67c319b6a5e53f,1162,763,1925
007159c6a26005fbdc2ec309de0feb660d3e4d0e07081d1d7d285265bd533834,898,209,1107
85476c513a184917698df59ff870ec90d58db8f62956b2cf8426fd2a26720932,1246,787,2033
e0e30b8c612b9160dd69c03431c07ed408537a3b490ba1383c81b9e24ba0eca6,971,205,1176
084b4076b74cb96d98dc1d1611faef5b6d3eab35ba1844233254198409a28df7,1219,668,1887
d32229d855ec28a7c136cde413875c378a4c18f9afbb6cf4617d18d75d5ac090,1465,961,2426
b1dd60f14339416edf537cb4e48de0db0e35374aa9364ace2566f85b6cbc5286,2198,891,3089
2722759000a4af611b01f606c614a4e185fad90594799593f95082d2c57c346f,1249,713,1962
71a45ffa6865071588ce732d8812f3d16d5ce9111626bfd6909f6e6e17e1522a,2252,1239,3491
