id,prompt_tokens,completion_tokens,total_tokens
2cad95b30c4893825c2459c9b67b022cdb4534df64b5024e24362db96e1b46a2,1062,211,1273
07921a4bf8cb78afb2ed16f2c7a8645dc53f7d1008315fa5da79d8d57eac359d,1038,215,1253
406bc65703cf06f42cecf1061068687c7a3d3e787faafd4e7db6358897ceb3bf,957,201,1158
0734cef3f1b2ab3ca4b2874b0ffff32bbbec477dcc1b9b153b42bf55f71b9c69,1045,209,1254
17881da2770321cdafbada4aa14b63e4b057d428ed4331a3baebc9af55e795c9,1124,205,1329
ace7299cadfae1e1c84ef5181d0040106a108b5a075a26a7d75021020abed23d,1253,213,1466
503fc319d77e641e7b12f1442e7fb95273d370f5c1c689536561f5c2dda0f1d7,992,205,1197
41abb0c20078e369572a2fd5731361d34cb7d3eea87d7fe57884ee5851fcb498,1124,206,1330
2395f2cf7a473c92aaa11662373cefffe1b44e55b1ce4c55d27de606f742e4a4,904,210,1114
67b19ef3d951404d742fd2c8c9aa8baad5b04e4f689fd98c6db2907945445fad,1031,209,1240
cbfe867ae26ca7253c483c59e062d92eb56abbb9cec68c1c2aa27a4ad72e5b73,1232,208,1440
87fcba2edb653f7b7f5c596d673f1beef26f682f84c4d0c51ebc2724d6ad1411,1064,205,1269
5b57f8ffb8ad5a42fc4724dfd2f43439ca61805eae8d00c690e0c3c3047ca797,949,209,1158
42b9a78853dbb39a18553ce1a6615dcd9a899f9f52585fb50b3c01175d433fe7,977,207,1184
0e1dd29f1f76d64c7e67c273521054d25933d4d9627841e9d0fb484b2789fccc,1160,293,1453
551ca2c719eb0f0e39b37d8ef7f1349a107f87cd6f6024f2f845e65a2b77dfef,903,219,1122
18830700b471a9a31c3bab0a6e59b74889159f9374db14fd48e5be76905a4a4a,1089,438,1527
70c0bc0fb8a9e172cc6a8785ec79a5b71011d4f17970e8a6ddd79a1440930ccf,1083,370,1453
7de651f13f546b84b13ad8160e7dd77d2531d00d518a504e9a67e0b31ed74ba1,965,211,1176
e2c72871091f2959c971728fcb6d2c71f471242ef5f76eac276c27c606372ebf,946,208,1154
ba9340112fbc2d46f69422e5904a83c8fd4d3885263855b4b77ef58c7803b4e4,954,282,1236
263e5766778235606ba6cf506b5d5fae89d5bcb0b5a986cd9c1b347b2cba2217,1135,322,1457
4f8db144ec43ec73c7d012c1b2c53425009785f21fc4f76a014cb9f20485cca5,1939,555,2494
484bc792e12e75c4b330ff8fb492b5a5af285c82919e843501856b03b0398c13,881,208,1089
a01eec8df8ba20e77d3c4d354dd8dddd34a752b9951bf9c0ef30c936837c1eda,936,210,1146
e741d48f7a25a7f54f318fe412676331c073649619dd8e0af5c2b654751a59b6,1124,206,1330
b751029fd5b656cd1c52eea8d97161773107c99297105cf092573c1e6637782c,1238,454,1692
4992b9f06090f57fb83cc816f3b7d2edd1460641ff963099af55812b0c71e0fd,1043,218,1261
3285feed5d3f7f8b0723e93ccecd0a9b32902a06939fffd96a359b79d24efaad,1463,204,1667
82325a9ca3353ba087673c11afb500936a17aa09d01a28c76b845192ad1919ab,1098,362,1460
55e890178fba88a4e93773bd266815f8af8518f5d915baf2f3fac186b2cc2ea5,2219,610,2829
a015cf307db433c564b3355975aff98a5a0951be5d8b601434cf33e5a4b410a5,1208,213,1421
e33d61d4b2a3a637668ea9aca1dcbc570d2190c2695a3fb1ee33c391aff317e6,1039,439,1478
bd01f9a86a8da1b044fbd8d213f535ea4bdfda923bafb1ae461afe64ee5fe481,1242,317,1559
9b8cead8bf557c078b4207808c99fc066dd0f59f760404e5a5be2f20f4930f4e,1077,297,1374
911e50af2203f426567dda65bd1956af2688f9c06a48c5119692f3a0ca7b219d,1400,453,1853
8172e3d487826dbd467c6694ce322f3196c9b43c6e21f41636b90a146c5af484,1017,210,1227
62fa78717c403151377c4b87b289853a19394422fa41374419597bdbf9104c48,884,245,1129
0fdb6893d6e4f4b92269c3118ba153d8d325dcaba70bafbdb101b8904ecf4426,1974,855,2829
d3041b5a8d94352b56d8e7f17984388aee7fd34d1a2e4196e03e1bf164f9db2d,1064,296,1360
25e2114c3d32879d8919d67c0343e10c7e6021ecff9e165b3b2e85f361ddde7f,939,205,1144
95f7c95891b8124836074b90c64198dc71278aa13a81f29b18ea07a65cb84160,1124,206,1330
452de575f29428aab74964713cffb45aef8c569eabdbd2164782f042010d00c1,971,141,1112
ffeac2aac65d05d4ec3de5929cdc7ae91c69cba4995361b1b999c3231cc172d6,879,207,1086
f3de7ff7415432e0c43ac013cc0671ca87c6fd470a0f0e4e14da449fa1c5963b,1016,209,1225
d3875231c194df7ae28f3fbf5e4fd8abc562ea72a77c289544317b31b3dd2b18,1266,691,1957
414886af21edb82f44bdbcff20d6320dd82bb43a8b239e3e182e0da103844332,888,217,1105
3a39a92e221f2f67902f93e035e5f0c3646b986f47aaf9b3f61a6bc77e0ffab7,1641,323,1964
8f182d1488bef7036ae7756e2e78b6da7e9f15949e8f152e2790bfaa4c3d7b09,1054,213,1267
49de8dcaf1c2d24d6090e6f3111e55dc47eb4b0e68f048c80d6f0da5453680bf,1023,363,1386
cd2e616888085c7bb2f4a9646c0746fd9ed8ff75c5ce667ff42a1778118a5e0f,962,231,1193
2bc1ce6020860347092e7820160409df1252bf4006317ca84d57244665b0a53c,1395,362,1757
5df6ddad976903d51a433ea98028c61f8cd5749e1468ecefc46e525e5536bb96,934,210,1144
676bb53d38b9e856c53d1bf1406388e27253ac45620e0e5b0947ac1dc748e381,1123,205,1328
c1086f1bad4444dd239bf6ea7975e043e472704f5d1728cf31e4ad8ab5cabad6,1135,213,1348
f08b5f110b17680df8a178655abde5b503fbeb9aaf2563abc2524e246832a977,1200,319,1519
b7a7c7a29f5e45d761108d0335451463f1e4a95c95fdbad6510210ccf2836f8d,1046,221,1267
4870fd3fa2bee610d6e967dfd6dbe2ea9de0999bcacd4f6c1e09cd6905076ff6,1643,545,2188
d90f2058bacda127954ee26f99cf1e5352125ea136267267acc1ec851c1a7641,988,210,1198
a37c18c3a7ab63f898e96bac35bbb903df0bc00896b27a319d2cdbc851a20d27,1233,209,1442
4e9451cf4006d35b143e03c4092bfe48d7abc07d56261790458b2a075fb68154,1236,208,1444
954926e7e5b8f817055365897fa9dad539624711c4a8bb8464b205fe31e3e268,1508,317,1825
ebacac03bf6ea1a5cc7c3c7edcbc1f493eb7c0c4c3cb2c43ba899e2992623760,990,208,1198
e1321917cd0292ce4afc6a6b44d8d58e353b9576c84f340120e214965a4a9837,1717,429,2146
71ae268fd6fd48bd36e0ca27c0838fad63134006809a94213b959b22f00372e1,1045,281,1326
4fbe3146747ece81a52002daffc7a167bb37373998600bfc8b62fa9763e6a230,1167,212,1379
f0b41b9a1ea96d2b13c82010aa129b9112d704bcd09bc2ba460cba02ee1d9846,1182,318,1500
7df734864007420a9adb15d1d7f4c9b6cc0227d6f6c5e01d4fd68ca4cd79fe30,987,211,1198
dbc5fa02f9553fee808beecce70dd7c3f59078f5f09637f7247d3712d2fa0bda,1143,613,1756
33c56c208057a5f1cd4fda4128b0cd8a8372ff012bf2269216e36a12ef7d7d65,1080,210,1290
d53b6251b703d2c1ded47835b68f739074d14715c1ef4b3a204765197cd189ad,996,297,1293
62fc130b43893652e0d923090b9160d82180ccc74ac7e0a73bc66622767c2fad,1441,948,2389
d87591bf44fa07d878a3bfa16aa4ed679a96d28d884c3adb46cf8e0de7d90e28,1315,206,1521
af5ae0b82175527b41d2d226d98cdeff5d435eaa0978645c95a3625c10163bb0,966,212,1178
a136c9612965417f670de3504c9d9a47567efced9cb8b9bbc8e5e2234042f11f,1807,1224,3031
befc308f7fbc02f495419b6c2bdb901f9e38d8f17572a4443db4ad3e77574d25,1276,243,1519
074c0e825aef64c1379b985b0b5b95fa317d2de8cbf85679272ca613b06bcbbb,1099,211,1310
c0fe101465b0da5982457daebc93ad705eaa67d043d0f822149af521dcc8a237,1046,352,1398
564089599e21571db36cbd4c61ab96735968dc0fb277bb9704a26b650731ea00,890,214,1104
3d4c7943d829f63a6f304f061d9ddda7ca84c629f3fea36b3dd4aff30d7d305b,917,213,1130
929aa10d53d4693690eb37bf8a52fb1ddbf2a38dc708879b483ecc5c6395f2f3,1046,279,1325
2396d44bf95dd08699acab13cd1c1b34a95a9cd0d104346cdf62bc5af29ab628,883,214,1097
262f7e0347e6814a91ffffbf24250ea4b0b91abb4edade5421c982d3ab45cde2,1776,436,2212
55a251f7e78600e7e99c5865560e31747a33c1444bd957f538b209d0c1558f77,949,242,1191
0d1010fd1f137d92198071514127e31022351b0fe6880f803dbc7ca21cbcd771,1797,703,2500
86ff3642c6c06d4632ce51737f496de585b2c897d984678b2783950d6b4b79af,1079,214,1293
f73371418c0e5c3aa37b7f870bc4b909faef779813fd9d0ec0eb8aece126bf0c,1008,210,1218
a1189e3f289688327c6bda44b46bce7c8f2f28163dff31fbc0de4893bbb4839f,1123,204,1327
2030ecdce225da122e2f811657e801c3b2d1c85d655674f8d429e90aa6bb03aa,905,207,1112
9e1f353df629f92e27f6e534ae21ee83d73837634906d1b0b29e942a659867f9,1125,297,1422
d20a12383abea4f4b127eb94005fc0c3859817d169ae7dfc61da9644dd2eccc6,1215,212,1427
dd6197be82465a4fefeceb1492065bdb47b3acc3c5d9732164248167157fd923,1076,209,1285
080ae10e88d61415ed9f5c03b7ace63933aaccbc9a44001cfcfa4da49cc9d862,1298,295,1593
4104e20ea13d49be2980817f23eaf1d7c64c2c3947c9fd332b67e3763b8fa511,944,209,1153
01a7d4e0a4757fe48177c2cf4da40621b20710eb742c4193c5a60b5b2291e432,1004,213,1217
541401730901990a3412beae601df668fcc812a704ce7f6856527f3076855af2,991,211,1202
6a2066b0cdd5619a9c3e8bae6ae22d5fcfcf9c061ce73869748eee0b7457e40b,979,210,1189
6af3dc55d6822ebf7f58696a06599639a6ad8fc0d934ce7ed463aedc743ade0b,1015,557,1572
db92e05114dcfd15f16e375c5e3eb79a331cb9287ded1db650d4a31f2f2089a7,1029,204,1233
d95d58e2d0b92b30beac6b54db71455becc7182c24afa5514cdae2bfee528b74,1431,372,1803
a51e7ea4d4916f0e97d180093519cd7487691fb039d902a8e2f037de54de7f76,1324,380,1704
2ae9a57c8fd3333fd1734e749a344d223d5f67a5a454a3db9beaaaeb627554a4,1180,331,1511
59706c5539088a74151b38e4182520e39ceeb12430dd249c1e54d889dc517fc3,1692,324,2016
d683971b6bc57415d70af0b678837af11521d68d8827bee6bdc7b0a73472d3e3,1490,215,1705
59e03193c9dce187e2f6f21d5bd89ebf2419f1724ad3de918ff4b35dc2cbb45b,1726,313,2039
d9860553c7ec8a2b2b574862b4e614efd3a48bf46c46d3a327d4231f7ee132b7,1452,262,1714
15a13d72199f3595349a896c7ea5eaee4569f4ebd09ceb31eb383aed14ceb75f,1209,262,1471
bc71db93818ae1352eeabdb2c042be7f5b8678ed2f6c38cafa9a445b82228411,2201,1121,3322
febe86b004ac9afb69401bba6d3c0c9bef3965c4ef53267525a5ea0b6a0186d2,1752,958,2710
411e63f77594ed079631f4b1f8acb17c3cfb4f2aa40903df2ca6d026221d6c95,1213,217,1430
b69c1f1af3fc18c60833fac31287d3cf18ce5f703b0d3ca173d971632d85283a,1407,371,1778
4b9e48bf48425db3b8796c824d6741451b4a73c74c1f1009dd45f640c82f543c,968,205,1173
19fe0a392622fb1223af8ef08389a7d5461abef9032e67ec8ed79a2fa0f1a9a8,1015,360,1375
97f436fab438f31b59d2da102212874292cdc2be7a05fcd27afda42b80aacf44,1609,205,1814
093934d0c1bc2808724c0d23d126f49ceea6f801904751ce5ee0548ebb96dfec,1062,287,1349
3114f69795208773d81d9e9bd2f7432e23113b398e5063068da9074a130d0b39,993,260,1253
6329a1d1fd8bf071145dfee601369e0a343c579a7ad8ab8b2769901087903ae3,1044,536,1580
d175c35f194ec0f72c84ecd41dc99a0ec1b178a7e4b2ffae68ae1dc0f7d5e832,1292,211,1503
d480d64831063c4fd819312aa73ada3416db7fa6a95313c102673ae307a3e538,894,212,1106
0e86cb9f48649fd93d9ac8c977ee74b478515e80b0f634d2fef94ce2010761a9,1034,229,1263
a19c576d900d1e1773c0aba183cbaa6ec5ca8988cefce8d02e812569c4e49539,994,210,1204
9cb1c36f31c88238559f3d4eec12d469036ab7bf135cd012214db8182e6838c4,997,307,1304
a22e6f214a7efd390ad546aa172976cb602d6553ef0b85033a10bb51e174ac54,1080,264,1344
a45bb4bed31adf0e95922f16eedb2c223ec95031c9168b135a92048c1c129554,1436,368,1804
9f4547b0a58306fe66aeac53d6dad7580be9fb984be683d567e420c454dd8581,912,211,1123
af8e642c3183c392f9ed6a4df333cd92028dcb3f697138936d8471e3bc295545,1014,211,1225
69551277c8f90ede0deb40ddeadcc45a70e8fd5e2b991de5dbacdc3ebae7e9cb,972,295,1267
bad567b6bf44f525192cfbb75d8b14412089626066661b64b782a58bb5351954,909,287,1196
5196b6cde4d52c35ff15660879e04213058ffbdab86803d3d3ad6b56cfca3f76,1334,542,1876
ed8b3f165f5288a81932377896f997873f1e72c315c712575cecaec90614dac4,893,208,1101
65b4f5873246e7e9ab89b8d1a754a20a2029f297183fa33f9f8774fc2e0a00c5,1820,200,2020
3ff7724bef039e5601969052e8a533ff16a31876db7f838dfd289856725242c9,1383,210,1593
9dbf5e1a1a91bcf9aca936f16fe87711541bb4594ce10b797df5a6799f9e217a,1157,282,1439
afda680ba6f64128b7671ba3d7e9c37e8375aef4cdc687d7503223e31154549d,1183,365,1548
08a07819b4cff6f5b4918e2c623353a69279e6fdd61d36451487f47a5d869722,1077,205,1282
9fb64a8acc5c57bcc0c24fd74f51a15140751833adbfe2b7be6b6016b4406807,894,285,1179
bb581e09c2b2a54e85df65eeb86c9c81311810e2601ec06a8e05f641bb908b7b,933,202,1135
873a65a60b185e977beebd91de417207d94c540704b1a04d5278b401c8fa9236,1293,285,1578
35cae051ffbf3f4228b521299359d1a1f4aca771571f5e98108f3eb4aaded1e6,1902,319,2221
8dc4cea2d882a0fc58fdd2df2aef8d5ea0c2a6da66d7d9e220d9302d5d758133,1787,555,2342
2addb0d952ccbdc93c4981a9cf35c3dab8d6a058a529752f227b0c28929a9e67,978,211,1189
b2bbdbfb7c75effc6d227d4c84029e06c4c125ebacc5a2600452284832269b22,927,204,1131
2b5b22e63e974ce73a5d2a455c17982a4a73136b62447c8d46a1424364023d33,1141,601,1742
f8928336ed0c642816505b2e74ec412bdb4e4c6854e55c46e367f5922e509226,1087,284,1371
b93a4bb5147fc402d38de98eb4b2ad2d58e00953d13eb4cc14e519918379fba3,1032,519,1551
6b068dd0554733bc96783773ebc02aaa7b3041742c17875531a7a9fe6f25042c,2245,805,3050
38ce5266e7dcc341b3fbb74edee7f8b1944c832d0fa7b33e210f428893d5b40c,1754,771,2525
62ee7016b289fefd019b9067401a801774fc4a48b75e6aa03ae498fd7c8a7d0b,1030,209,1239
82216670cc53abd160e556931c4255466e4c6f6937bad51e214e0f54ce5011d0,1497,370,1867
219ff4f926ddcdea2bb26f041c04d30dc6b4ceaea822edb4a6fd2f1076a23728,1214,278,1492
d36396545d439b57a7b4f6cc84dfd9a410484516f72fb22ddc0d2e2ef0daabf7,1002,363,1365
c8cae088665f1fe4a70133c52f5f3b25cdc2c13e81b0449cf8b2d9b7eeda8236,1632,675,2307
772e412f1b588b781f0d349631189b976ecc2ba44fe62c6590d20b0389899607,966,207,1173
5fd3a0776739f56a33898a30d528b5935d228992e6a2ec602064d19194199f84,1754,663,2417
d74f0323eaa45b1d8da5a5263ac14e1fde2bd0c3bd6204c3faf5fd83fa64b545,1071,205,1276
8ddea79d9ae695ea3c62a1393993a6a684e2c4677b3705f6814af435480d64c7,1037,212,1249
42880fe1808814d0aa39b8ab174045f5ab119b605616df825e1a9c9c241fbd3b,1181,282,1463
5460cd941f144eacd74987198cf0d765a29ddc7c06f23ef6788fb32bce4bd483,1091,219,1310
3f40325dbfdd3f61d3ee026a740c74cb85c2b8f4bb3c885afe5e4ec346f39d00,933,202,1135
00607edc9823bade61e98ac9a8f00a299138d4770a1f52fd9fea7cfb0ac9a628,984,211,1195
908ea882bcfebde4e9b680732c6b2d2565e63776a7d4d4ec07eb64c5ba721ac0,2290,913,3203
e0c9768bf532f239a7ed4f853c6c669f5b73e2c1afc9c318a94cd22147e3718b,958,283,1241
c4c810f025fdbeca0febb73997ce1d606fe8ecf5a12f5fc441faa0df68f5707a,1024,200,1224
66fc16b449a4edd5055f44f33cea9469582aae4a749bc75f5c1d61d6cb9809c9,1100,370,1470
3167681f0c292393507381ea1d44dbc7495362ee2f97014603c4df72fad28a69,1034,211,1245
3121450b5caa84c6259a06ac77d36a86024b0a32cc328baf269f93309a7fa04b,1124,205,1329
2f87381d40314b21b8dc83a5e8e894ddd15122117ce700b0a80ecd7e3f58b372,1033,136,1169
4fea64ce4d8d4ea332e1948eebbdccd0036022caba5145251eb1c529c5ae02c7,928,208,1136
d3ecb5962cd6cbb6226d9a462aebbeffd7ebd47452fedbf5c9e27d0f775c9c08,1232,207,1439
12696de6cb8ec2a5caa5e22b42937d6f7eaf8f1aa7087a5ec647be1967af25c4,1366,204,1570
66482fe544825183fb520a4e7544d4fff324a98c3ab58b34806995d3ada59e8e,1155,208,1363
196769601e9dc72a26e986bfdfb40997b46a56d26f4af740ab5df922f7075488,1136,216,1352
c2d5f58eb09bc88415452bc58c070a21379f241bb53c2af39de89e569ca4a10d,870,203,1073
59fc08cce3eb8421891cbce6018f792f1675ad006621e53bfc654c822519a928,1677,312,1989
fb6842b0d2407410ee7d9eedf48ea31bcf249b8ce3ac44c16023eaa2dc3bf257,2147,665,2812
b2b45d0b73c74a742765fcd2c7b7784604cbe977479f422823604db486c6061e,1158,217,1375
7a1129977fc97877f17df36d72fc0de52a63abf22e6159af7d3b33e0c878c174,1106,205,1311
ae8c9414652d130dea7040c68549d6dc26d90be90e48f778aa7251ec9524a089,1530,206,1736
8a7efe72511e7babd9447a077194c507124e74fb24bd209c65a973fbee124b10,1210,539,1749
6acda1921690575acba63a0b6194f63a68849631bb68e8183fd38b9414971275,1430,374,1804
a7e875f26f5c1a2847469b68b7d93b960fc3b16d804a31d1c49bf228d2bbbe5b,1087,446,1533
d7a989de353da69b4fd2cd4256b0e14a5ee5f6f442c3ee8b69bd0a7f078e61b8,1442,204,1646
166292cf66ddb4119773419cac5ea0539ccf9010d51e63ff8e35d98dad8907d1,901,291,1192
802e235832a2e7f2d4744e2300c215571bf4bc1635884eadbc6d57df57e715f6,1325,223,1548
f5e2f00388e0e2ba5f5c5c047fcc99eb3246318a40286aca5484f210c267a020,2222,551,2773
b510b993ad8c79106ff41de46c16f6e678b874277027897f7bff268e5c4b13f7,1123,293,1416
ed1602f73217ae4a5019324c1e6f8304dc96e0c599e69b8b2497644f529fec03,1797,673,2470
46a28b036ed0c1a544f7ff6e23996e866d44118c0dcdecfcb022be4141cb5ab7,1099,367,1466
2a485f1ac90b90d167e329107dfe5fe57cecfb66aed7bc43fee80371c3afff61,1201,860,2061
303732054047c0de82c666ee52899e11abda44106e9e119955532c76eb0827e0,964,218,1182
e62b473f4d03589da08514c4bab49d4d0390b9640f3426a4b19211222a7a2fe2,2240,1372,3612
7c002d613abd23fd62c915ddba269fac7cb6e834f38bdddcfa66630562e1e0d3,1272,214,1486
6f145cdce3bb28756d5dbc222e11948eb7cb273d2f9fb307bfc5941aaab8c84b,1241,222,1463
940126d2df33fedc5fce83021f160319ab780c1b5b16abf66e048a50a2731d0a,1225,215,1440
d7b7d99ca8ae65ae30f79f0a63f1ef92b6d88d5eb3990256b1d35a6d4cde4e96,1339,377,1716
3b9d144252991e8c0a00a0c0c1e5f1b5a4d910ff828d1dbab4c455b86abe3ce2,1037,204,1241
7ed0361c7484c086758f61b5f8e35ddc1451c9c6f8bcfec0029c5a0a965212e3,981,210,1191
a8743be10fa00c03a4470f9d7a10fff303ab5fcf88c7667aa40ad97f0cd36412,864,202,1066
669c8ccaa7a91816fadb8bda40def1dc61c13eb73f1637397ffe35ee1a2d6f2f,946,300,1246
0822115b3b2a80ee41397d95dd9991e0b9e292714b5b568bd4e6ea794b49018f,994,204,1198
7761e548d6ad761f03953703b8f448df24f525556232405aff88f3e415d07806,1294,280,1574
955a3db8b64733d0b8b2899fa85eb705b10fcc148d9b7bd54d2501be28e8646b,1054,607,1661
3f604bd5e835a7d300ccf44568b5add4cb856b4c089e27f8dddc56e93eb46d43,1124,205,1329
29665d32bc2d76712787cda287a1063cbf0bc595cc0cc80e4cca0ebe9591ec85,2046,421,2467
e48653b4f48ca6bedbfa9cfdd17030f31ff3af2e50e1fe86799e076c37d02ed6,903,444,1347
b8029151af62c9b2deb6063689ad103138870f30926cc263e56f985c3d38ced6,1021,201,1222
ec4b14151228348ede484fb186b7b678857b4ceebfde476fc444114f9a349219,1124,205,1329
35007d895fc66fe1a9c60ff5d99508c99ab6f8b9a131bcf0c38fc6562160a54c,956,214,1170
4217b4db40c9d2dc8a42da3ad558257aafedfb1ee0eeb9c58752a97d2a9cc39b,895,204,1099
70e16e3b837b18f25cd9c61f551e79aca673c3233fcb1533671768a934139feb,1344,361,1705
2bedc77ae824be61e426e3a841856d022a8ec67eb64c390a77fbd5ad3ef0909e,1056,216,1272
bf745689b14e54a86ea61762d060ae48a0b6b056a832ae23be2409934579ed2e,1242,228,1470
82815c6b202ea1280d4baa7beb09f5edd65383aeab29a9a626e1548a386435f4,1054,204,1258
11ecd3613302feb2874828c744f542b7757a853c3e892f6f76b0224be22cfbac,1682,667,2349
eb13021c924319327347e70fac000ef52e8a2163da8fab36b5c6394b8103c88e,1802,422,2224
47bccb56b236c4ec40883d4544683ee22c1402dc3e0f4ee74f3c4d21a760f310,1069,210,1279
4f30323580b9fcc1637e62153b9717d4f3da3f0362a4929d626fa534a585e2e4,1427,212,1639
7b2bddb8ae37e2bb8840e3eddc839907d08486358fc715f2a89acbaf207e174b,1021,295,1316
6d4295d72ee8d2299d086efc03e336ba8b20e50145a019ee15af39304af9a86b,1025,283,1308
df7a8b8fdd82e3164694757dcb81fc2a899feeb009a03039b89af20ed6c34d30,1141,764,1905
7dd6ae055bbb53754a9157291e5fa57fb6574aaef2b4d25e3d75069fbc4ef1f7,1853,466,2319
3d22739f01cc8c8578bfb13ac1c7b192d15a0a74885da74365f9ec7ed5d5974d,2215,890,3105
512be620a97c1355753bbe13249d7ac5eea231737718114ce8beb72516861226,1063,211,1274
f28663b1616cefac22c11af8b67028a49dbafe2b0b5cad7ec4ec339b90bd7c8c,1372,364,1736
e7f649bcb2404e664db414a489e8e116c2477b355f7826149376c7edc65a620e,1062,285,1347
5afaed46a365e4e306bdde55e31ae5fd22754a6b4393125d2ad57ca0733ae33a,1546,211,1757
46d4c09d450ec5acd670438a90faf9f724e32aafd33f1861809bd918588559b8,1146,204,1350
70dee1a6f5ade10316c7eebaf6dbf2c9e026304e6e7368da9269513533e7510f,976,211,1187
ded77382ef83dc1b9c5ec09a260e87b727d6ab30970eec117b6d175cecb8bc94,1888,324,2212
d7d09ef41cbe7289263661a252e0965c97b15c30237af0099c13934f726b88d8,1124,207,1331
e3a735aa1d7ebef15a89d48e962b6ab07fed39c8e1f53ac065af5e442c229482,881,281,1162
2095eece740d8ab42247432da72fe65c74416f4dfcef42dcc59d6df5ff617918,1914,447,2361
7039e44b73030a1a4d12ef97548befc285e339732188bce72937cee0babf60cb,1046,212,1258
1aa707e21603e31c5587a7b8753755f32472e04c1180ba5e6f0b68b750806d87,1124,205,1329
0637573d4eea071206064352755bedc5506963f1e8732744fc598225417c8609,1153,445,1598
955e711eb6214b5781a74d66d10a3f7b02fe1d1892342d880b52aabda89d2442,1299,372,1671
0e89d798a7bc9ab352ce45eda891b0e2a6841ee3a8693a88d58c53d28af52c63,1164,288,1452
a2e11d5d987c748d56673af9ab0fdd15e6f871eb490e48bf38cc53faa5201b20,994,213,1207
7dc97262280dba38fe176295d5ccd43de02eeb2c30015b71908ee09535660dd9,1148,212,1360
723335e0a288dd5b9cd27547d7edba47aa61736fff98de41fd5a71dcf4016d32,1260,487,1747
ecc3da0109e20f9b3147f6435912b78665d7185ea5f3655c80943bdaa0e4329d,1609,469,2078
1ceba5a33c073f26d691accc4e872f9902046c6451ab443921ec0ae73ae295e4,1163,204,1367
ce0e40145251c8afabc8031c9e1280bbf11ad456c9c273fe54691c46e1c427a1,1408,205,1613
8dc67c77d26847017609a9d837764502922c63dbdb31857f79571c75835ebe15,1322,228,1550
1ae4773cbf9482006bf8a0e68927dd6b79524cc62e191629d7bfcf91584f1b24,900,202,1102
1d73cbe24ebd55b4015cca7ee0b86ccdbb0d20f99dc20ad0e521b97a99315690,1384,204,1588
53424e55a742c369bddaa0e66e555f3162ed8316a62f6af61c214ebc5d6c805d,1124,205,1329
f4e099f0b8223d37f7d4cddca698c8be2265919970d0cbd8ec2d3d6b40a11f83,893,204,1097
c236aed5b0a5ef78d4ea2018d9b59a5e48170e8a30073e380a9be80c3909beea,1759,434,2193
369935ace8f738105edfe42d5831967933b8372581c193241315bd1ea8498fd3,1538,483,2021
0b33e4a8c2ecde357fdd7179e28cb8966817b1d95430831896d8d1c3165c2d86,1160,204,1364
87449217f1612abd3e4adc16bc785388b259af71e531a3fddc9043c802d53499,1579,293,1872
19955033aeda4a48f7f8dc1d7833bb555a35046121ebf750f2ba51117ec23a22,1418,136,1554
16bd3ee7a0e1021c4fa5235f6f971cd3fe0c11f71458224e686f218b3231b2ce,1281,275,1556
39f8583cd7d5acd9ccbd1a3abd5c1293f58b97e601706e5d4c38d012263e8447,1068,203,1271
38b71fd9a0aa76dc15da78a77fab0b9a4c8f50c62d78a91a8a4b20d1be444c95,1240,207,1447
8c87ebe0a23575d67f2f0046887c595b39ae3b6f6833314bc21804db3f70a0a3,1087,201,1288
87d31344eaa66dc7653cb4373494e5b9c478fa52b716b59038cd4478de9ca0a1,959,277,1236
3c1a23cb0a9be090c850d9a2d72c02394d4741fd26599701cf0282558db02e3e,1619,573,2192
be2d7374a136b46ee1b46c61ebafddd9f2247880ce0b217a17086e7c5ba51a00,1250,208,1458
076bb268d32289660351ba2289253bac400c4c609bf66a322bcf53c420fa9542,1951,777,2728
4e71fd4f352046424b5bfecc8a8c72f8d5a93b5dd12b75b215f1994ea1c6b9db,947,211,1158
6ce627ebc2a9e20c2b13853126622fa42729a2f211230463701015af591570ea,942,208,1150
7b790186c1f6c2cacff31142df5bb8183e895ab2efb2d4492bccf9af5888cd48,1010,212,1222
c75dd64fa2d5454b48417b910835ec0cd914deb12060f3c18d2bf986d236fb32,1081,279,1360
abf043e6ab0128ae5390b353a57be95e1b6e692de35982bf4d2ddf2430a06512,1017,204,1221
447f3ba2e2905c3b3b63cbe025450e026246af231c182775afeda7165fef5a3e,2251,1335,3586
5f5cefd8add5bbb11ef8d3159015af2e974a387f9f43765baadf1713eca1185e,1124,205,1329
cd700f1cd839f1a7fc53908b7307c06bd8229acc44e0972b0aa2244af7060aa1,1520,152,1672
e6583527b71459f9f6649fa9359841fc2d6832ed321b4623e4d852a350ae66f4,1124,212,1336
89e80d81b2267ec5771b154bd12749ad24ac7ec2b5238be6abe082ab538e77b8,1364,210,1574
c51017082a5b9a730f6be4bc5088ab033473def89375cfc7a3e3e0eade0d3e10,1342,202,1544
a44515fa3b8ca418edf5661edf2b99183256f128b28d89e93086ab3a43c91ff5,955,210,1165
85ec7dc688cbde602fcc8f651c73efd51423373368151a47fcfcb88661e6f091,1409,213,1622
1a3465dc00b14c494d72f1fd8bec3b9929ab890a56960c81e49e6119853f935e,1187,292,1479
350acb9be1ab3e0e54aa005bbee77d891339783e59878cbb3683072eb6ffb5a7,981,210,1191
51d8c80a2ac370cac9e4115970f4fc11abcf56dae7ae1489479343c05648e275,1018,204,1222
e55484c97c8c957cc787483d236b8d3f265760ab1edcd0ed2f0891c2c52e60bf,1137,291,1428
10a94dd39d286f0e9a3531ba50cdfaaf418b07dfa7c691466b8e111e724fc409,1043,214,1257
74e13564358295d8c2262ca84fa594dbdc4d00fffdf199808a2ce9deb3479078,1124,205,1329
c48e4874e7ca1708c12e733e49b819575f262bfd2fade5abe30e20df63eff1f0,1043,202,1245
7ee9e5e5011aa6ede55f3911f47f5ed568048d4ffb7d7d421a01e8339f241981,1322,452,1774
8ecea855e677102daf1a57fe44008e0546d88a8c26d603072b7207e6aa211d42,1050,219,1269
2e70287087e94d98eba66084b1e8b1310066caef74faab1fb4fefa79e659915a,969,211,1180
956632cb2110f0eec78565efa88da11312856494b04caff738573386cfa51290,1198,312,1510
36e10c641e214b3119befc4ba303c7427d3ffd0efcb14759c0e9203efcd45e35,1293,888,2181
f8d0231e85bc44263d05ff9a04a840eb7e78cbb823aaeb306d7cae08cdd3d302,1381,212,1593
d939a20f2e77d469937ea56c1b4033e8844308431ea60e401c2a56aa0ed193d4,1271,285,1556
fcb6839409afdd7da56370714067bd09572a8abf7a035f06aaf9fc8e060a4077,1253,284,1537
80ac5ba7dc6512459936bc3a695cdbd79a1eb33d3d188a04b6e57696cd968abe,1162,212,1374
5926383943609f70295311c3f0aaf2df79371fa7530f81218dbf1302c540736d,1720,894,2614
55f37a39bae9f00f5644f285683ece4c3ac4e5496b79f724b8d62fd96e4e816a,989,214,1203
44e5c3bf884c37e711254e34e85f8f190717efec8e27cdc5b55f7867ad86cd29,1140,205,1345
dfc42391d2d2dd086ebdd2c56ecaea20f154e2f8f40d4882bf31a8797a0603ae,1124,205,1329
7b46b121a9d229c9a6dd4bead643b6614fc0d258efa27ff579e6832beb246396,1437,211,1648
24f9880cba047f710ead11f65ce91a89088975f1f1a30eb1c21cd570f906e6e5,1125,219,1344
61b680901e93e5be514c4fc8397543eba7b18bb776b66e0e58c421aa04854473,1127,452,1579
74e10e5eb464470f619dd66203f1a8778b27bbb2f82a25520328f438a8138ea7,1145,207,1352
c88329d44b8d1e5fa6bb9d63463b342049eb4808294315386e4c481fce976a9d,1072,223,1295
fb7c3d1afe95b2da5d1b1d8f317f75229a74d81488d47d0de63d11917fa14831,1082,216,1298
8acac2770a9b932d72aef38b3ace2fac91621aa69034c4fc097bb94357f4ec48,999,210,1209
28b4b76d571eb79915bf330fef866f32a932e333ab14fdd2557456aaf370c5ad,911,207,1118
15a1d3e2c26adb5450733e2ad98cf7ac77ade5ef0f68d1121d7997de18c84254,915,278,1193
1311c2186caf42090f03c0ae7e86c11c5769b8f0000ae3664c68e6109ed18ebd,1124,204,1328
ccd67903521d2077c12c213cf07dcb52af30513fbc03864501f7fcaf0e4adb42,1251,205,1456
5dba7c95e8f4b1d6e46ffd15109fdc65c2ed689b7fb5198eeff0d6ccb74a769c,1354,202,1556
14bc84a3ab34d3be89fa9d65211dc7c7aacce19424c2cfafa0363541d0060c92,1064,231,1295
703c031d36c1f3bba2299ae96ebaf2aee3f3cb7310c3cb44b8c9b0d2d9f02087,1518,445,1963
4cc59bfcfcb991bfc900ea4b4161d409881086444584f9e3fdb3bfba346ed49a,1244,307,1551
a2db2617dad85a3b2678e958989dcc509dcf9fdecaa9fcb6932e0617b0c6bf85,896,210,1106
6d1e3a7e15814434ef7651ee234a11dfa243ded63c0c403e7d9b9c4f21749f42,976,208,1184
7c07f921c65e4bd9c0dcb1837bf29b087be68ec467f359a4b963d12093aaa992,2254,1096,3350
a0c4a01f21528c303c6ad22e02a3825796eefd2b983d9c1c2aa3844e884224ad,1284,203,1487
66fa06a8b2250729dc8cedc362c6472ffad675f7763f2d2d28da3610a7eddcb2,968,290,1258
fad12dab4ff8f2c3cdc76cfd1ec6a6fab7d8325aeec33410e8919a51b1708bb5,1021,288,1309
e4f24bfb0e1a95496396f2db9070d78c888c32c3998c1e85a5abc568ed976303,981,287,1268
441e18afa0d88aaa83695377121e3910ad8ff354711da0b67accafb8fe47c9a5,1152,207,1359
fd785f7e72c22a59c1d6414d7049ae90e65f29b329ff3a9b2643a228b6101179,1092,231,1323
547118f432277c54e8dd090d5f0cb28af86d6c4f2536aa000693f7621da7a2a9,1292,227,1519
93016e7189fa17448d4fb970bb8009d59b506f2dfb9c0d59aa02adc66f3ac83f,1701,818,2519
0eeb835dc336b84a74a1fb1d2a44442e69c1b05dfbd637afd72921c7315529ee,982,366,1348
41d0d45c6b13c24170d48f6a783e8dd876c90294167eae90114da2eab1b54561,1323,210,1533
af83e478ce504c30d208354cfb9843c54274cf1478463447002e9317ce947c61,1120,207,1327
6051b0dbebfaec9087d6190353d600e471f6808792c6a011877865369b379ca0,1123,205,1328
ce887dc7a75f96fe39810734070255756fb327ce9f8c2b7f2d628129d2eb5b00,1524,286,1810
2c2bd0365625051dd2e9b17cbec29578f3d9841b2f12a2581bc4551fb53800c3,2108,798,2906
91301ccd2676f0e35038a1733a147ef8e8eab76ad0423161625e054aa7f285e0,929,200,1129
b9cc2571059887a7d50d3bbbfe43a8a6e5407e4fc82caf1f1cc0c79242d225e2,1124,211,1335
c9b24dd4e3639eb3fbad353020610836b07eb6dd5357720bf3b8e6847caac31a,1696,895,2591
87a11490be68796ebe1c37659cea61358acdaf6594b064acc0726901c0d01f19,999,211,1210
1e8ea029da3123db6d98adce92b0c0fd1ce9777ab0769aaa7eb737425bdbade0,1640,436,2076
1ea290b4bc11767b4cf239b1f7984ef53d8de81f6db8091596f90b57825d8e93,1719,1854,3573
6fcc17080eac91c0143881fd1350b429a89577f4d921c63912b57a1b2d88f3ba,1013,211,1224
97761ea6d3bf9b8a9c313dde0eb739ead05f178f23a3a45411fae252878c9e15,1659,1371,3030
e29d442ddeabb083509ad8574de9fde1bfab47180488d9838dfc4ba5ed86a4fe,1253,906,2159
c9ec7e0e0d1b0b4df0f61f6deb56ec8bbd2080f1aa1a4a51aaf8d8405afd90db,914,211,1125
2551bed58eca36cacfc329b8b5260b6de86b1905ae4be49f3c1be16747f622c0,1071,233,1304
bdfe167a09456481eed6311527105ce0b8a1a42cc6d9449b4790488e8c93b798,984,211,1195
bb0ab0006a05c55442811539afbeca7f8dbd81e6ca33c168ae36b9a93e72f920,1350,205,1555
dadae7cb237252642e01a005509b29b20bd51a0e8852a16e4d3e35e5ea560e7f,1123,205,1328
72935051f679d3e841a8298ab2374817db9335d2a774b1f6c50a9e7dca952bd6,1646,671,2317
62fe3c987295ffff938211707d6265ba91d56dd6488e5457eb99edda4c7198f5,1016,205,1221
73536729135e0d968ded416e600a746c4dac830f77dc6fe63e93a71f3c1ff553,907,209,1116
8aa9a8d9e65283fd329bad7a3f5d642cd9b05641053915c8802a5a662d499645,1610,205,1815
3014b0299a516f88798015a5ae0b1c33d3ea4f921f214d6decdbeeae6f18efff,961,289,1250
5ae7b55af14ae52d8184f2bba656391f68a71549fb5330b4667bc2d2ea5143ab,1048,207,1255
4dfdfc4158cf4a7ae19080c167e5ed99d62cc8e953b1ff5b3a6818c90ea83e22,1168,211,1379
a99836227c5867907e42302a58804ba579e306432f9e3b94e2884feb3220c01f,1132,205,1337
d4c18f3c2ad8fe7221c31a22ad48707a9894ab0f964ec642237251f09ac30984,964,205,1169
c04abef63bedfafe6015c2a6968aa6604a029c61c7ae840332cd43157ad84b16,1096,203,1299
7b04f9a31a5842b02b7285542863d0a0be3f3a21622fac1b302970e0f8626275,1321,205,1526
8d5f453e7d06414efcc99e944e83e6bf72a6f3226fa4d6609ebc7becd4301a20,977,214,1191
e3ced20d74b24aa1ce6a3eab6f80e25036b5164c0e39a71b2a6b787a70ca1bdf,1098,208,1306
12a45f8db58891347b4da5df1822ef76e68fbbe441d9a890f5fd53fb8924f473,1315,201,1516
ae1b053b23c7f0f9ddef072d2050d6001353d7b1bc9c4e83718b9766643cfd58,1258,216,1474
00e2341eb6b6c746cb7dee5f9439947264b1324a907fa1c409f551378320b1cb,1654,432,2086
5a9f339e2064ac8ff16c18a77235a344c8f659117aa2f8fd93a9406550769f94,2193,1260,3453
5f51e3d56cdc6bb84383bc7893a2b00ba3c88ea22542569bc055ab6fdaff9fdd,1315,200,1515
b89df0156cd76766c957cfe23f9a4e3a260b96390f32d761ce8e37cb6434df8f,1330,145,1475
b4b3cf3d0eca6dc16f1576fd990381709f37f9f16998d77cf0d7fe9c2c5c73d1,1225,206,1431
4d92f2d4a14b5381881137333c310ff889d436e98bd41f14219e6642d064c560,1300,207,1507
8edf08e82418fb52a4c184becd01c453aadbdaa08f708bdc38f3b01f9fdb6848,1486,211,1697
aba9076eef5e4de85afba83a9a022ab4f1607e625060b344c69240d26a4371c6,1121,215,1336
dec4cf6a0106dae9655f9786f76689632cae8b7f9f0d503e5e753ed550fbcd8f,1393,209,1602
9ca2fe1727771b4960e1e8bbdc09ece4afbd1262287af740ebdda29db72a26d0,1330,522,1852
de19cdf92454d595130d0057566ed39632f2966a5d8e7e1c067078258b6a7002,1156,207,1363
113e476b51e103838992c54b5ae59beb471bf9c1f8e73680b219f50a9dfd0eab,1306,211,1517
9fde8729c984f1c9b45e708d0cbfd470c95236a9c50a60aca4d6b65c74bb3132,900,215,1115
0f8b3bb96ecbd30ed07e6e49d24315ad4956239d46432e288184e4c21e1e23a6,2201,793,2994
76bf56346cdb8011103ec0023e96a2f88e2a4b07a9fd40d5b8fcd052b6e132dc,955,215,1170
20e119c1f6b8557b2566ece3fd1e0e1c650c68298a36dac93277485725743d63,1255,212,1467
fe0312abf1907e7fe2f320b6ecd1d488babb6368eef2a8b732df33188cf50157,1342,202,1544
2a21ac3cbab1716f7ecea94cb8179965d8f52f6e738464be13db980a0c6e4a65,1032,216,1248
e23f265f39e3c8df3f3a201de0acad32e04cc320f3ec5d4ec57fe3dab1e09ff0,1123,205,1328
7ae516a2cfc7f495042f30c47c65d4ae40e94b7e322e1170da8d842f1a863718,1359,206,1565
89e00b26e0db6e89c64ef1820f2ca4d1d2670364f93bc3dfdc6e1c142a6e7c19,1001,210,1211
ed0c7d8f8f57854f3f637a18cd4371381b5284566ed8c116ccf5dc244cc174de,1328,207,1535
65322e3ab854cc90e3bdc58cc2cf95dc6b2841e4415ade8158fdb5b08e917c4d,2102,446,2548
15cef5365a0d76dcccd789df5061a665ecba0d74986217c6e5949ec4a0ad9bb0,1987,1096,3083
1d42e4f7fe1e88d661aa088f50eae5bd8a6a772aebcf8874d49b3a4cb6262f62,1078,209,1287
af7cb7abe659cb9e5e1d17097051e7dbef706329e038457c8647c3f9cda5ceef,1193,289,1482
5d8e1b674bf291078c4d4bfed11aa096f70b0b520314db376d1f760d525dce4c,1257,208,1465
034d798a2f2c2a531be83b00e078997d85e210da48a171acf0903744d38658ee,1051,204,1255
519da12b455fd25df867b46ba3f9c5a7e40b1fdfa94e1174c288ff938bdff602,1124,205,1329
977087444df1a7b67eca707533f67a6335a6f1b8a722a0a2655bba98ce3ae29f,890,214,1104
e7bd8ebc8cb4f1d776f6049a7a674db2993479c055a99d9bbb1785245b9da92d,1202,210,1412
19959d482d2aea9ea6d342d33102dcf2e6a700980f6e635cfbb6ebfa619f4305,1842,550,2392
4b22ff56502f8c488815a4fed8c4560412b7293c6353535eccdb55e290d966ef,1342,202,1544
d8cadf5fe6483e9d1abebe399130a503d495bfcc8419e8d6a05d092a5d394e0e,1964,328,2292
b1f67075523e913f8248bc68b41afb552d189bfc345f504066525bda4cfa48a6,1224,212,1436
5b8388a8b9374f11d4f68af96bc188969a020b784124d3b889cbb6c5513f74d8,1093,235,1328
ab9ccdf31831800746ca7e4bb5cce3e7c0f247ce49c2682bc918fba6725a2f7f,1453,779,2232
413e1325fae4b6bd25120aa561d4949b94614b80811dc10e7434c35f7a1c1418,1316,209,1525
a12894844ad5cccf5a4e51dd6fcfaaa6cd32666d287292eee23c2382db5c1111,1223,372,1595
14ae055ec4b46f97116f2d9b7f7b42a48dbcd85f3c9a9a1a8791cc6dd3d9f696,1145,533,1678
97ad733087be933e395bc41e59569e953e912fa9d730d7ddd6b30d18e6a935b2,881,210,1091
346952e2e68cd3554cab993899104c54703ca9eb1a6d7be985a356c9d4afc11a,906,282,1188
6086084a2afa663abce9606b7ecdb3fd28086d1c8238383deca6450c6d7855c1,1102,236,1338
bfd91939d66e21bc9646e1a5129c8a2d93278a9f098ef382d83f0c0e3c2edff7,1323,205,1528
d33a4b15f200614651e25483f8e14881dbe2dbc4a37428c0922c2dcfd5c0adde,1377,523,1900
175fd53cdb2c4a89e63edb697158a0183d31d57a1b0634a80b29fcce31753029,1050,202,1252
ff5924a6571d44e6abcf4742c45012b428ac6cd1d0a29c72cc9a0ce6616bdfa5,951,271,1222
0e6f97074d00abda852eb9fada51cc80a350880daad9509a3cb7cce0e6d0bea6,893,200,1093
90fb7b3b6af8e8b2863b32a1d0abf7a1c5ad867421bea26ccd0d44b7d995a08e,1124,205,1329
0fd11da814f600585e787b32ecb22de6d32baf8103fe5fb300005e629172f953,1066,216,1282
8024995886ddbc37c09d542b9f38fe8b9f38f65cca4be1cc555dbb04b8dcd22e,910,301,1211
ed7bc83f3f2c671e85d71aacdae714898c1f3a0293945da7d44a6f47aaaf0916,1152,461,1613
099dfc56d06c24e18f4c3821680744ddad1acb5586c6098425b4bf225db1b7e3,1215,199,1414
bbb446e027ffee98f86a4413972d2175c8424745ff5e0a364cc76a462f5bad78,1064,212,1276
1fe196701d67960f0221227278bfd147534390f9c2742752f3fc2a8cde9f9a06,997,217,1214
76f7e716d607808577e5d2608e24152a534b9bfbecedc26f88a2792bf7d485a7,2023,554,2577
233ba948857fa487183d0d14fc77f8a958fd878b99927e901121b384ac60eee8,1144,293,1437
6ff05a063d01b5445f5cbc6893adb1febfbc94c8a6f51da679dfbfe2c30ec076,988,200,1188
83000cf8cb303e559efcf6c74f127e425612b8aca7514fd9de53fb20b65c281e,1285,216,1501
f5c085bc2b1c992db467e40ddf063e0a992ed4f7e9d8e48f25d4dd64f510855e,989,204,1193
655c8707a4ce88381045e929750a7ec4dac9245c7a00c3d883125e83b6c1ed42,1136,210,1346
d2de26a2a3160450ae32695eeed4cbed2196c526db55467e7fbad2f0e9492137,1398,205,1603
5c974bd1cfa0a8bb560c6410035e37e286cd5a056c7503810f44edc8e0a28927,1485,524,2009
98cc7ed03aff23d8548eddcc74428285cc23c18103e11d7c8291b50d822c364e,1008,202,1210
599d8c7eea8ab4f9fb0ebf682bac609060ee9fec7d430c599c261e6d975bb6d5,1527,368,1895
27a91745f7015a4b70c202696421220cf6ab917865e0dc99490beeee8651bf0a,940,214,1154
2700b49095cabf17f4a376038156d58766245e4f74c9e79dadb6f42bb305626b,1551,204,1755
34722828bc07ce9962997b95cde2305f7ac384137b524e7150fc9d0c749ef228,1597,202,1799
fa9a463253609acb10ce2edaccbcbfd764ae2c562aa6bcc2c618204643e0df2e,1264,216,1480
4e0ef0358420cdf7088b8f5069424b281c370d3db5953161e18d61e204fe4c0c,2412,315,2727
a20989043b526fa24aebb636afb467967dcf14323db858639eea55a0fcd7e692,1110,204,1314
a4bffea7a6c6656ec942530d79e73b6d7b7c2bbc2b7478a98af075da71b99ebd,1080,211,1291
37d2f310a19b4aa28923b5f773441e92a848fc58119cd78ab609720bd03e79d1,1687,775,2462
6b76e4473373d3b9b99361a2c96ed8e5f5d950785a86f5ba5cd0e37fb47b7287,1901,1028,2929
684cad9c7160f310e2053fc5b55b3047ab575513ea1fa5c9614c9880124826b2,1176,206,1382
e4b181ca6f1f704b178fe8c765070ad12f2cdc0d351b634fbfec0e802da3aee3,1095,373,1468
2c1d86c38139bd89358d2a82f72ff64fe123d9ab335803651ed2be46a6e94d17,994,208,1202
caca199a1b2b9366303ef4610615ede15b656060346d640e00986f4e57fe6492,1967,315,2282
12d40304255c9d659e89a2d17c2d9ad613c166fd41786bd3e19c8244a4b43670,1145,211,1356
c1fe6f81e49b6077545c2681257942b54397d9401e3d05b326f8cd7b8428490f,900,210,1110
ad731db942e21512a375795992e7c8b85be16b24399d797d52179261b1df9d21,1489,212,1701
9d40c85bf93b7c3c007931d0d14bfaf4349210aa94d6ee118372a78c77881c47,1213,537,1750
c116bb470b9a063e3261467384fa611bd7a133ed945238d9f5b811e2fad077d4,1124,203,1327
4294503cc3c654f376816e7e652010449b648ae20328d33248250e051ee7a4b1,1124,206,1330
f827d10bb1f8d91598a2806f2ce40c68564ebadaec6222461655786d32c673be,1277,563,1840
e5ded00f9a568a5a4495d7df936adeb90d314dd1a10db8f533db52c4f3b3b913,1348,361,1709
45f874e69378eeb381d505f612cdb92a7effd70d71e0f1389424473386ef5ed5,1361,218,1579
d6e928c9dc2254babd24076c470f0bfc20d36f98bd3a9f5865ec8df70b431e7d,1132,221,1353
b8adcf81d5ff08f57a825cba6be5c643415a39b6c1881224fa48ec09766c8be6,1075,204,1279
d92c875c7ab7119e1f2fea781a78fcfff56dcef651ce6964badff36af43bfb76,1008,207,1215
064bc05ddf21470150329bc119306dc8e01d4e562f507ca40bd31018d2a9a3b7,1283,217,1500
3df270a462c366d1ea7a8c9f93b22907d4729388293749ac7560cd5344033b0d,1246,199,1445
961c5a62967ce11d3f7ee5ccfe7fc9cef9410aca3e1487056316c2732bafafae,1712,614,2326
ba618af72c89c45691f1446228bb31b1ca20bfb3203405fc29d49d839e7383c6,1386,215,1601
35caa9a06e7938bc28cb4b64d70fe61d837cdd3f2b422d7016e8d41740aad434,1189,306,1495
b79eea7cdc6ea06e3a4f41d4cd53835b604283bfa5ae32a41de216e2e480a74c,1288,366,1654
f799a005ebbef525dbfd94fcdb0089461f2077ed693770583f04cfc40f3ba4b9,1205,212,1417
cc4c3e9a056026b39ace4dd1c7c32488c19a1b854b34ea10a31cd32078e1828a,1233,214,1447
f11d6f3a7a99fd94a16c37b741f048616a52677ceead547ea3160b8bb5d31260,1266,208,1474
d9c9005cdfeed54a24854ddb02c0326628c0a851073154442ce2a4603fb116af,1391,619,2010
3f9c3d42720cdb0c88edca2e302b8f35b34e1d8cd29930d37286215c6e8bec4c,2220,426,2646
80ede744118974f88aed6b44083f89edb6c98b593bab71aadb6fcda64146896b,1193,329,1522
9e5b89b52834b6789b10dc50ad38a39f69774cc5690adf2635783c6880e29376,991,210,1201
92c0d057a8dff14d41d651e85c39a7fc241cc0c72abdaaaa8bd4c252b718bc9b,1798,312,2110
843ac750cd63b74730975868754af383dbd0cdc074dc11b0783955b38d76c0a5,1572,386,1958
5b143f10cba695873ea4760e77f697dd2babb9cf9f83ccad4ffc856d37766299,889,204,1093
e2b7688ce553aa4f41d44ec4ffc06c422ee5ad6c6b4bbd8f12753b896b57a0bc,1636,315,1951
c958fd26cede354a3ede6fac5904f2c71bcd43a45ccf30834e3c2c1d32f59032,1123,204,1327
5851d23b92470bae5137a28d3f6aa81200fbd0367a7585f867cf363117dd1673,1227,213,1440
9b66885868bbd9bea59c49ca6e7ba201fdc29d59bd9bf4bba3bd2f34abb1d366,1323,206,1529
b9074108ce5f51ef86da80e1b27761db3ceafb09108b74f7ef66482004f8ede0,1018,288,1306
6b5885a70b4c6ad07c5529603abcc00bfd269c6c7c2fd9259837d756d01c3b42,1220,204,1424
0ddab2292c09ce6f6be2e84267b88fefa7368b265b603ccca5a6066b7b6916d1,1627,434,2061
041538fd163dbd7b96bc5c4c95f7b42aec7cd93422fd6d5527361c1a4f28cecb,991,365,1356
49f88203681ddf27000731600be16883883d395a012de60a4c6fbc9302c54e31,1522,210,1732
600414aa78fa75e73816b872cc161e34a977b13823eb3c06dcbc44efc853540c,2163,807,2970
c2db96d540e5ec9706a0f13beac016838923f968d4d2c9594eecb4113ad7bf59,1429,211,1640
0c1ec795c9e3fd6f27c90508f7a25d063ee3cfe1c44afd56c9edec4ae830e533,1429,202,1631
12cad64012920c4fd61cd9b8f9621f9d9c5a0532b5e3c38b69d7c1be93d0affe,2094,549,2643
ef49c2205c8fee8852d208aac98b1ac9cbe36b0045953452c9948b00229f6847,1144,213,1357
e6d3389dd1fb1e676c6753e20a96cfde64456d05f096b6cf4965337df520e283,1109,209,1318
193b5c53e62d5f35af3aafc666f0ac77ef938b48c78ba1601be405fdc67553ac,1191,203,1394
06565acc5305bf80bbc7c03f630b2884e5a69b4b916df38c383eab5f93f1f5e8,1407,206,1613
f6bf7cb1273563e50c3db7e6d6f0d02e559d5332f1a6cd6b5d4750121015b624,1137,220,1357
72e0cbef6bb12279f2fa75e00b135c306ced4a77ce53a8c86873a8144060b493,1327,211,1538
1b5102055fc88e6ed1cb36b0f58513cf61f80680a17241799d014497755921a1,1095,210,1305
648e442f2e03d57f668669aa9fe3bfe61c6f1f32493340becf3a0d7005141786,943,216,1159
b77c262ea9eded81caf85cc68f5896db237f7bd10255f33fbf1b7fbd876467d4,962,298,1260
deae1875d4d5e74f309b4a22713861def35bd49d1a3ce12cf8cf117d9854dfce,1419,205,1624
bc2029db3f3fb16a329e8f1882876639fa1333b1331867233474ba25a7f5e5d4,964,252,1216
f87f3e2a8cec6ed648ca29f24478c1548443008250d0367c07f901b19ee144ae,1149,359,1508
90e12871c6fa8c09aa2d4647ec9f159567f8e1a94707b309022fd55ce080bda5,1322,214,1536
24a92b03bdcff6f30167055b62aee0c9f061f29b541f38832d6fb5e5c2372cdc,1192,440,1632
0d3f74cdf780b9e3b205423f8fb35c705f800cc867a36bd88d5a2d85ba93348a,1100,212,1312
efd18999c7fcb5b96afe75da87d7a6233f40da61923dbf1c9f0e4c4382afceae,1118,209,1327
e6279193ffa9368e2063a9491bf70b92486c099d6f03e700c3b9b131720e04a1,2266,429,2695
f5e4a57abc5806be9218f4e3bd49665607100e1a1fda05c5c064902921d9a736,1122,226,1348
51f2645edf9e149b36e9b6c4e2cc61fb238809890112d7a19d01699528f3c7aa,1007,286,1293
7815017df059990dc47c7424f5ae996746f877d3cb90b0e9508a217ed1308866,1586,206,1792
e8aac8cdf3a3fb1e8e384be9093c07184d0d09599658aabd411691d51a814d25,900,210,1110
5f8d551eacf1cecdcbd88102bbd62109525403f0913376b845ff1cda46a2a4b1,981,390,1371
cd445fe0af8a7149cb245e3b2c5d26cd668be6197686d599d33272a7d577a717,1698,316,2014
dcc122ea7b0462d355be1c307d46beb9f19bc0f126c50bec66f78ab339ff2782,991,210,1201
58364bc56b2fc6e77fa500671e791b0c801ff819a11d4ed45ecb879cc41311bc,1485,249,1734
14b6e2a40addd57ea3a067c2062af6a90bfd6e33d588edec36348e8ee06e44ac,1278,281,1559
c3f0f71971196aca45beccbdaddc6bc81511d4ea18b258fe6300724df6621a28,1419,296,1715
a7dd7b290ce230d6ab88c9e3019c36e771abde63c8a0091846a0c02a4946aff5,1273,219,1492
1154db5c2aa05ba777b87dfe679d88c323a987c96ef6d034e382f46d0e58f503,1483,693,2176
2608ada0869c521d24896bb6dd5ee1ab95b4f1bfd5b6c4afb1db4a3f52bb7f8a,997,211,1208
5d523c4d4e635dc3cd6334a38b64dad9298c1179a773f2a66a56a33a9ce4e2b3,1271,211,1482
da1dd62d90eacbc0e328a35eac19d9be2008b8da073141442da81dfb101a2255,1200,207,1407
cdb98dc95bfb0bea31fc9458dd55fedf8fd383bae03c7c6c6ec8f2900e73cd1a,1209,206,1415
678fb3c2e18434c1fad0f4799e8d63055d59c5d782047e35bd26c6a1c1bc3bf2,1123,205,1328
0a21c300d24a4d027fbdc3861a7cce96e94736a7687ae04bd2ac07c723946790,1305,136,1441
ac02f62930de3da19538320c378363b34f8acf22e4f163375b8d3a6b36c8af1f,1583,204,1787
c395180b831be083499bfd10d54fd58782c52d19984bab93d133412c4da93f10,987,291,1278
a14a9fbb5d63158ea1c1fcadd8c57b8e5d2e38dd9a0a49a6edfb5166425be43d,1123,205,1328
d36345a1ab39ec4f65915c963cf02696945b3d0b605158cd7add5fe9c9740039,1586,445,2031
e38b8cbad782920a89999df709b31c953d3df7ac0e78c219fecefb42b3e5c4b9,1012,204,1216
4330f24f7cd731971c5a184e56d31b2f7002409d5e467bea46b9bb48e554d66f,895,207,1102
e5f24bdb47c82891c34d974eb9b10259edd45a7dfc58c66d93d89961c25db454,883,202,1085
75c823054cbba6e42dbbd119e3b8ed8ea104fe3e1f4f38c6e43e7ed86ace1639,2023,317,2340
6cb348ef41d2ed9d2f7d264a0e77bbeda6d2892aa8c902e4080efd4785c3081f,929,211,1140
3dab0c536f197bbf8c57b44259281365e0efcf6b96f41681a04ffb4220ad74d1,1135,218,1353
d554c8dbb5281b83092ad680bc83eb5cc7ffde6bac1dcb4ed341b53cde8876e5,1176,209,1385
a26a84dcf97cd065b8d1f07a7d09abcbfa5b41636b0131e8956138bae4f276c2,1264,205,1469
8300f7dc46409b05553d2227b21d0bf7d4a74e7492a2f6e202385c6a69501cf5,1240,202,1442
326a819087b36ede5ce8348f601c655ac4f08a9a44e9b3de74a291ceb77cfa37,1302,278,1580
bb7025b0a86cb4e71cd24cd090e0730daf4a35e53dc0b57c04c5f28bba0cf9ed,895,213,1108
f3201819b2c6ea9cbb050b726e84634810cebeb14b9bc5e85f1d287c929eb87a,1230,206,1436
ec96fee5d4ae6af006b26635f6781f0278eaf08ea38a064504970feb07b1439f,1301,439,1740
5b352ca54cea7af0f7814da086e81e695738ac95c9e6455c17c60e908cb473a3,1071,213,1284
883bdf1636157a8a2c8694d12fa737fa7a35af4e8cc362976b1ce25f5a39fc27,1153,217,1370
da12bbcf5ce4cb4024d674de4a3c1a0c5d99e9099a09d95c06bcb09b92fd3872,1730,330,2060
a5d442f655642730f874ffbb619c4d57851a0202ab1cdcd17b192abc1e7e1be0,881,223,1104
47bdb9be1ec0d7fa435d64ce4ecb7636269b91ab8c1ceb2b7d9fc7e6f450d67d,1355,205,1560
3f94dbc3595b955ab920de59c750e15eb29df09449e32b2ac0e62dc518d50086,1102,279,1381
d50582eb05a1cf2c27ff4bc50be97ac040da86efd04e875b3b78a3a41dbcd499,1261,211,1472
a783617ba17ced0597fa8e7e2637d97fc4a0b5ea6f40f1c4e309753e3b4fbf4c,1569,215,1784
d03ad629b7b564f49a15f6033854790c4041496119a0f94d863a4effd94c1d0c,2212,1241,3453
f0ecd9a7beae81a8461d574f46a1eae7277725358fb6aa04f22b6ec5e48096f6,1306,206,1512
5f4845bd2ced4f8479ca331eac3b77fe74b53b16d3201ee75af31a655142cf4e,1121,205,1326
5a18641bac432569adaea22b7cbef3bf5fcaa989fdc51532148f8b147c73c117,1600,291,1891
96c95d945bb39f43a15cb70c74ec152de3cd9b64049b89c0e9366041a3d8cd28,1457,283,1740
b9c21c4bf6c9d038bd891e33733006449e3139cece08abd4a4177cd2452d9e84,1241,281,1522
5a9c167cc3e042c0bff937a6dbbee8581658f0324c198eea5a1006a3ee49ebfb,1542,205,1747
25c3376276847d57b10a7597ed1b76c82c0373f85f35d86767a0c07116608221,1027,291,1318
e1a7c31aa85d0f78712f699de339746a3facd36690113bcfc6000139393a76e9,1052,453,1505
0b6e001a57603de92adac952f23fd14bd4e73e329468d50dfcb087572157b8b4,1700,332,2032
a15356ce5d9d5558e9f4f263fadb328bec639856ddd486d07e0113c4951499c0,1341,205,1546
e84b72f254c41aa25edb4bee375a4b8a0d51b4b8cb319ead4ebd2d16c4bc04e6,898,203,1101
a77114021652865fb17056c5d0cc6b43beef0edab498d4351bb79db4c169bd41,1226,211,1437
87c92489d459add8a332d89012a88d293ae29c2f25257b65efe5196857f6225b,1342,203,1545
2e698f211b643907a9f1b7403d9fd85935a0c6e7272905a9c295ff37f612d372,966,214,1180
cb3cba3cdbd83d12a6a5dcf678fc512cf142d78f0a9dd0b23fcbdafeda640d9a,1587,353,1940
5b443caea25319555298afb9489a2f4ebec0999705df3ef4e32a0634d1709cb2,1134,285,1419
8d4578f2007bc0b72a5e24df746feb5deb7cf283086cb2e0294301ea4d2c8422,1952,317,2269
b6d2a90777971dcc15f7056de1240679ecdcb417425138cde5d330c98b1df69e,997,210,1207
54a97dbc771bcb866eeb0c1cbc017a0988cf595932c4e4b0c70668e0d91183a2,2152,1225,3377
1278f605e067d6567a4d49dcdb77e7377858077ceea967ee4218a337e0bd5f77,1106,205,1311
3773b2913848d5cd7ff3d570566ace567d0ca69d684978f17756f04d2d0b4baa,1053,209,1262
107a52871cc8b38383a554b1ac4d7157e8a18353a69f8d17104828aded375948,1116,219,1335
74fbcc60eabcb01a208a04e1e2dfbd8e39ba0b21796a8da2f82fdc6b29bd2369,1079,213,1292
39dcea251c36eb7e1f8d75e1c4342cae43d7146a2db9b6b46738b6ecadd71323,1740,665,2405
6d1f3fc22835968a05c6ee96e80bb86b524614a1b5f09ebbd90308324b7b0013,1121,290,1411
4aa948d1352953026369937a168b9e27a2f9053e857dd2a6ee013f1e21c1f660,1272,216,1488
1507ea1b8e6b0442def67f3c1cc405e9a0d280240b287abeb1e11c6ccb3dbf5c,1213,217,1430
7ea0474b68dce4e0b13b41a60c79083a5559f80c038f72ca115b5637da57439c,1017,292,1309
a889cdf6cf314a97b0de4f3343b39a3477e2d4515afc23b7f076c5b572fb1f89,1228,469,1697
ce886be99f52ea9dd250e912614617485344d4952601c553f6af0b22f287e022,2135,420,2555
d16dc754331a43f2856fc38b044e185809a6f90cb520b7f632e6df9a5b88d1dd,1872,317,2189
187c097eb299bf786642935605c85bfac6edf727a3f22c4ee4bb43e31b9233ca,1236,212,1448
9339beb62193504c37a10a1588a120f412170bfca9cd5b0f947c57cddc73fb7f,1126,285,1411
57f98e97ea3d16c229a0d96ac84cbd1a6da8b65a2c567e4e04c3f1ea124984e4,1123,205,1328
7d757c461a37d6d4856742a172b7af65de84055fee5a27f178341ab8a2c1c0ac,1456,447,1903
ff7ea6b078361dadb2a1658c8291cbb44cfe96fb0decd037560500ab4a9515d8,1274,214,1488
c42363e613e24e6a2dccac312487a3cf259978368a94321f8bf4c917482a3983,1623,313,1936
16610999c0de5be88637d9d773d892bc0ce8843e60cfcf59fb9dfde906dd492f,1090,442,1532
4ab29f0a8b57c172128969d38585005cc7cffbc686554acad62aec1a5ecad282,1516,217,1733
c4f4830fd12a50c7efdc59d59fd59b14ac2701e4821f68bf0ffe5c1d3a9a4fbf,1135,211,1346
04e48197d3c2b5306733af3ed134495af92d4895a35032f6555cf1d8836acd9b,997,451,1448
64bd5a185a7a906383ff4a9528d6b7652c02f94125edaae9e6621d07c8e4a230,1152,617,1769
3c316e44b5e47c80dd98e88c6550de98502f348153b82d12facd8df45c27e396,1369,200,1569
0b89beb54556cc4dd2690f410a85e99c83df458f91e2fc965828590958e9e801,2279,423,2702
27860cdc3355fce3bf33e3c22c33d47be2e47349edc76d228280162c888ed4e4,1271,300,1571
11586076d0ad29b393b13961b5b0ba7efbc9ca1737b19aea5da13b507042a29b,1288,213,1501
235dafedeb5acf268dc5773dc4d78aee9e6a08253a2560824b76e96cef596dd8,1528,212,1740
844e77f7bb0659598bdfcbb40dd18df10ddcd52230afbd9d2c8f03de96cf151d,1055,211,1266
cdb9c473360f5f78cef50b3c57bafb46a4945990f29917aee4279eb9937c7d3d,1523,209,1732
f22b7ab47ea1567243e082731ad3834c1d94725d89f10582a31c83507bbcc292,891,206,1097
8392c9be97710e05fe06aac472367f491fc117d767ca5928fe6905ee6aa3eee6,1003,208,1211
bc0826164ed889d9f4cd5700336d94b6b8a9123793a0b399afcf66452be915f8,1305,209,1514
cf8c39c1554671622eeecfc90104fae97b2e6abca121e156181371f2f00a3a5e,1083,457,1540
186edbbb05fd283bb22539556ee078dfe98573286c112d6bc194cbf031a48e62,1123,206,1329
0743a972c6f98243638c727791b51d1fc359253a55d7280d30352eaa13d6ed9c,1114,610,1724
498546c2945ee83121eff25bdf513bda01e07d76cd69879b3b787bcfc649f0fb,1081,215,1296
c64aaf0cc6151bfef4b747dbc9bfcf305d48dbd7ba03a005ef5e796d89cf0b85,1577,208,1785
0238250b89aad9417dafdfa8d5db03855cf34c634c20685444dec33e22f1d5d0,921,205,1126
44cf822ac0b1fc009a86e70cb367071c3d67d08a536051ccc16064d5fa670dc4,964,208,1172
18255cd461f0b6b47d697fced0402f7e3b76d7dc3d82abb690e9feb4420542d1,1186,210,1396
047c06542a2c6a01dbed7a08e42b7b5cc9bdb6d09f740567e787a96fe1bb68c4,1028,287,1315
17768cd116edda707e413f97d33e795df708d8961dc87479728fc752b806515c,1125,352,1477
182557994cb01822cec4d92eff74cb98c7785cf81eaa2839a159f62ed62e81b9,1208,205,1413
eed033293c53fec1018dd1ac0886cb2816776068f0c8a755841b2f4840dff4ce,1146,212,1358
a88ef062b25bf5786a1ca105b219cb7d4d34f0538bb826c72631ed742fcc1686,1065,436,1501
6fa2cf46cc65300a67392f110778769d75f6920993867c7f9ab1d8105862e5fd,1138,242,1380
7d8585954f45774302b6f93333a662a8691c12fc8a5e67351171b4c86b903eea,1054,201,1255
74f48355227243ea19f713282a7103b2192726b298ba69817c8e99db6879b386,1699,330,2029
1209bfe83400f85827cd46ef4d01fadf662eadcad3d9af3d4723668d47099544,883,214,1097
ee4404c8a6147f0a84d4607d1cb2f11b39f6e08058a4acce98583009770281ef,1108,206,1314
9a864dcfc6ac8253a83fad455faa81b3593ac6b298f1becc75925aafe0825a51,1704,434,2138
458ccc48a86fcb6e96e4f65a80961b68d97154191326225b624e3f69626c7e60,1807,423,2230
f1d947ac5320578f06f0af1401c0be581d9974165a6081cb713f51122665ca42,1304,389,1693
fae3474b083ad895a7480711670ad176c7a268ca94b638549f119485cca59ccd,1074,391,1465
03c3843e4e0a856c77a1138ae55cfc02daff9ba518363f79cdc14370fe2cf831,905,211,1116
777377680708b38a097a662a6d66d78adf070862d994bcff404e42d4542d83d6,1065,211,1276
f308412cdf08fc53b9fd40e5642de62437944c67f2d54e49052d62e3de5b63ad,1528,217,1745
5bee0390eb7892159937c84dff193678d8eae3e84de125c8c6694d33bd25e7b2,1017,210,1227
4d33405fd59f6eb4b65a295495ea6de5f8a1aa5af01754d2921e7341e492f1b8,1058,210,1268
f30e0290e7010f766c68f166d2928307d784baf44dfbc6e338b8e447098ca545,1200,664,1864
dbcf10749b6a7ff2b9641ce0aae181892003a5ecc9029f7042bceb17c8bf5094,1260,205,1465
94a92f246c80c4633d5b2fc9def27db16b951535a55b0d44531f0038ebf9fc90,1090,205,1295
fb1afdde5399fbae2224c129a26eeac9fb3139d9e8c19271f327976d5b2cc201,1029,449,1478
4833695f927fa153125f218e5d71310c5b9f82a71e6d838cb5f4a7659cb77006,1012,214,1226
7b413024ac18853c851d81cee79e7862fa048250e35af961045cb13f1a50a345,983,208,1191
cddbaeb31def7e44b227acfd38e0b2096b3f8e82fe6f5e483f01287d812359f3,1254,213,1467
fda79f1108b09c97d1d1c4d7761a2ef4fffe994c2359272e6b235dcf9b18a604,1258,218,1476
c1f0d1527fb2b153a34ff976e59bf255501c21714997bdc32fdceb9041a4fc6d,982,205,1187
3a0cc7c67130b9901671b08b75e3fefe52312d479ad1be87fcfb14f46133e28d,1757,319,2076
99ebc0ffb7527e0f9b88aa3388609c482f1ee1490ba30deb9bb06df88deb4c4c,981,214,1195
3f5cf234e2abecefd2a877f46c637d8bb5cafb161cc6a96225479bda950eceb9,1123,205,1328
afc2eb8463201d42f9f661a8bb743673c8d3cf7bb64795737bd32bda1fa07b3c,959,205,1164
07b82abb3fffea6f96858cbabe65c52bcec49038a5383ee9d67881f2960f6032,1756,434,2190
e6b069c4245ab7b9374861d90c6b3a3df0b5806f94a7f1071722e48fc8a9f65c,1084,248,1332
1207a0e49eaa25b99f39cb297d6be62b046dd4f76b083f69324dfa652df60a2c,1007,293,1300
93cb3f1f1e0de4c4dc797585b1177be9400608ef71dc6562a88be6d9365accc1,1066,370,1436
4dd59889993e1c620908c33d28b5d323462a42cde0b6ce0e6f02a937c8944b56,1000,216,1216
752257e56fe3a3214cc29b7d0d8e06db7b7b5d5f715ed2a8ffa320fc929195a4,1361,210,1571
75b9a25fad661421720e2473c006aa69051bbd8049ea9cd72dc285a7caf17655,1282,248,1530
d96639f1fd54cd498761befea5c6b2de837a678f6ef2d4407d1b3b4e0062a755,1243,215,1458
6c9e521c77cc93b4818ecee9e03f4edb34b34616ca381ad8b1bf6782abd1ea36,1909,1877,3786
f146ba694244df26f19cb894012f9e13fa4bd5d8315a8be8e497c64e6e514d5b,1566,212,1778
a17803e002db94259e2f1818b38cd1880c9e964571ce12f2fb16e8e285a337b4,912,209,1121
4e6f92e398ca099cebf6c0d1ebb4e74ad525047995c49edd9530456a4f305615,1003,211,1214
194f6a91dfb247bfe1f05bd4dcd3692e9d648c3bcd14e450e394254e806e0de1,1724,321,2045
04fcfc6f364b2f07ac31bd1f810314a4fa75470c0bb21d83f6d18fe48325a7d4,1454,210,1664
4d247c40dbd8ba901862c77a7dcb42280c9397ac3a91c28c603d1a2139781f46,1124,205,1329
db57b0e4f02e102bc2d5e4f176dc975ff169053ae2ca79b47ae83743545714c2,1656,317,1973
82eb5d62d6f38d8bd500406aac285b29e406107371d094161237e08b2e26fe80,1251,211,1462
80d4965070eb5df9dbaa7117f8e0401febd4653051ab1140e842da7ec6e6fbcf,987,205,1192
216127f68a4a6ef586f819465d90cf2ed6a340118317a94170092af54946361a,963,200,1163
c83c31b3da66ade200254ac7e506be6cae160b722ef261e5399c646e4973deff,1076,754,1830
4f7e5434e56bcb162952b046dbf57ceb0e3304161b5e860b9a00dffb0d2e1c61,955,294,1249
3bcda61903188dc9ef0401640e1dc435cf4ccf137dd3b25f6f354de6e9e707fd,1239,208,1447
82bc73ad7a1a4da9f3a4850baacd2aa54de41213ad2c370b2d0ded00d61f3e7a,1353,221,1574
4cbc6ce69e1c69d38ae581de5ddc5db9e7754ddd1499966a8a86e3391c892aa6,984,214,1198
d10ffb33634a6683098a76a0c5578f5013fc7013c7b67f209f1702126cd7315b,1245,215,1460
11e177e99e248f46288708594319ea84468c17a914daf9bb02ef718f875fb8f0,1005,212,1217
2cc7c38e70943fe394aae80371e52fec7f20a90281ec000c1093fd8baa6d21cf,1028,219,1247
f4ff15f5736d4706a14c600915c9195b9766bdec6954e2f69f51ca50ee723b9c,1386,237,1623
f9cb5a45c48f368419bcdb89603271a3da872785bbf2efec92fbc57cdcbed547,895,212,1107
1270dcc82a3c6ccc585328d3e5d3a0024596006d0cc77d2945f00bfe873f2d68,1091,254,1345
42b0db82a336158942ee2bead2bbf620c2fd243b3b094292afed6a5af36bad83,1285,213,1498
b622375df82f07935a64bdb92574264bb0470a47c462a5bba63562b21e5f9766,1124,205,1329
72b31c25b9013415059b354e8de08027130d02cb1d08d69cdf341184f9d88caf,895,204,1099
4b982466d55830cab80b1e039c1a9168739d6d03273528271c13ae05744faab2,1257,212,1469
8dabe26a288b3f756565decb7752b9c241a12d452352fd45cd28a782a86b82fd,1739,554,2293
014d127f6a254a1cc7f3c1b2ca1014b2687278c635343ae2c6cb1ebb4600bd01,919,213,1132
aed11c25c9c9c0238add593239bf5b7d068ab4437da312e7decdb8d12c1d9345,1060,451,1511
1e63acb807ad370db682cced9dc6ffac664bd270bbe5591849c01e668cb2c573,1184,541,1725
74c4744180d76ca5ccb44e45e35f47113c755b53fe3b88dd1bf4702686935126,1034,293,1327
f2529c4b412c9f3901070f9e4cdd8dc57892e9d7109feaca04ad1f663d369609,1013,212,1225
89986fcc112064fd08ff292e27fd6f20001ea377997356b9443f2c045b6ee386,1124,205,1329
162061a3eb6977f3adb3bb854b2e094bce1941fb6bb41a80ea3edd7dc34f2311,1085,211,1296
1be2cb3152b67fd03e32ed5327f9d96c9f6458c151b8537ab39e0fa67069cc52,1109,206,1315
3b621cf5d5a66c2d459c3b3227c77e291d725004ed837a0b3d767022d335d185,1844,665,2509
155464405ba7d0ac10c5caf7f78fefc6161cecaa2510191cb678e5611c35dfad,1792,550,2342
596e421099322d6d4381d54b23e6f2e80b60b71d04c760823225ef824dca54aa,1083,386,1469
8878ec867748345506645d679b5d4d5433be3bd3d3b1c1bc7e5143fe50d76cae,955,212,1167
2b825b479d85785a9624ac9406be6498c28b6f0781d9102d172ee7f71f2272ae,1007,267,1274
9a004139c961fba10d4839eb8c298bc2c7614231a48657afdb1cf4fe327a1ee7,2184,770,2954
e47cdb7ce22562e452862c2a632e98e9af5af3a363d0ed124f18bc32226c8e3e,939,252,1191
b6850bfcf5f678c4e525f1fd2ecd041da64b78559241b7242076a4f7e2ac21ee,946,297,1243
fee0323e0563dbb5c14637f19437252b68d4262bf4ace61218cb76a9ace62736,1015,290,1305
2d7b7bc2221153b179af0a405030ac3c5dc633146f3a88dfa2c9d97df8e94ccc,1314,369,1683
03a063d31dfb957cc7a297b3b1f82db2f4d668398e6c96fb06f0d4199c8a12aa,1077,205,1282
def2986413f78ad5b011566172334076f05e9a63abfdf863c4bd4ab762b1ce35,1338,215,1553
b4ab03c6b970ac698bd7ffb678542377072af428d52a0a0a60e1e4d08a4366a3,1673,781,2454
9448fba64b5f2fdc13ef7444dedf5d1bc4831efe56f4f2eb82c7cd775222522d,1314,256,1570
77373c5db967f5a306e9cf03fdb09c3b4d8d2ab1a2b23aac10b6b2d3320d39ed,943,250,1193
b6cd3a57894de2ba57c117a7499378c9566cefb87d2c4280d25128a1113d81e4,1477,214,1691
9231228be6d433bee6fe105ade664e0dc013f64378b84a22172ddd7a5f7dea90,1394,209,1603
756e209eb3475617ea2c83660bd9dbc82987ad98151058bdf6cb975c14c616e9,1340,291,1631
370ea1740ebced3d5da687fab83a040c31db856cbbf51cda8207315dd820e48d,1379,212,1591
80806611f934b391b2a564e87b6cc2e9f48aa64cabfee677237d28b61f566953,1074,385,1459
fbe0b80e9e2b5767529b8d1a8b7f20de6b5a747ff7b1d16320c5e81f2c57526e,1346,281,1627
1695f7ea576e1955a1103d76ebb41506631205141ae5e71165dde2b3a1717432,1524,208,1732
e62c49166c1241d5c4e2038ca0436910ed2ee8cd39c3c1d490622fe2fd37e818,1186,212,1398
0f7b62d66cb83c1e5595aedc3678ed33bde2ee13f6941ce1475d5da66b43ab96,994,207,1201
d2f3f2a889242fd2976ea801bfad29d55a270cc3a77130b50f6e18432d9e032b,1058,208,1266
88271aa287b6ed8e63ef7539c2ad4ed494e00a96d98dccf80ab796d085e7f325,892,208,1100
a385342449496a05cfdab3e5bd4b299e0268b69fc174867c4e85a619fcf11be7,1295,375,1670
e6b81960c0040230079cfc2a1106c91217d470ff653e3683c7ff9443524057f8,1230,317,1547
3c3895837589e44d60dc4d8e89e1319b004d56eb2456a49a88cee8ce9216800a,2043,549,2592
cb8d5b9bbbb9aa050efc80ff3bba7ab2f8dd5df7531fd12fff4780ea7194953d,910,213,1123
7e6a21230051dcc927908c9da14cd4d7a1104a8e44214d0937676584529e8df2,1004,242,1246
8ddb7226917f634b449ffcc7ca3550366191cb05c1ff8ce555ac20fed52c3313,1124,205,1329
c98d53be0cbe4ec086ee92d855fe108f6b8fccabb56f3387610d773784d166ed,1741,543,2284
d805c24cfd6b640ef9c7ba9a511de7921ed98c59eaa7b726f7faf45138eb542e,1309,613,1922
d1f5436d9e1dd9152036601a31e2a77093fb96e3f6bcb164df61b3258571e23d,1303,360,1663
2c3a3077f7d1f87f4839bc421d14914f8e51a3986915ccc6aeea46443df8a7ed,905,207,1112
b35d36a7cc560bc52c0b9a5ef898b3da4ba99a1b8b1ae88123f6fd5268ae2d80,2249,1383,3632
63462e0a58bf0773e6f63fb75043741eb4e44faf661422fa151cc7d0118b2627,1189,314,1503
23776ad7fbb5592d3985fcaa1a3df6d8dd2ceb877705f355a9fb4a873148ef3c,1046,308,1354
725207e00c3640607732b99d60407990ce18c9e8e9cf4251e4e18bb3833285a4,1079,208,1287
e3f63853609b0059e84fbe184160f66cc8d8c2172c18acc2c65a9e8a1aef3048,1010,210,1220
3af094f640168649e723e5a07f2563ec1667a853ec2b9cef5ef33482768fadfc,985,264,1249
bb54d21812e36a947700beaf11c49c066d027183d062b5ab1ffa6104685fa4cf,1249,209,1458
df0c82b7aea8ecd3df078c02c3fe6cd1388cd135ad22262e835c3bc055fdd2bf,1174,323,1497
b1db8669076f8ca8bd7d78f34fb10bb0239044590578eae51bf4518edefe126e,1023,296,1319
726722938efdbf799b3bcc2b30bef004c658bcde44c315078c48b47081c7f0d8,1124,206,1330
472af08a13a93825f205f43bec9e38a120fe80661ce2d26697beb364267b6305,1212,209,1421
54494067c97d76ed75dad633482fc204c11a71d61083541743c059f689459bd5,1004,204,1208
528b126a757364ad35c69d18c4b7f1b3c72e25824e1a13be9a09aea5f62623c9,1316,370,1686
e194bc3929d7a99b14b063827ecd8dd189fa4873c8ca62234e7f631b178c3677,1142,202,1344
b3fc0e16126f4c29e3ebd6a5a914f4f6cf3ac6799286cd088f752a7fa9a4fa3b,1309,209,1518
b853a4752cf80baf9859ff80330d0ec770369dcb6ea5d40bdfbfbf6dbbdfe872,896,286,1182
cc34dd298c7e57df269027cf19f55723bff74912c10bf388c8aa201379b27c0f,1893,348,2241
57b4412db6eee9e2e0a8072085a9902204be79fcee6437ad910b6d3e0f546391,942,204,1146
ded3df5a154c4e8d7b9121e8c575f7c1b391bb16d2e0fb49122826b0227b20d0,1284,298,1582
4155918540b178848692f56ecf93d03b9de5734b3c33fe4324bd488990dc2c16,1107,213,1320
92818e032ac75946a57dbc7bec0ebb671dfed46020f21a2a7767051f1d3b533b,1089,216,1305
dba0f2bd99136a18f808f8f787e8346c4286ed450f9a56b9402cf45990667d28,2251,313,2564
78e47ffce262822745abab4ce0c2a832288d43a2c2567b824d2e35741181bcec,1715,780,2495
26f82fe235d0930390ad3da700553c1384dd2e68ce81a10ecd9b1c7133de32e3,1169,252,1421
f82ab7a5263dcc2b22dfbdcfd791b2cf2226f298e0ceadc42f0c7c7301a3c428,1123,205,1328
dfbaccbec4ef2881bb08d2fcc1f2603cd9e23dd5838c43896c49f8a95faad2bb,1069,330,1399
7faff101b7135881db7ec5fe9dda2adf49c69da8de64b8d7e0008087ee1bd0a9,2077,320,2397
6c47f7b80b55d8709311520f0bdabe420005758a20da380520f5012469b599cb,1045,205,1250
4e7a75b45d16184a0920c121329014acabcd6bb784782a9a5222c271fb5ae89f,1174,214,1388
282a53a08d4b6ed13451093fe9d85b0091681f1405158a7c189f0d6b95b64080,1380,284,1664
8b3ec98f1e7fca7402306c2644d3209cbb441ab97c45996943f9ab1c8e103004,1837,551,2388
cb4cf38b31d032fe783370767d8d4ad8fae21fd9800352a8362d9872315f7bca,940,209,1149
a1292867b5f8407c42cef8b9a36dbca0df9b6bffbecb4a87bd061a6152f19597,1056,382,1438
21b9f2d2b4817ffd1b8630f8a770618b0e8bec15c27e55428878122cb659cc83,1388,373,1761
a2c11e750f786d5a72688f7801d9d6cb8376a811907f59d1ad8b4dc7cb888106,992,205,1197
84bbca3fc854a05ab8e96c02a91554f42b3ed45ce47247720c28a297d8912b00,1103,201,1304
38c6c0d38db9861300b5e47bd435ec4c04f344150f6a7f15b3af90f372714c2c,1123,205,1328
3f26300e95eadecdee9001e01d00b1030c9cf57cd3139db35c806c9ac6b3c49c,1072,367,1439
6e6322742595384d75b3ddfe4bf9dd905c47775b0c987e6173a5114d838ff7be,1682,310,1992
b995ac64d2a9816b3458178fe8dfc0cd1157c671287dc3a3577034df26072470,1009,615,1624
92f5f158dc48f4528bf2b1dc8eded47536b539edfb91721277d568a0b8133de1,1168,263,1431
82c27d261af69a4899a4ea8d43a48d423f7d5377930398afb33a726dc8924381,1180,203,1383
a8ecec42525cd559087fef5d76d115efade1d03a89830f1e9c58ca6e32565846,1563,374,1937
007268eea18de46cd4521a1f6e25367977d4cd409f96a37b6a12100d71425309,1371,377,1748
07bc55dabb777c3f16520a2e2bf7c61fc3e14c8e7bee05ef3847ce37446c3f7d,2240,675,2915
ea487914cf90f3d82147165f8f5f2e59aa832bd9b0a2c6f4df21bf03504d5caf,931,204,1135
a787ba9b3f1f378ea97ff22183ca93a288d6a3f1c01d048b447faf53e7c7e955,1062,210,1272
b174a39958b21b2624cf5f089e864fe22758da3b2c871494197d2c79a5ec3481,1110,135,1245
c1ea54495138b3ce2f5a33772b588caecb88050a6a11d454b8f8258b9bd99847,1758,506,2264
9551f7b4edbed3355047345be8868e8414cfa946156b9e7475128011eaa60de8,1196,395,1591
9ce45470d56966e3b5d996675d1ece6de399ec477b63d4901ed207001b151736,1685,549,2234
8f1f6afa19320b369416e54195d3bfecd236addcd422a0179fd1a3ddc8acc5b8,925,257,1182
79636e6526987cb5dc5b5e87767330f3b4b80777274cb6b2dc086eeac5e34d84,2215,663,2878
14caa01958850a6bb097692f1ecd5ceca579696945254901779472fba0a8621e,936,304,1240
2bbc3b3b2e7e8757fcf93a4045e49c9d902b69ad8d71f4b1cf9c43632564b521,1116,203,1319
e81ae4a3b140f4215ec6958671dc7f95e64d26705cd82b4ab07d824e9674bb2b,1967,324,2291
55563bb044802c1f20d865f5bc1ee5370fda4059a2c6c72dcd622c27ffb12047,1168,216,1384
33c0cbf70d39a9392ebc927b21a50e9c17f26069e2da236be850951aaca83cb8,1123,205,1328
e23d1fb1a7348ead2ed7902c18f7d00dae4c2540d01c1f10f1a05b2892d546cf,1027,301,1328
159a6e9995d6188fe71f46a1f3b009fd5baf4f2593adb0e618e49004f14a2b43,1029,293,1322
96255c4947034709304002d6014735208551ce87a431e7ffd9c9a567e0e6a252,1103,459,1562
7c22b0ce4a5ec1498bbbe65327f3ee2bfbdcec01a1ef95008769d9af0b8805ba,1065,219,1284
9641c87ae4da66fe2135b6015c4cf2d1e3fed4a332198ff7592f1a9fb99c6fab,1237,338,1575
b0d0b3048841705f25dd20a3a3e0defad723cab78fc1f54051fa623b4f61db2f,1223,286,1509
89019388ce89465046e0d6ed54b1064c1baf6a2ef2fb5f7122c393d7862f893b,1019,541,1560
8088949e41a06c36966a9346e027890e5e4bea0f8d97de581852d3cb32e5a510,960,287,1247
abced3eeb412d75cb63a4ffb831e39ea16a4c3d715024595c589f903a03a2c2d,1212,208,1420
eb5b2bbd2af3933bbe47e4ce5ca3961b9c4a4ab97dc62b909cb27b59df1873a2,1031,457,1488
8d2f174a455e791a58f2e5df2fd2f07853a8e99271c3199fffab7bc90c2aef9a,1412,406,1818
48619071a66f7286b3b4bbb27f0f7bcc339e13d774e8d93daa8e7d4e3a1ae1d5,1128,282,1410
138e18c0baeab8581dca61334e679fadcd65c823c58358b5fe395c99140b2e03,1652,543,2195
35732e45b0a0d4e9aae4573ab59d909fe4543f20aa03c277b0022d065587abfd,1724,919,2643
01c8f9d042de98dee6f150275f771a718ac804ef52e5e557c4699bd04bb2a70e,1123,205,1328
9ab0510008c2ab36d9a844f2c103093afc79899fd6dac2c821b9eb6bdd770bc9,922,207,1129
8c5c33107ec93922bd306f1e5e6c390761e1b29d33d7998c59df209b03597f0f,940,206,1146
7a2972aa8f81ca20a9a0ec7b1b36969f36db936637a281f5ce02eb47ad42ad78,1320,215,1535
c13d43fc2315ed0e6c8481402e8617bd5a4f6d5a8c504d13d81afe4020a06f4d,1115,218,1333
bc1e3f7c6a3e345cbe321c14030221c6f0411ff4516f9a3a5c5ad31a8899195f,1697,708,2405
6c1c45d8370ddfdd17558c5467be127da517713fa12e39d7af39c6ce6cefc7c8,1130,319,1449
d06ec6f0398750bc3693aae24d03849cbf2bd9853c9d0c7f79b1a4ed0f21e5bb,1100,294,1394
b85c4e09ad54845472cf30e1d157c27f113d38e47ddc7af17b44569841eb1ac8,1572,215,1787
cd04ff8d88f7b68a26ba4ff0d803b369fbb1f576ce7a0caaae0a20d5f6b212fc,1031,201,1232
75007977588bd0d0e5f32e987816a6f461c43377135c826267ae7c31c89350d7,1169,204,1373
46e0baf15dc911c41c008663e30ccd94fa3353fbbad290b6035cec896bc9225f,1358,202,1560
561f7de01c6fa64f778be7bf325320e808e22fab2d64f05b1b4aee8c1912ecb0,992,204,1196
a2d2f23b47594e7f2e12744e1d1c3d7c52ab49151e2d20dfbe991c8e836b17cc,1246,257,1503
c64e39cbe89115e60d5769d801cfa1de1a82e39b5685472010c701b3f57f406e,2145,314,2459
21322c90afdd92d0df166ab86800e5b9949bbfc7902404c9ab9569f52feb7ad0,1109,485,1594
37569957afdfed6f4793c2ac101ac0c3256a9285ded8290cb6314000e33060c9,1945,554,2499
36bbd1164337891b171afa62d3acd7dec576fef630703690dfa563f8e2d88970,1049,217,1266
51cd355c005ede3a74fcaf1625bf03ae6c16d0ad787f09bb795b3a828cb9f501,899,203,1102
96ca0189bc5f8678b0f845b4f27fae3777967b6089689639726bc85795d2275c,1466,211,1677
e79917b7f0cca6cef115e3ed1ec3f4424187ea9b7218d8c56defd9986bd850a9,928,210,1138
d8c1d4cb38db2a67697266d7482d8568d4f0aa2b9c926c311ae6abe6f6abf577,965,210,1175
8b625e461844b9dfa29c5692dfc7aed1d2c7509ab846544654b31d724c3af0e0,1026,215,1241
2220784fc009237ae008e1f9afe3d2d4b5155ac73047679df1fd4468b7f83c70,1123,205,1328
1642a1691968ea77737b86bfd33562718d741d06465d4b1edbca3a746aa90330,1549,218,1767
785419df0816f6e246bb0fe134fcd5a85b2697310980e97857813e202933ae15,1942,325,2267
576fad0f229b8f82e25bc01a39da15a72078cdbddec6c61d62b2074d1293b3c2,1758,791,2549
08a41e4e10d9f142868f986cf3ff9ea54378ff0c248ab31e8b3259b8061915e1,968,200,1168
7192692cbb2e4a4b35d8fd4a28b1e58954c82e2f568970a0118e8b7a446e4846,956,208,1164
288acf43703330396779182bb0a117922cc9ffb80127bacb693f82c5c63e5164,1390,201,1591
d7c0e2990ec5b609d4bcb06863218ad714d381049f30277d1c37504755e0ffe7,1433,954,2387
99acf49b0297b258ed5b1ab4db0f89008e62601e92069a4324a2b4acb75385de,1233,200,1433
1ebe654138234225e58b5ece8ecbecd6bc7cd1b25535a806e3d2301b37c1542d,995,211,1206
50116b1bca914a9451ded6bba9698b5eaad020ebd8e80d96f5e19115dbcbdc9f,1177,317,1494
e95dd4ad84921199302d1f22a9bd00dbb5523e28e380f8690d24cc309abcc4c7,1260,327,1587
ebe27c50cc1c1ea22143b36615dffeaeb78ba21eae79ee10335d8217ca436811,1041,309,1350
3958378ba9dbad185ef5f4bafaf7f29d92ac7aa0c849849a21b4d89dbb0c2136,1204,478,1682
5d970fc90f618f2b391e2916430ab90c1fa963f8cc15dc3800bf2315a3707356,1008,266,1274
92252c82a453c2e484746d810e1de456c1bd990ea3bb010c42527f35893fe72b,1210,285,1495
c0e515fea4763baec4bd1bef06c438a4fe2eac395fc7693071b195cd5258b457,1123,205,1328
f3c5c3f372be16ac1121569a743a0353981324e92b2a35a441f1f3ae7ea7ac10,890,208,1098
7b06e65affa9f02f8761a64c1cd6c38b85fb7ed3d96f04827fc69dc9e73dd456,1105,203,1308
5359e8133db8b319b758f787815c36a9bf081d5ef9aab9f97a3a7ec5d894fe0e,1467,209,1676
7f403803697d38eab5ca1edaf6850c3ebb65bbc45e9e5d3632f973c189b551a7,1123,204,1327
738ab383e88744d32c5775d1f38eec7daab2b10fc795adbc7b07a238899fc5dd,1175,684,1859
7c9eeeaefc122877031ad64e62f02f6e7d8d4652b54489d30fc7a0ea24e05eaa,1632,875,2507
32df7a15e81ae02b1f65d0d82a9ac41c69605d8f17db7b081d2e4970aa3bfcb8,1833,1044,2877
f54e71f59f2e93fa2669cf5f07c1e7daaca027ac1c1ee859922864db75375dce,1959,309,2268
00570e3a7050f9068ba66ec0ff3ed6baf0ffff2c67f88028624948a54d08ce9e,914,205,1119
481716c719a2dd5fac05921839f974c1fa54fff9e3b0de15919b9f1fb3cd371c,1062,377,1439
0ad09740c7924bce40724f98305d421e9f9e7c9995f0aa8ffb9f76b2cf5d140b,1070,203,1273
b139c1f6dc5a5d3f602adc1a0f56370ffc61c56ddc297bb97e55846c526a41db,1081,213,1294
193128405430d5305f1d5dccfc5d67d7ad68248efa599445664544ac3f3a457b,1671,548,2219
34ee62e759525c000658f669ed997af329c931275eb1422763a5da4f26f1df02,965,212,1177
41ce3859d9ff55c3edaea80d50d5f28707c54813de4842448990446d783aac83,1058,213,1271
be1ac6e0a8939bb62334685a99c4b992e1b38a025c65dd9cda22ae88012f6bcd,1191,286,1477
2b2c22180a84d30d097a86d95e01accf87ea6040a168e8d53e05b9ac83a81307,1321,299,1620
c3d94761c9edc57add0026507adca471cde7e2e4330f1029cd163088ad69acbb,1746,544,2290
05127248ca8f8ed1240911b84ba5a769c439563bdc095453f3f8c507a0da3d1e,913,211,1124
e4f0fc319b579b78d3d1b0019c0a4353ac267a64b0185680d8555eb44485c505,1872,330,2202
9820dcbf8a5cf0306bbe7464fcab9beeffa28197130021eddfc5b5c77ddd2e32,1722,312,2034
7388333094b7e2299291d30c5d1719a28bbb726683f5ee8a08d1ce1ebbeaf286,2342,311,2653
c5332f5dd6f58d0497ab9905708a6ebaf4dccd930f602a4595c97dcb6fa684e3,1487,475,1962
772d8e16f0fd1e217fb4c4a81d4f06a9b109206e5240b2f16a06a683c06b46b5,1346,213,1559
94238296df259242cac95d200c0aeb08223b94e75b61586b6761eda185ca0c00,1122,212,1334
6b098587a9eb93b865ec6302484e8cbda9531bb38d04bba6ed74dd7ed77abeaa,1723,665,2388
518c8b2306dbc0e4b2b1ae7475db1f28903e6f6d9dc91f7975588ecdfbea800e,926,207,1133
9603d41b56390e92ade20f5b4dc36701c8a736ee5071fdc79c8682a539f193bb,899,289,1188
7d8be69ccc1f019679575db6bb50462b556b70e3b8f6f71eebf26e710eeffa43,965,216,1181
37495e505fcffe547cb635730bbe54b2b62abe06fb7a0d0ddfe29bd3714f6d8d,1097,297,1394
bfb6c09aba0d018a240975106e4885834238e228e607d378de1b7afdd6bf5ae6,945,210,1155
b26c0fe0383c103c905b8a01ec99ee434e987d965f4b3408b7bcf75f75d0e04b,1536,215,1751
972eefc7e2ac0b77fe24f618d1903dbe021dfafb1caf9f4169188e94c45cd0aa,914,213,1127
130fcc093b3047937d3765808229322948f8b37464c3eb4c6f5702e975db53f7,1319,421,1740
27b6aaf4aae430a33be5d9f4049cf76304b68c3722953a645d8dd859b726b31f,1316,383,1699
2a752c754292802a1245928843710947bd451e5113ff0a6e5d2cfed612dd54ef,974,289,1263
a0e4a238eea304ece2fa5794e6465e16017414588ad280013e43bd93696f19e4,958,214,1172
8465b03b3e790d34c8b561db9e0051842c7612b1e8f5b518160ea1fc6f39ea0b,1123,205,1328
2989fb1a02ee5b4a4c4d3f829c2228fe5c6eeaa8882451037cbca19cb7a93adf,1554,285,1839
e7e9abf5413365f276c0df47147a5da792edf7a8b503918c1330184dbad02fc7,1171,204,1375
691a42cfb241e1fbe4d06e491d7ea8b0ad973db4fb42d3dd9c88b4a0355a6f10,1192,213,1405
95687d7ff8fd059cf2de07ebd15db1fe571dfd693258f9d038ca7d0b8cdb02d5,1207,309,1516
671776a0326491c8de165b5c34433d77fb0ed15f2144f58945da5d4a430559cc,1771,323,2094
75bf5c2d22b317c216c707a8014b5c6533633ade291cb0288fec91f58a410b93,2233,1440,3673
0b21caa74fe56ad76a8e2846ecf0f814354e460498530cdecea93b90f78242d2,1463,2172,3635
58c53467da6bc61bc233a363ecee63ed77719f2897b5897b01564ebad182ef48,1384,312,1696
acc49b69ca5fa41a31bd0b83d51843926985474ae2407292a94915569007f0d9,1802,313,2115
750e54122e3b386742799daf00e492d9482b8544af1b717be4f040f14a6ce8a1,880,208,1088
4f5f9ae3977b39806ff87c2f8b0a6d68784a500f474d4fec30d4e2bdf400f5d5,1690,663,2353
a0244c3f8b93378b07fc9dae4d65526eba44c62ea6442f9b5ada1657af06822d,1223,229,1452
f447e9267c6170950a1d99ecb0237a1dc0aa04828e2c38734a10d2bc17f67fd4,1228,203,1431
f35c2f8673881b0789e26a0500ba6316120c1e7208795ba104cc21918252cc20,984,298,1282
bf199487b2caec99c416d3419b70558dbb98b1632b9947ec91f1cfc9020f0b95,987,580,1567
0510005fe2b2b68a7f02942a0e681ab8537de978d1c95626cfb53d593aeb3c5f,945,220,1165
1af20f080fc5a2ed28262263e728b0e91b5e10f6e6e8f0f14d3d87a7b9cafdd9,1597,206,1803
40db2732fcab2b55e3d7d18dd9f3a4ae2772a0387c519c62b99ada15732325aa,1292,285,1577
6998df3558df3a2f5c27b7f16a5242e037d6180d7bd2d4e22eb5d0deb673d76b,1706,396,2102
548bfa79bb120bb0188fc28dee1daa98e3faf281d1363a62ddf4e42284a670db,1123,204,1327
9984ab07e54e8878c51883efc6d939b7fe7a8914fc4d73489d603c513522286f,1350,208,1558
4095f708a6330d2c49312fa82df1b1b53587ae8874c258a9c95cc44bdf1ae714,2323,596,2919
67f657453c8d0237d1261b5fedf307e2ddad93ee3720e8dc3ea38f49a4f80fa6,918,210,1128
4b951151a090c7f94c52976102db56b92ce1abd09e614b86adbd3558f2de0199,1749,979,2728
a3f93adea5938b8772e93672fa5f2ff5b43829cbdaa5b23adb0c5c273fc7c9e6,1142,451,1593
16fe921ffe14a76bde5e40d21ab7b770f379dcb41ac34454d6bbc622e8ede9d3,1208,246,1454
b8e40ad4bcd598be5285b6203b5036d90e24a5947b06cff4f382d1152456fa8d,1109,291,1400
598b023f8dba870915458f63ba2c92b867a2870eac4819a60f49d8e73c73b4c8,1362,283,1645
60428d46b010c9a0b42185f3987a01a1e4d223c40fe19a3184c96b087fb18f4a,1134,213,1347
a143db550e87461fd2f3092b7962f016687054d020aa4c8d464b2d9c3d0c0828,1158,213,1371
f33439b654f4d97e2cfdc73cdc76f85054246d34b73b3ade4c2fe9ab8862f373,955,220,1175
f5b482e7d8180393b27bfeb8dafcf4a0210dcf74114e548a420c1253419a5da5,1921,554,2475
cafe221ad7c8d9f74cbf433f90d8abc5a3adfe3345fd8fb3a574ec6145ec91ff,1062,299,1361
da9bce70715aaf59d6225fff67fd13c97c9ad8f9db3881ca17a4fbb01d052672,1258,645,1903
8ba7c76241d906fe8ad23b4e9ae98b89953daffbc42d2b58dfc2b1c1b37922ea,1125,288,1413
15a7feb0711cceb2be3292a7e1e86334338dd81444839e8a8543be675ad33659,1612,512,2124
711e81e11dc8090548d9dfd3f22f6fe0635c60f980d847293ad0ea1e385212f8,2149,321,2470
16f77a46db170496b25c62efcf62da032a656d13b97d8cad97949af86d165062,1338,220,1558
f42d1e2034f592445f2b8ec812203c09439ebcec11d4a9d6b8d4ca3057c36f38,1443,206,1649
887056ded19660a7d056ba43f3e8dfabe0e0370eacb84f455237b8d72f1f84fa,1119,227,1346
ab086729dc5426134b872d6da67f579e88a0c8159483ab79e0ea0e3f902cd16f,1072,205,1277
3a5c316afb6b7c759ef85befaaa973786fd8c9501b602c468c161621b37770eb,1110,213,1323
9f57f0a487601acbef2677c791b2f9e3918640cdfe4ed9354c92232308205096,1123,205,1328
e7779fafab607a4a620063e5bd655e40db85649a6a739a09099a715db3b79449,1552,205,1757
d3ab33f22074f19a752db1249d2f2f8740733df7f4157d174fb822442212d12a,1151,212,1363
5d7bb49003d973878575301b65ef154dbf10cdea6881a88bad3cbdeb27f32ac2,1515,216,1731
67ec3875fc42c27ae1088346b238d33fe73908eca82234536bcb9b18850ef871,1874,325,2199
0174dc19ec4acb4be8a452833d026c64ff760c6417d8b86cecdc8c6b5925a6b4,1649,771,2420
4d5ed1131a7dbe202443e99cac17d2932bb20153828d0de5749d40850165f601,2347,1100,3447
d826ca30b9dbccc1b8b76d503fdb74f5327ec88fb37ed1f2b7961155e80675c4,1512,369,1881
cc3a5bb1d1e84bfe4741a128d6ea3dc8cec1d08896ac7159f4ded111bc0564de,1742,746,2488
07f079cdd62da1eabef7a9863c548b1b6d9e9437febc380fca0072e496dfaff8,1110,294,1404
bb57cb15ccdbeb2a7a11e39cc6d72d9247f8756ee6853be1f0fc61d91c297145,969,217,1186
374d7819ed26c8ce4e9e16be98f435c5b2523ad53192dd21b51a6c4d1e8fc086,1748,431,2179
caef73059a396b5b649b85301006abf00783f4f88296a7195b3a429ce92e6ac6,911,210,1121
6686ffd36e55a880a00ff917c4e0ad667128ac492b277a82fa349919366d3e1b,1086,213,1299
d7ec63f5db2162bb4ea6e0fe148f29e7914c84c2eb8929ddbbd8f6d72468d9e6,1737,314,2051
5685aaf85ffe332657941b8dd44849c26d1ab9ea2105ff3fca0a0e66258b9270,1160,203,1363
25eda55c3c37cf137774f2984491952335d0156b6f6b64d89adfee775a4e3dbb,1106,379,1485
027e0a25814be45aea2e11f43d50788a8395cc9d8e8f6f6b977982addc16a5e1,1166,470,1636
62c21f4382452c32000dd08e64aca8c6d684f8804c31b83d12405c3bbc8c3e01,999,208,1207
19c2ef88f7411dd43a4ebdc0fb1660ea0b671c17f3011bcef62283790b6f0587,1238,215,1453
7071a2bda11486559db4098ddbdd4d9b221340e66e6c99098839df7d88a971f4,1199,297,1496
650399da0351136b79dc4fb4d10e30fccb9e2be3faed53aa5794aaee6c024dc3,1091,484,1575
8935d3f6fe30425c310e0be4975c03f904e2fda3a2bbaa14e03b897e775c2882,986,204,1190
0e8b81c459085c02f5fc11b6a1dbf0545d24e8453ee94092b0900b2a9bebf667,1091,385,1476
e6a2979cc557a1bc4fa4c2e0e7f4e423879124619402412d8e37d26a9224260a,1721,320,2041
df76a8e588bdb073c111f40761b0f080234c532a9af7f6ad9848d3fa5d2e3fdf,1236,207,1443
4d0d4ad3e6d5d11511713d6ef31f743526f54861ccf8397b24492533afdfa87a,902,203,1105
513ad3f08c75baff6e79961d2a6e95d9d54c9d3400daa7988257750a2f232d76,928,211,1139
8f0c3bdd19386c563094f3a6169a8833278e3eb10598385cb0bfac2090d2fabd,1123,206,1329
4669318dffdb721d1cf5a8abfc2fe63a930aa8722fbec5c2f9e93a67addb543e,1667,356,2023
3ee7c3d2ebd88fc3db17da6feb0e3f79ea9c8efc87049620af7e986844260685,1123,205,1328
e0b3dff0653b751c0ccade47d00b57f6d032d7e2d2056acfa67a23d85dad9543,1820,312,2132
5bb87d1bb2673c3fabca027ecb78e723f5461c25b1371587c5681ae4948d435d,1054,207,1261
44d2ae0389e098c660e5b492bfd600e5288606923defced1bfb6dc31de78ce44,966,206,1172
cabc603cf33494528f57072466de262cad61450856c51494e2706023dbf25e48,1220,309,1529
0a0bc4cc3f5b1799ada8bc97cccc47d04e35f35d6a12fb0d22a8cdd391225a6e,1196,205,1401
9329f9e9117a68b92ca25eea77160b70fca7f370f0c836c6ae7617c6abff7519,1014,202,1216
78956d5c6f3870fd0181c77b5faaa31e4a0cafb1babfa1ffcdfc6ebf249cd359,2125,321,2446
d93b0ca381753c701ebe796fead63fede7b2f7fa5d42f70d3993a0518b7b02a1,1692,826,2518
5586afe229dfbf7fcb463677b0ed8a44c2cc84b635fd7cf6bc998579de1810fd,920,286,1206
0f101b88dd05ce05851596faed62b61ef2455b6b9a83485c6760ada9ed7ce2a2,2232,323,2555
430844de6c58090bb3be7d36b293e4f8cab34dd85155e0a7dfd54033837be9ee,872,204,1076
be4d71b8fcc036fc42d7c2ae0783903c266830df9daa77def5540e4385d8567e,1132,434,1566
0765102aacb1a7aaf27f6816fb0f1a969a010c6569c7e1a76e5576d210c1f811,1409,466,1875
403b916dfc243727686a5315a9c69ca830883b8d328fc1dda79711f44212e423,1257,963,2220
14a419cdc6828166d5b8880734218f83cdefc42cd559d2eb5cbe6c8c08c096a5,1853,437,2290
ec671fd495e1288e3b286ab0b11b3c44728cd70f4841f61b74c9bdb5b2543cbd,1247,212,1459
5c73bb078d7da134795e22dab330f62e4a16b3f4529d4def0dc79b270e130014,1664,317,1981
9b1deb9eb5fffef0fbed9d7210740b416445de567a88d5773ed9d777bc1d4ccb,986,210,1196
587db8ecd6a68ce98bea2d15019e773bbfc605de0e1701f65e63391d65517a43,1022,131,1153
85b216a025b8d0d33011e886ffd412c78035a5e44bcdb20a3b9fd2695670d504,1124,205,1329
ecdb92596e907110275f8f299c908b7dae0e401b34af2c3aad56160f7e4605f0,937,132,1069
92bbf10a557ccc266791c1d2121db22e89c7179cdad20b037e19dd41e1c169cf,967,392,1359
c40fc8727cd0256124c1a65ca870a10f1005bdd685a86cdd45fb4e316740bf97,1216,211,1427
1395e84a5e0827729f6b3cc0d19f12378e3395896dba98629712674bdf6df705,1730,877,2607
908c96ebf940afd417748cb1a2cd7e0f104faf96280e497e9ffb05c918ea1745,1119,210,1329
2afd74b5e74eca5d6997fc0a3525baa0fb6dd081cd95ae25d371e2becc5265bb,1229,309,1538
ee34b590f0d5b4de731be1c8d1897a56d04b5db71a3059bd8c03c08f16e78fc9,994,212,1206
2e2943ab68b81638412a811c06a117e2d0cd31bd92e8a0de7d1a31ce4597f183,1499,211,1710
a18f2513955c06fd1c42ad279a2ec4483ff799bb298b2e5d6d9d3afab1730cb0,1083,213,1296
cf801a9828509f398c40c3d98998857faef900c926f75bd1d71b2ec50afd0e1b,944,215,1159
952e4d535e1ce5f635b64f12e858694aa25f5f993f43ab4d3925c5b60dd4663e,1609,365,1974
f7a2e022947015aaa4a68286dde2cd209ff384e2c1fb81ef96b31d7fc19d57c3,873,213,1086
73f77c2a34c34d991ad101f410b66322ae0361631925012c973b3a0e752d7b66,1300,607,1907
e77dde9515e1d6241acf67e84902c5bd509ba3798b1c2287235eebc26d804f99,1124,205,1329
2359c67d80ca14e58a67fe78dbc6ec2537235484d0e710b9c861df8ae26a4817,1227,228,1455
45d498ddd81bd0a8b7e7ece85d8999e00c6e05d56bbce3b7807b483beb4bc80b,1055,307,1362
c5a998a0d5d006d7a9d55d1cbed0b5a4cdf5550f72438c0fb33877a24e7cbfde,1140,295,1435
bc1229058303719a176e835a825a64d4def7ea88a9aa2c22a0a6f49eb4a2cddc,1201,258,1459
d057891218682d2c988780bc2638dbddd7bea1b81e6bc8057c327a4c81872069,1512,298,1810
5d2e41cd2642b2af3ce1a12d0993d1d6d560cf300c0c60bb5767ae493a2c8884,949,293,1242
854cb1268fa5fb8b3a30db810435676f74a7b43bfa6cc0b53ebf17567368e3cc,1150,219,1369
9477f4c70c5a6b7fd54581d8f5f725089eb1a412da4789f0bffa75df75899fb7,997,294,1291
28c80914be988bddb04cb91d309b37e6d0bf56a3cdf445aeb2a06c7a3f0e17a1,2187,891,3078
dacafee34dc7e80c69688a0004064fe448d3b46a06f356bdd25215a1d3f572c8,1041,369,1410
3bac6e399c9b437a3910f53d829751334a99f07deff1d52435a7211df73abff4,2190,776,2966
b272197cca435dadd8d35cc16cc5881db59b38e0bd73c4e01be23e6862f43d3b,1109,282,1391
275ba38c4778a72e8b2d73063d4f2552b876be07f7c953dbe0b53ca9d23019f6,916,210,1126
c59dd1d9e1a9c0f88644a59d0e37a62da718d9c14bdc6dc12cadded90338506f,1508,608,2116
6ed20f272ccc8c344574cd549635794287d0bc65ad9f177eaa691d82a9b753e1,1044,285,1329
6806e88db287d893156bd283a9a9c55e73821639094d6a09d69212f1ac312839,2161,426,2587
c36c57c3f96c44edd0e42128c3653c8a1c0d619c5142e5064a7493973fb34e78,1174,437,1611
6161908f4253d3ea145f8c5664a36afd29ab4cc6a66a48ecd55ff2529fa65218,1086,204,1290
bb6e8324b487d04732c4289fd1f364635d0a4b753cf5508000d3d864a9824ad1,1104,607,1711
a5e99d2203c814a9cd21a0892b4a1cee7b26bef66b7b554703a41b82658f3f58,1219,358,1577
b10fd833269ca87388714a0c2b65dfa6b89adb2720af3b45ea69ebaacfe39a16,1124,206,1330
4c19328fb5532bcd57065f00322fcc00b16b80a4efdfae24ac761b501a585cc1,1435,300,1735
5463cf73237424132d709a03c4d7653adc5a75639139714bc20caa053a28c0f7,993,283,1276
749646f49022751982bc8cda9eb380e4e34160dcb2288dabc3515281d97641d7,1427,283,1710
18d94a984f9680c68ca3988207953f331b0c67a2b7d20ec268a7b069f95aa1d7,1615,326,1941
8f32d0fd276a5e93979567cf24216cd264d98d7039fdd5e3f821da894240c0d9,1209,592,1801
c3000b9d24bd7cd8abf559be7d943a8cdede8c0a8b2d965f753fb701d9b7523c,1809,587,2396
cd7c2bf3d219dcf89fa18aac81c68d742be5b031e75ec930d8ff77896525175a,1321,274,1595
0588a2e6f7b03170ee67bafc0f23b5714f956694a504614e89800dc32537582a,1111,361,1472
c4804e355d638c95a2a67815b8c186dddc9612678cd883640893ab0e76743a18,1037,285,1322
8199e831b5061d708429ea67592e347db3df073db2f3599f6f1dcc2884607ed7,2126,658,2784
dc779166e8d9e62d4db6f4320a91cd8ebfce642e138d40a7e592c113b421ca40,1686,662,2348
5ca71444c4e75f42e016cdb775118ed945d853019ac43dde9374068ccf2ecfaa,2027,422,2449
550e41fb955865c2ea7e5db1595ac27e8576bb32cb1aa05f4ce9308b0747a528,2200,893,3093
426c5a45b713a80cc4cd9b289332a7fd34aad31ff439c15aa86304a7c0858f26,2196,449,2645
e64b56060807486e7cfb79849b14b7b54c8ca10df1705a4d0b0453086ab4fbcd,958,471,1429
82cf9459923c21af49476798d8ce4b8f278a49a21d0e1632eba84c1a9e8ee183,2098,1013,3111
