id,prompt_tokens,completion_tokens,total_tokens
acf7e0f34f4bd4e5ceb358ea47df2f9b847bd610dc5adcd9d22223a00d843613,981,207,1188
84ddf287135115a12da79c6ad2ee55253c8e15c42fc4088c860cd5f23c576578,971,206,1177
c891216d09f367f0472df48a30efc3da9dc37302fc9fd298f38c273f51a953d2,1124,205,1329
3f2aaa1915945bb84b92c3b3d9d8518da8b958382d91d4ebf9fd718e33f7ca2d,1011,210,1221
46e6b1719fa8fef2e212c80adf082246a9f87dda11065885df465d4ef18f8e34,1034,205,1239
610c33793a67be4579d0b2f0e65f29216b0bfefd4c0d534f08a1f768a2100542,1206,227,1433
b02743c618bf97d1d426b90e9d01ca9c366f5c5674770eee7d4b9254f49c3a5e,1259,213,1472
200b4293aeba88f1cff0643b0d2bff46a7b03c1353b169f39a1f014536b4eb97,1021,211,1232
b309ca3e5d7209d8bf5a43a9b185f17f37e26004450d3c3c37833061349fa4ac,1038,212,1250
431a4cefe7ed84b5a4bdc50e2bdcdbcfeebc92bc61a117cbb8d7c2003337bc5e,1087,211,1298
2924eab732b944f1c9beaae2af758690abb851a600950e7f939444611d155db1,1000,216,1216
0e96170cb2a2db86ed9d66397a8a80d33d5404d66f28ff32cc7a6783a3aa850e,1055,288,1343
2be5fdd715fe2b657b2817078b7ff9c132c6cb68114c7f7ee36502425f730e79,1097,300,1397
d6de3aef631753ad3ae3000780ebf279210358cca6c282f55987ed49b4389c0b,1130,214,1344
86565edd72f9f51d17011236b3cd02152249562d0eea98fe58217ea3e2ceb783,1065,247,1312
dc252bb4ccc9084190083ed8d202bdfdc984d5c4bad5cb2c266b69d3190a236c,1118,286,1404
000225ae515bb5f0eaf7d0579f670195ef73d9dafaebf261e0acfdc76b86a28d,1041,296,1337
bfc8b1274ad1b9afc22067b1d1191dd1f9e1d23975a6880db043f74b431c96ff,947,210,1157
09fd67ccbadc71faf949196db7f7f0c46a81147804506f5346d1a3f7022ac177,2053,456,2509
feaae44b2c8d5a399632fc45a3bee9b744b8188c5e3983d76e3fefca37838a10,1633,321,1954
7ec86308c23b2a578e7b9ace31530b748b635af34b41cf214693bb483b7e20f7,947,213,1160
7e3e91c11df6ecde374a51a4c68300fb2076a7a92a3c1b12f898e49ab0c28af1,1323,361,1684
6e0405896ff3789aadf42b1baa42850b8f2d7babd876a486768d97b7af069ea7,1726,465,2191
72fe53aac2e59ad5be62f222d6a0af7b085e0ad76c20b14cfe45d60a954ed268,2358,635,2993
dc74d8eba0855a8575b6ba0ef9230e4c72dbab2e97aca0c9eb60da2e36f442cf,1124,205,1329
ab5b7669a9b2a3f123d2271e9dec5de37ea9cd9c175034707c41cde00160f824,1052,204,1256
a63c1e14d595be92ead855f8db6f6fb73761744b24649c4aea59ba0d0ac84634,1491,284,1775
e54447fec48943c857ba2d12ae6ad2371ea09f7d5960d443af78ff7517cb258a,1136,209,1345
1e723dc41edba6d4e39d207e04f86f35f0a47daea9cb1e850cf31723aab14bdd,1031,226,1257
67827bf586a7d977754359a55f620cd3211351fd9a2f13b6dd19bb96fe551d44,1053,208,1261
c5cf05e695226880853441fce42924c86ae6434ad101aff75310a36bee46de82,1040,526,1566
5bf47282e3adbc33f469fe75009ac4c80e3643c0cfa1b78c47de571b2cbbd9fa,1038,211,1249
c2c8cf8b4daa0330f05ba3fabbc669276610ba8fce929797c3a6f84d5e69b2ae,1536,211,1747
5f5c0fe3068b0dc162d7ad07b8bb6e3f27e0754028a216c4913e7be3b5b9adb2,1728,536,2264
fb6addedd69416cdc221b5f403ffb4fba730242d2f471aded255f7503d008832,1054,214,1268
1c7591df8b08d13a25af6140040fd81f8bfd569965759895b008c78f0b0fd2b2,1404,375,1779
978b426c89f209ab17931f3167495d21962b27cab6c6e262a01de381a2c18ecb,1024,211,1235
b39e7d665295aecf1dd471080474cd603c02d7acb8c3aeab6a6e11092c5ea24b,1696,645,2341
14a9a925891f9a09e53cc6d1ce9f5c754cebf080d2e8d86b196d9c1d02566d64,1204,211,1415
b2e271048c233e1d80368b9e90df72f0db73f5fe16da26e685d1bbaa29454d22,1144,209,1353
10066c005b66338a3f1696f42a8479d22a98cf4f07e40fa7473648fb0820be06,1237,221,1458
39e0d50dd6f802610cc149a77bc9caaa61c58f48f10b9d0af1b71b91de092f69,1898,590,2488
f1c68aa87fc8d502b7522b3c20b8dd5dd24ec9e2edccc6d3059f3b224a1121b8,1610,204,1814
22da2245edabae1e37cd2e8a0c0d4da6b6889044470a2ad6dc6c1b8c14d7581b,1045,226,1271
fa889bd3cfaccdff8096690aac0b66dacf0ccb79eb7c99a47d7b22ef8ec70757,1480,287,1767
b0962888679eec5a2a32d836d5e67799fbddf9c5db6980e7e65b424944f94444,2191,481,2672
6dd6235ac52b7dac21b07cec72da76e59fd22ea6dde19aa02041b43c4deef056,995,211,1206
6b3bb765270ebb67b234a92cf912a65a039c3240cd52f329f2c4fb45b94d49e1,1112,376,1488
5918ffde0c704dd3c6f55c1ca1e97296cbbe5848048e45459c6031fa3b4dd694,1382,466,1848
eca9a2e2a8e9266af2e914603e5570eb28d2438014fcf8579c46b3772dd57835,2315,578,2893
d8d5b6efc9474d56bf78f5958deb5ac0e39fdb1594351831903acc4969bbcf20,1312,367,1679
6120bff26195ac778ee985f28f15a31e92032458a4ccdaa0692376412ccbc49a,1031,214,1245
5461d0d6d2f5899538bd73808f20952d6c0d8b82060ea4611e932371b47143ef,2036,979,3015
a380a2397a90de342bfeae0f7bd4313c220356da1ead5ece51c5240e144199b5,1382,604,1986
1c3c94dd07bfbe67a353e44a528fa63393627634242141f89b954383d0d7c08e,2349,1189,3538
8daa7f2378e75f821a837a25b5c763d7864ac00c2882f6617e2859bf11764ee3,1350,371,1721
d15b68ad6c523b03b90e33f4216d6de5cf6bf4aa790395c6a5dfaa9eb72b69f3,930,211,1141
33337740c7cf126a90358471153be668db24ec977809e18126fb5cee5e315e27,1087,250,1337
53c5458da6463d743c87f6e5134bae4f3667b5c6ef996d9d91270e8fcb5b74ba,2175,1204,3379
a6ca122067939bdb1d8a5cb7ec571138b74a6f0cea351ecef56f9e29eb8908fa,1264,285,1549
d0bb0c74dcb852bb4c8f94e93e8174a83b1307896774770ecf770ec10e20fe3d,1163,214,1377
7b0aee7487a4444bf02deefd720afb6b381c8de995e8d9894c729be4636f1e58,1379,285,1664
b15e078c491168da06c035a086f349ca207898c3cc18b470e992c53da02d8550,1124,206,1330
5244818fe69c9d2716b07486b201a9c9e4e4443b3f3902a8264bf981386edd4c,2170,1026,3196
ebbaa51f01889de1144b879c3a8b8a0a3180f6da877fea0eef8d5a7acb116b56,1312,367,1679
f52306452097ea22c8a44ffff9c2221d5dc0a104be78e1484018fa4e9f826355,1178,286,1464
5211d28aa46d1e7a84c1334fb6f7de088340f145cef42adfa18517b4f944e096,1156,209,1365
65f9d71c9379bb4f12f990b7ca52c20763f468ff304912638b193c9fa5588eb3,2340,1043,3383
83f903f7e98841c74b5da26db51d93b25b747700e352a09828df2928b40ce69d,1307,279,1586
0300e34d8f6766e946007d70606892df9e8cffbcef7feb373b4765b4b682d728,1111,461,1572
386c7c78cd730629e8a8221e3d20d2b863c838b66217ef3a8336728cdcb0f06a,1137,214,1351
fba1a621397778336eca8fb53ef615ae42db603b4b48ce6087905cb776f5a03c,1243,209,1452
24beac41c89a39de813a9f07064a81cdf27d00c0a10d2c3269d0c8b7df0036bf,1065,445,1510
fa19bc86a5dba8e9d213d7cbe7592b44fa029cb960a71dfe12f08f284de6d462,963,375,1338
f898c4d8ee13cd6772d9531639107003a41b978c5e50975f9762a4724230398c,1124,206,1330
a8c67f56661889f7d35d1db12da9943119c01b98553b66d87fc3d70a000e693c,2164,544,2708
662ee5c082052ee0f68574ac3f8bec4f95b1ea8cbb77e233c24ce95575c6f1de,1469,359,1828
239b8f0f3ab0da2e158c1155a29ed9cba76a7164c0184e648da29e6c2b4f7d63,1791,540,2331
f10b7a8656887cbc10f5d3b8a24f6aaa01ac65a081994ca2dff6e74c543d351f,1277,377,1654
c57b0237a0ef3e618958d17520b19cf4b7f425acb482c3bf61906b2362481f9c,1892,490,2382
8375eb52749cdc46d650b44db3eae33641f3576538a2ccbbb45e2511455ed11b,1316,389,1705
074efdfae8d2c176bc23643d7b1ab01479bd41c8f8d469dff18c966b429c9498,1432,375,1807
acc6832b52e3a0357a49941301e4d822f234eda7a7e6e4469568a8a6f9297368,1068,433,1501
cd1a37c46fe1bd6c7652448ab81c19b489ffbfba052056a3a9fa761b1cf0f2ec,2224,434,2658
a43214bf88d2f62d6624d4cc08c1aa87926c24d944a94e854f097a29a7c553d0,1662,313,1975
842685b11dcd849274a1cd7daf96ff8704897fc80720efd06ec93afe0956a345,1100,133,1233
c857d7d68a79bf93c4271cd40054d8a9e8ff100e33502c1113714572b28de509,1927,1237,3164
65aaf4a3f9e4836f302c5b838c6d652bc2ed489267b2930d3dc80ba02d852ace,1252,442,1694
1a2403c188418c70fc74f566faad7da702aaf24a58f9081c1fa027429e9278bf,953,286,1239
fc77a204420d7627855092512e6856a3386f77366b5b688da1833ccfef8892b0,1377,288,1665
ab6eaec1219a8564b86d0e3a949ca524074ac7a99a98817d68afcdc87f8b9fb6,939,214,1153
5042fad0586c238c3812135a9103d5afa698a71d8b22196daa095cc34cd45a83,2300,680,2980
18618f00d63f8b09cf9729a674b1d02c0eb8214dc7a5594da5429b11f667dae2,1356,205,1561
ca6d21fcfd79ad7f3876f7a3a9a2868b18d7c58e47c3c00c9f8a9e4acdee7f7a,1157,209,1366
4c3e56dfa0b8722246d7e0e79220b40dbbc6bbe979c43f9e4dc45faa7829e637,1139,218,1357
560476deaaa4e42815f93d03c0d88780e58cf1bb86a114e2f6dae76a33c230e0,1150,513,1663
d6b990c273883eda229f6554d2796e5f38664b7df95f7845ffadb79a6903570e,2292,899,3191
e773df9ec7240f3642e06ebdd487fffb4b137f07d30acf53da3b26a64f9686a4,1001,223,1224
f5dc7946d350a7e391bc05ccb6d8b1c0c81b6442ecc8d6578d056ad63f3b9541,1100,362,1462
f8bc3c731a9877d46221035d11859bbf845a9a04d8a383692bd9e452249891fe,1173,200,1373
8dc5af6763226f15303cce0ab0166300d45c6f1dcb11565193ebfacd12f4c310,1720,778,2498
76952a2da7aec0ea254749731c79dc3e169daf704920c1bf222e58a005e494f0,1153,204,1357
6fb7ffe2668245b4959db00775e5a24e9eb3c0179341f242fe47df9406593267,897,297,1194
d07ca3b91f6feeef6be4d08ae0699662cc6a6e09e5a5b4d257697f79fd6f6372,1439,214,1653
2afd42442477b4da8a9b1b9e39018549e8d6e9d6c3b6a52bd40bbfd3daadadac,1217,245,1462
a398027dfe9654a16fdb0579e38ebc0a3c77c91cc5b6fa6616806c43a962d401,1134,288,1422
ca2197bf0baec193c32edf901c4e0eba039da68aad29384171bb846347695172,1035,206,1241
2000cf54bf99f2e8bfd4ecd091c127f7aba1abeb8e1527094434a9e28ebfc734,1169,298,1467
4ec1ee6c366205f40d6e5d0cf6f675c4f903285677ed7abdecbdf68577d14402,1764,432,2196
c0950ecd4dd9fb9a4280c98e338bf4dc51fccba477790980d698f32265f856b8,1083,205,1288
eb59ce1ff1b24c279422e0ce37b04b91879da1063e4527d8a4644f1186f0200b,1438,513,1951
0e75297c1c6ac4f61d5220d327991500571e20f5edd667d2368a3195a0f382a6,1124,205,1329
c836dff94fc640f85bc89ea4dca7d7f22013a93151c7494c0785a1801fbb44c1,1218,444,1662
67155f98daed0817be80f7b43f83d17432ceef8233b4bb3d183dc578deae7af6,1003,373,1376
5f7022f644f8e2d9db32226089fe66e5b9be4ff6044336caecbe3d40b4588211,1029,288,1317
e07e10337f9426c2f1f4f9164e6335c2842fa26336db473632a45e6e3fde7828,977,206,1183
4a96d8b98735626fa577d3df3840ebfea19e08f990bf879f122d29c720716545,1362,313,1675
adb59b12528e092ffde5c55bc7b412c13eeea95559999cb29eacc9580e29c10e,1548,211,1759
45591cf9f3bb0737e001f56ff7bd910241a60f2d6e292ad04d89d4db055944d5,996,131,1127
baec497d7e1cd4002041134335532f2943b9753fe77ea68910ac561e72796a8b,2186,432,2618
7b7b7486b12cbd0b3480cee813a3b53a594c58291f936417e70ffbe4689536cb,1241,345,1586
54431649e0c82e19a82e7e93d2751a99939266ce618de2e01326ba2d72f75c1a,946,221,1167
769cc1ac28ba1a8c3c056c45040026456830874e2d4c144a10f45fa20508fb75,1124,205,1329
825eaaab061ff605e6b031a883b7abc531b74b23ea926f3c903866f8bd58ef81,1014,204,1218
8dbe9d11cff0a54d1a9cf27e2e177c53fa1f5aa8cd2e15dc540c78369056962e,1727,905,2632
501712ab4abe22bd2ca3010bde2fd14eb6dd239b227ec8d2d96b9bbaed3b320c,931,228,1159
d20a56fa37e163fec750af517ba1a6fb65cb6ff82bd1061ac08de5985a1178fc,1060,439,1499
2907fa988d51c5c216f6c390896a48c21d29d9b847722c29aaa2e09e2e2c5494,934,285,1219
5cea88a2bcf58b65105450d948711d4110693b855246e12b69c4a9b46fc252a7,1529,439,1968
d13d3ce634d766bb2f61e228e2d3ed81d440904eda0054a5170be1a7bcbc4af7,1237,221,1458
da1ab208c215711d235f21e483d0476753679edb5e10cff3b26856cd3dfed644,1064,278,1342
7bae9aa9dd0a1e3599cad996c2dbf1dafa0b5f73abfe1785082bbe56b4f8b339,1178,301,1479
d3e27bc957b4bf4d9eb963adb8cf4dc6ed7afd786d00558278876cb4bb5a89e9,2139,900,3039
6a7e6edebbfea9358b2d9e718c6c91778f6ea303031157a48ed1395a6525efd3,957,202,1159
98994966d2a5d07602e0300193371455c0f42ebf55f08597bd9d9ec3e7e12e7a,1336,276,1612
9d9fb95c9b17cee73dd63daf50c3924985f6a7c4d24cec9609a26d8b851a5de4,1527,209,1736
a8ba7de8e38cfa1d3c503491201e0fb81191088761a298cae8f97a34027e281b,1198,283,1481
5e264b74f956391712e64bac4d140c9a4f6136351bfb51b5df6eafd700c6806e,976,211,1187
a5354530a951e7085fc8ab848ee478e50eb0f566c9411aa740c5ec28554f1790,1038,214,1252
9e5beadc354a52c1b07fe0576a71a78998c90e1935cdcac06798566c73ee44ec,1026,395,1421
6e29b92083fee1ba450d27e43167eb871793e25b7f20963e9ef7803585020f60,920,201,1121
a2d5414c690fd3e93944670bf855ff671734d0ce23b2a8345e0eb3a4ace042fb,1493,291,1784
c470a2a7d6530ddd0b689b33e048cb88c83f463ef7638f50a47ac2af09b81827,2031,546,2577
89229644a24c8f1e57195d35c6b24111e90f2546513cfe931e412314eb537205,929,202,1131
e45f5b5fd49bfaa1dd8feca3b5135f9f336225e619d6f7f8a7e2499bcef53399,1267,388,1655
324027e16ff7538e61cfea0fab0d29fc0fad00e0235e11fdf9c041a75b333c4f,1567,296,1863
e5fe32b532dfdbba33ab7c71464bf6c47abc9eb3ad66a3de4418e1f6896c27fc,983,216,1199
fbb1b8052576208e1e405dd59ce93649756a640d2b2f15707d1ff3b8af0eab0e,1889,661,2550
d2bf27f852d52e18cb78ff9a5dfc42756af0bf3176b23cab90141fb20c22de15,1042,258,1300
61ab1876bef45916563fc21766a0ad92a89d916a7c6af7c477c55d1f3fc1922f,1124,205,1329
05d5496a1001cd5b41b1a911a53e47a283044995a874c92a503e94878ba97b0b,1039,207,1246
3dd57e704854b1b354c0497c0ae16b93c1e0bcaae980a0062b5b200cdf257e56,950,364,1314
eacabb3693c99f899a1a8f02a9f929d43434bb027c939df0b160742f4effe8a6,2358,589,2947
b7a3c2ae1361c107aa78402256644496de01c5c0e5bb3ae5e7fc966a0083c2bf,1058,205,1263
82ab00a2bdcfbeba231593d9ba05c54c9e0f29d98f88df2017a86d00874785bb,972,204,1176
de92e4462815949c0371bf362a36d5827385a976a4dbcc8d106c1bcc023897d9,1287,217,1504
ebf0d1a2876d23464171880921f83e1c08dc759f377b41c8cea1a36f22151f5a,1037,218,1255
455b70167bf3f10c83abcff6795a813da80c2c70cb394c9cdf711526bfeb2ed0,1061,280,1341
688ff3c681974dc08a4baf0f059808711efc9f71f6ad6eba91cfc5b2b44c26cf,956,202,1158
e032349b31e033c598c6776e94719626d3a8d0acbd843e36fed134e9e8524e91,974,201,1175
74658ffa41a0ec196d3f712c9cf8afdfa52310b390b49421033eea5dd8a13602,1357,344,1701
bfbe624876aa19f5abf3e0d85b4be4cc2645064e4ea4c461f2325183f89159d7,1172,212,1384
2d123630878607576293c69ba7c8880b229e5f78e986df946f04ee726637f866,1124,205,1329
cace10ff82ede7b1f690ca636ef1efc4281d9ce6bf938dfb8f8a4a4f5d5564fc,1306,210,1516
fc8170e8524dd192d1820db823bc2c7dacd4eb5d3a69b9758836e7cab58db267,1652,540,2192
161dc5aa5d59606693455d1494f960bfc691f9e1fb65a28826dffbca4e26880c,1123,221,1344
9698956e3b192a1efb9812cb1242a0fbc4181e8270a689c201ebaab6d404db44,945,212,1157
5b19946478407d2192f31f008c98acaf67c3db20632dde6d083859cc7aab16ea,1143,787,1930
9c1e4ea850a0e8590e0da5b76e6f3d707a5718b144e0bab2161cfe8d46055078,1265,302,1567
c5d6c2905327cceee097209d1144d526e22419dc654b859417383122fae6ba96,2224,1345,3569
73221f79458df2b21fa6542a15f8250d423efa25d5d9efda7138f1220a92f251,1217,604,1821
4b6da790712ca6feff402d4845bf2094c192b2f416ee61404e7beffca0815edf,1016,512,1528
b3a8fbad738a3e3dc6991f91c63adc81ac79ec392afc80b179ab3d040681ee56,1429,749,2178
cd40b13d3cdf85c8dbd5608e766c3de295e8f7e40ec99604d65a007b961a9fd0,1336,441,1777
7085b14918ab3a847d2a60b563bc06fa6d19ee1b7401383d5cd462213286a083,1994,423,2417
b50b51a0623587b07170166c00d8ec0de57770d5507ab2130f10dadb41652ef2,1123,299,1422
842cd6dc62fe569eb242eb7bc9606b21d9617d8cb8c97359ae9515466756b20a,2565,466,3031
703f9c9a07cbb2843211fd81324c4cbb8972af1d0bebe00bcbb41865f15cf58f,1409,290,1699
cf5b2dbd016a726470252255edc0aba50706362105cfaf683d96f6a4d5ec0ff7,1046,205,1251
ed97e074856f48245252d5e6bad54183dcfd7604d99b7e1322613f4c38c2e99f,1757,328,2085
a8df3f290bb1d760bfda28dbfe37214db1ba86b46d5655f4d927d0c09579b297,1983,206,2189
5c4a0319a699f40e94e3695c83a741e9120135ce66a732f7f68ab77294ca93cc,987,214,1201
3b8726dec0cd211bcd60644873dd9f87db0d991919b516caeac2d53a670cb308,956,204,1160
9e7733a55ff8be2dfa580cba8a7faa358b547b18b12cad85551fcf502f5ef42c,1126,210,1336
a5cad79cda29ea756e77a1c290f08800784d086c635e09f81210eca59610313f,1759,200,1959
8bc15c4394af847ddcc9dcd4ebb99dbd7fbaab9b46556a2be20660be2957c5b0,1051,132,1183
6bfe1a285a385c198ecde914adce22d1975bffe3445d0a7d3966c2f5e6686e52,1379,385,1764
55bdb5fe4aefcd760dd1144452ab1e09ae0f84c1af54f4c8c08baba50e73f067,1433,553,1986
2f345fb701945302ff8b815812b7eaa1a80a8f7d03d8e4d4c407c161726a6ce2,1183,286,1469
7f5880bcfeef096fb4eb202be54e4df9ce4c02983d254e62ab2f483ca643cb64,1692,319,2011
5ebef9e7ce4b999d609926938ad34983f16b01e0dc0d790c44d8f1c4a18bbd7a,967,294,1261
74172821377ccf9bef5004c95595246e742bcd4cb8c19c39b732343c6402b779,2272,793,3065
1808fbfcf705fe8b31fbb481cc1d49e0272911e9647c94c15af0c564aed2e3c7,1140,214,1354
ea578e1f67dccdecc612e61a93909f63205968000de090802da14400a40a5ae7,1086,203,1289
364f2c410ac4c3cf9673491a6d8e8972365ffd2b02d5ef1adfc1636f52dd820c,1605,386,1991
ef7a913b1060789472c7fa8571be3965c3d1c0e519b50c774bc8425e0e61d687,1084,289,1373
5ca63f85b171ff6807016013f704929023255a64ffa3f0d75b5bb48e81fd7726,1124,206,1330
12ad50a4a1662e73b39e871ea29ec3e97bf048d5feba781307b18cf8b95e23d5,1192,210,1402
8b6c363e15cdb260371ddddfd5e7b698e2f0fd6be8ffd23e76d2cf7122f43eb9,1508,1004,2512
68b934cada5d3ab6a4a6a9553a1226f2eb812daa7d33b41da8f8c5f971858cba,1124,205,1329
67f5dce7942baf674524010768f6692574b3b17731a29cd4c1e77668f94616f1,1014,301,1315
377c6c7028d7b5592b188e27437aac272fd799c4001353f48c25860f4a436fc7,942,210,1152
52ae63ffb9ced95eaf63d743a7ca1ccbf28eeb445d7bc04578b19f19c4872266,948,386,1334
387e5111f1b2ec41c502b4a3ab6a856f4e07e522c610441c2f7ff3e7a7df7290,1428,387,1815
2025bc18275a916bbaa65e487bd8a43458773c2a802b1e6ac7d1d8306670135c,1706,735,2441
33cc2f365e1798129276606765d2d847a2c25ee470861bc2b0bcb12774925d37,1999,1103,3102
514fdc07405f457496b56dd3b043b3d50c25b21c7a1e7eff81aef41d54ab5339,1828,546,2374
e46df1363994731b6ddc6f3c9133ef9b115ff03255bd75b0923daf4a611fc502,1118,211,1329
7e34d5874807238fe2192fe28e5075338e214d5f84eab3a0831804a40efa7a74,1587,321,1908
9e644aaf9f2b26c95b63ab275b7d7e3f896a3ae83bd81d4be010af063904c2ba,964,297,1261
2bbfd7cf860d9bc5aa1fff74b910a4993e07247bcc095b3acb62273782b1f11b,1011,215,1226
b5752e03686d82c031bfed4b9522a06b08e9ca64fe42dcdb0bc1205e8dfb4cf0,1525,672,2197
61529425f716d61dd9bfb6a15ee925b78fc039d7b72a8274a714eeef8c78d922,1997,1039,3036
5ce3c804f382555f3a26ac69a9ae4d324cf1ee4790d500e9dee952662a71531d,1105,290,1395
99bc420c3892be917948a1b0a10435339ad5c61561d7deb9a71da4278c20d315,1077,393,1470
15501d3a55e1244af226a8df6795dedbc0b6fa9b0cc7b654c6036ca87d781b15,1374,301,1675
666dcd425cfd6a992ba15a1725760552cfc20122b030ac3391eeab0500a3db4f,1327,472,1799
945037c7196089c818f330d96e180b6df177083d8f3b3da848c4b37bafd58a14,1009,359,1368
8c97a46444236931e42525c3a7b435783f02c8e1320e90acd13ed1aaecfc9f9f,983,214,1197
2b86a66947a22521bfdee115b78c03adf7b290d00a6517a9ee282d557d080efb,1024,218,1242
d9ba03fb58c515fb1610b0c674dd30c3708ffb141b8c35fefbfe599118279361,1451,206,1657
e74500b6e3747a9435a0a9fd560eefe05178fd4fb8c0fae498ff72f80fbf40a3,1013,204,1217
49d694f7c166838670c3978963f6f1bafc44ef9fe9045b43615d3918d75c1668,1124,208,1332
12252c6f9b428a9e8d0948cc866c50abc03ae9674174da09203a4c04d35a1318,1356,366,1722
263e44761da6153b3ded49f0807f91e4688a82b40b84ffeb1263ffc8b2987d7f,1100,204,1304
388f5bd27787e6d63923174774e4d54d5a2757b621281db4e8e520b51a7517ac,1168,212,1380
0ae35589d56279be966ab8e49950912e63c39e047943d67d4876b35dff14909f,2210,1256,3466
d94edaadaac0a5de1cbe893af01226f80bc7bb751a875555d9d69370010488ae,997,517,1514
fd4e2bb333bc89f76b22bac055dd38ae7fb96954f96aa000d7c2a1863e67b959,1504,208,1712
af76de78f1c1c147fb8220ee46b11e3a38985ce7b9c90287fa8818759b551e2e,1393,292,1685
6135774a6e22338da49651b683b552e0d3c7377f6f207f42641144cdf9243bed,1660,427,2087
5746de20f7cc5b7ca0b776085f5945a9d56e9d43993fcc178de3d2105dcf1b1b,1743,311,2054
1966a85a615ae7de7e1a7327b22b2580a586255a790145e75f79ef5820633620,1622,311,1933
1f8e09d2bafadd2a71ffa41b530f5bbf053ea2b98ab4386c4464264d209e0f2e,931,205,1136
edca6b0d1e7f12035b5c8852c7b1387ce61823acfab128df75fdd24513c1e29c,1375,204,1579
e49994c49ab8f8b3e74c79863d82ae01bd6749805682a9783874b06e094c0be3,1099,451,1550
28757f242f89573aa8287d89862c2e23acdb3d8c0533448ca82062ae6ebdcd61,1046,205,1251
93a218e78c360735861d45870a1f4ff13e2bb7a2e45e5bd2af434690ff38e2e7,901,211,1112
533cd803c17f83b8c16d211293aaaeab90194f36bae7d49bbe73a09226f6acfe,1117,205,1322
938b6d0997382c862396304ee333396c6e62d626806064058f26ca4fcedd7a00,2346,1665,4011
41d45585d3d5f0218085950f4845f7aba6c41e66650c64046a7fa568c135d01e,1186,652,1838
def005208752c1134bcaf8550629d9094540537ce4ae29a0cb7903ca18688577,2296,856,3152
aad0241533015208393f04651abb0ad47bace14d5e511af9cbb7b2fa8b256777,889,210,1099
e4aae672266f94bbbd5e2e3b4ba23e4394341296352552e5ea5fabb3ec03d3c0,1124,205,1329
d75880a6872a4e6119ca03a0b79a4193b8dcbb51395138ad4a528d4b7b24230b,1360,202,1562
2b61d81bc5436aa0c555a7cda86d9f5398783bfb122de3e0b01efeb5d79c2a01,1361,210,1571
321840997b5f6482d031d15e170ba9cf33bb383d906da6d2f894d389516b84f8,1813,543,2356
de811b43354a067a7aa2792810ec07e5f2719d130dab611b7d781f73f52146f5,1446,209,1655
d0d0ca88a40d34a1788d66c744d4af043195d4b025fc57a1bd74c01efef658e2,1140,208,1348
7335989dd12f7ca899db7d69ed4b472e6c8f76278a776e6de93b6def19ecad64,1133,204,1337
622513650365796e9a7c4d4473b0aa25e2cea7520414de3bef07a64558a9add4,1019,210,1229
3096b1939c15fa376a7bfa3c600ea35db13d11aaaddd8f7ef5d27b5d7f939af6,1772,661,2433
dbaf681229337602eda43f2d9856aca7c4db533c7ca7d9f437345dea36aa1c56,2324,1001,3325
ed5bfa056204710cf3f48110108661a2c7ea350d42865d8a9f5524287b4d6e6e,1128,206,1334
3f7e8ffdf5e5752d0cde1a53006c4df25ff7dd09c6dd87b548a22cde17d204cd,1881,312,2193
3cfe0c0524b6a665e744b036a19f8ef1cdb5afc3a0fde64c60925481a9334384,1003,373,1376
06d80a302354c5c08f0d50e1f8fc6056ce6cb68c6e361994317a62996876dbb7,2318,661,2979
f9f4eeb7e370d3a6fde7b1891c8a6406ededb8de8767a06c8b80cd52c36238c2,1037,214,1251
e0a684b42168c226bf3de9490674feffde6be8f4483a235134e20afc2e021d91,2250,1283,3533
4a7c13ac1490f584b6c9536971c6385b86c0ea7a4f5adc9efa25cddc6c256a8a,1267,302,1569
8eab05295a5a5bc08775953603249e571db015971bf681e294da1fab421f37a2,1256,724,1980
ba814305df353fb19065e862ecd4bd69af3b7bc6cf2be8da48208aec064787a8,1335,210,1545
3b087a5359c5bade7afda97e8a832ef8a7c95b0b7b78e95986223e1c661458c8,1388,284,1672
eda36a527ea432e4b0a0bc0acba101a19c7713dcb1916ca81ead913b7f3d7bb0,922,202,1124
67f64570b1e8d5283888d30091eabb9bbb0f926eccac7b220b5b26ff04cba225,1023,211,1234
31d2a625fd438c6e6b7f8f4487c6517b2e1e037715accdfa881456d908a57158,1058,215,1273
cb798f9ae256d150be7a26fd5cc013f06431d4421eabd4a7350763fccb65c92d,1124,204,1328
3ceb66bc1d25c55673045431c8a4d4eecab0651639ca4cfe8edc4c6869ad8ff2,2193,600,2793
90282c3dea6b1d302075ba3615d6583f8468471798122c9f75c3b7d63eac88f2,2242,326,2568
274ee9137d24cc7f6731b772817af20dbaae621bc6a7737648d81c4709f0b6ac,1419,263,1682
3be4d2adc3514383bf6e27ab68593063c0f281207e4b8fec016f5b270ddb07ea,1261,299,1560
6322c63e45cf668fde3fbc3f238f6f69fb448e2c612477cc046a141b7fa74aba,1966,1250,3216
6ef497b1f5bb5d086be60124e660a0305d3b5d8f209ec26a21d4c2f8af517497,1140,212,1352
e7f237cb393234fb3c20722a2dd823ed842dfe0dfc995872c2af8ede07481778,1121,219,1340
1c82d29c37a271601c540e81e0746cb39b069f89ffa9dc5cfb4a6e40f0e31266,990,212,1202
fdd63af485aae6694287fa51976003369078db802d513ec65c2323ceca9e1ed8,1769,315,2084
237eab73008be2b16041a6eea007b0e150f9e964ae58cf2c85b4cb922b5f3a0c,1264,214,1478
28dc49b2d95919291209705d6852d1cc8545a55bd654f06ac13f1e9ae50a6330,1355,359,1714
beecbaeaefa4f30f473f8c33b0134645c110e0b55e77f2f96dafaaf315b0d72e,1824,547,2371
2010432b0ca8b68c9fb6895f30a5a8216d7d947ca87c97e6aabed8a81472ab96,1038,216,1254
ed92e22b3839970a15e2532d67603fe8fc3f4b76fc949880e1cdc6b1a60f81ec,1342,617,1959
79e598b40f0f53d8af340c08a44c631e8a3b857c51ccce0c6c52ef85d2eed160,974,322,1296
578d1a61fb809cecf18d30866fefccc6f4cb9c31e8da812a5f6de47807acec32,988,201,1189
560885c87a8956ccbac0f4014ceb16ed2cd4dd269df3779e3d1131c7dbd4ab29,1154,204,1358
7f60bf34624904be7192319a32fcac76fa1708f280647ce1af876e806c8c7cc8,1430,213,1643
7d90ac669a3939de6ea05441947cbe7217e7f101934b2f6dca8f20183306065a,1676,315,1991
5699fb8ba155d88d1aebb463c0ed4366f805285f31d680fb83f585610a081b29,1274,214,1488
f012b9eced58db431148d2ac4f1ed68f8d8af7ae9d6bfa1ee5c084d2eb77140e,1311,223,1534
d80685a237e7d5a7c4cf8e1dd68a51a0e0e9323b4b29515a393b0a390f6668d5,2335,1105,3440
64503a36fba66400c1aef3e22ef4f17b7230b38c7474140beb6614879c1b7ffc,921,208,1129
688a8abdc5115c61e82ce2882bd2256ccd5bff1ba8fdea530fd5477f23e84ac4,966,211,1177
b34b1fc602da4b334c1afea90f2b3448ebe566e6429b785ae8ae3e6d917a3de8,1079,363,1442
4e3daaf6dec2efc9754394d5231164d38ffb61d00b5dc2eeeb76cd29b7c999bf,1624,426,2050
4dd865e188ab57ecea61f07827f659ff56c143090e3b04de4d81e2c59fee4bbd,1326,208,1534
802deacd55a6c1809d0473ce7d054c468bb1e6cc33980ab67e90063cb9847534,948,214,1162
9684ee962b659428b292cb07ffb44c59398565f5a214296ae66c2308b3ac9195,1614,366,1980
bb0bd6d3378350b6481683f73da669256591e0fff39807eb0c61732680552df4,1005,207,1212
083a708aed5f20faa61382c37521408d868c64164ae1aef58a7cd2ef22981839,1494,522,2016
029c77d8bf1770702125106172e93a7fd597da28613b8cfa05fefa6d2f0b1617,1124,206,1330
129905a5af880d8303bf1b61a4efb14cfa451df07605f420e1a0f89b2a08e10b,1273,360,1633
9d06a95f50e30f19bf21b1725de2e7732859b7b9e56f76abf3e141a70a984f5d,1393,250,1643
6deff78a8ddf8733549f1880c8e92d98df5d1f4ba29effbd7ad5dd4002c756c9,1135,297,1432
56bc3eabdc5a1b97b32c2d2eb1e5b26b44142664162460187da4aa965c3727e9,1571,538,2109
86a8d83412195cccf9727bd47bdd21d29c9b4602b8990a84a73f345c254cd667,1193,211,1404
fdee3bf0210460d7180b4d8fb6a768809b1c39ee9d3893443bbf7fad0ee4b847,1008,280,1288
11fe8188d1d15a235e57c7a2dfc6a1b77967e6a26ebcc73ebe89d760e89d3232,1803,538,2341
ed3fea64abb2416ab3cc6478f5113e72eaddb65ca53e61c1c35e13053fc1d328,2261,1105,3366
dac522b000711ded713075f9a7fa0de5dfee4738dbf350effdc2dd9a58a85211,1326,216,1542
e09d615f80a440e602e144b102abf598d868abd214b4b4f70b9fa49e19f3bbff,1057,211,1268
3b47fad8c85456b0bfa8b2c2706e97d21237796095eb6186d8304eb59a2c3c6a,2233,1097,3330
21c9dfb13f6bfaba1b12fcd3e5b77f3cfc0e1878d3ae658673c613bccf1df662,1321,133,1454
cf829534dadc2a0f62a9bec605f48334bbe5bda985dd16d907046ba429186ff5,1636,321,1957
a4c9074e8deae583fcb0716e238fac220a9a928f47bca9320a006dc222b57eb1,2135,494,2629
86ef842ed4a8673ffe0d15b658400b7c8fa5c9afe6b345008d0ca21f7034e8ed,981,204,1185
a00b0753658ba872434bb2963682abd311d9dc306e8e496efb4768725e48dcb9,967,286,1253
0dfafb7b49f7b6336a5d9971ae02fb9a13fee6e04d4d648b8661d3cccf904a06,895,210,1105
f263ee688ab02fd5b1aa3aa1b0e41196c30f326714f2fabb99d9703436f4eb8b,2179,1267,3446
3438f4b65c6e49fa133171159a0b8961b2932b004b66ed01e5c3af1e3d65692d,1514,532,2046
0d26525d7f8b8793fabd82d4c7c758b31e672e067600df585c82c3bdf219d1d2,1819,684,2503
0c7f7d76792d2694718d99f601043c4faec2c8d2c6dd54c8e346d3522cf1a8c4,963,212,1175
1b6e2a0adcd8df3d2b7493cb2d9a9374e50955bff6ddb0614f9280f94a15670b,1028,216,1244
4681be645dc17b30e9f4ce77873a7b77aa9262297c658965b4a88aa911fad14e,2171,542,2713
8ab1277231aeda71f319774fa3d9f4e3c1d13c05ae11a206ae41499f70847aa7,1190,209,1399
f09ea888310a66b21fc2b1afcda93b725dd1fa06f91ca030348c02bd487819d7,946,205,1151
ceb5c5574d66e5aea84c6b5b0dac74929359cc4d23deeaebbd2b60061408c7df,919,210,1129
8c305e986c72bafabbeb499a6bcbffd2766c5b753f2391c91fec2899ccf8effa,1710,772,2482
24852e1cf0f0cecb8abb3a56573c7fc8cd5761eeaf315b7205ea103d3636a38f,1295,294,1589
70f8ff780ef0bfeb24f3f7845b6c55ebf2d88c611806110ae64e15e300d8bb6c,2349,446,2795
1d5ebaf84db990c4dc188625377142ddf9fd54491d7f654f48f919342fe145f5,1014,280,1294
7806185ef4ac20657df86dd6e9253539603b60c61d307802b6cb84e4e74989d3,1503,369,1872
f1e9e4e69cd533ce59a42220192bbd5c6241503c45d0e40fe1b482af4bd14262,925,215,1140
2e24d5f941222418e0a9bc186bfa99992bcc9b68e8cd4b130455efacd94d095a,1097,211,1308
fca43947bf9348e7314ff4956a15c245a6ce2d330ad3b245195a7b66e051075f,1103,200,1303
bd48c2e3840e4a666ad8e42dce0d9a9af80fb8b06a5a31766f2bc5cae585dc8e,1294,214,1508
3c58f3719638a4b9887680ff0be200f5d381cf19da4ef3a51a0afa9d5c83c6d4,1590,364,1954
3a3bdeaf1c7a568447161b839a38f90bb1ab6f955f999379ffef810cd4875c10,1034,210,1244
4756672b34346f5a08c9fc350866027bcb7d679524f52d5896d78b3519d2b572,1125,214,1339
0b0af9c803cac905e9e9442d36e3d21e32f79cc7073fb05259562f75d6d6ce9a,1133,218,1351
88aa4400e5c6dab57bb723bac8239fb70dfad3a2719c734048f4a095d97ce815,1124,206,1330
60335aac5fc1875f3caff6900d3bfeac176d300ba17dd5111fa825b6b21be013,968,208,1176
dc8b1730f91dc828fe83ae59136d058ec13b7281b4eb5b8a46a1cba804d6ff56,880,214,1094
9c98577a86b604e1149ddb8ca07d39f7cedd5234197edee069911b6c406c1853,2223,893,3116
6d43b1fd78b7edd3f98df19d40f7dc073f4d830d617ed8c1af18975f3f22f304,928,201,1129
0c0c773cd057aadffb80850c1776eb675afdd1e793d24515e627285a07aae4dc,1153,210,1363
45af484ab6d76614ef825275e7265afe2c5ef5f5a9e434467404da2c83d23d81,2267,502,2769
a98c7d0eaa18544055f6735fcb6dd3554ef8afba833d5781c536204df3c766c5,1011,210,1221
546e53e1393442c45600969def938a67604b688bcd5f91c9821e991bf57231d7,1154,205,1359
892f1a3e52b3c257abd257a46026cc6722f942418f7707dc68a6305c181132c0,1289,448,1737
fbfce59745b5ff8ed38d4a358ec3d35fad2765629778bda86ef271c9f9fbe6d7,1028,139,1167
c8bc919d9cb3a1459600a949f15d4f36c4529834f296032205ee6f781dbce64b,2129,545,2674
3abb29d0cddc0ab66a1f9c7ffab27bcd5b026a9f668f5cdd085e566c258954dc,1065,215,1280
bf4ce4c0553aa9c459d99da8211eca4c39bf09f606023abc851c12f08172ba22,1599,356,1955
1257fd2dfe3f32ca583d747ccc9351ec9b8904f62718f217eee714fccfaea0d1,1575,689,2264
0b22511dfe76a7304529a08795376ab57eaf8f28c2a88cce761c6adc9a05399e,1118,205,1323
2be3df9f364539b58c1b24ec77829e0c9da00ab8dfe48467ad62de33c6c187fa,1430,289,1719
23149e0c3f911bfa9c6a6d336d5f6ab9b6bd871107929cf339ffc9564e91e618,1150,216,1366
fe0784135e35299ac97d4097122bfd8d746954898feca36d608671cde2ac84f4,1386,549,1935
7a4d626ffc45a38db2842d99e822077a0fb2c8e50bade729fe79ec4918211a41,1097,537,1634
69a5b3e15791f2b0837a5ea824ab6bd793d47bcd7e8077186b087cb10167729e,1682,763,2445
8d3a7ba9d8baffdb271dbd2f031dc7e489082f7dedc4f64597f5e5df7390d02d,1238,210,1448
deac53912456a6dd33301b80c9f62683101446e3545e21d71cd13cee8c9e675e,998,209,1207
4716484dba3744e5a9d36315b97b7f79486f3e4a429d8de4d6b2ed4d49c21551,1193,211,1404
2e8cfd2d6e6eab34fca1351ed24632113703f8269e4e87492933fb61863bcfaf,1033,209,1242
6cdf1a8e7dbf2ca1313d2a90916bc0c08a9cdabe4473608390bcdfd51cf83855,1537,208,1745
c678c7c64ff15ae511f2e8cf3f8b26eee4f2b6b984c29c5ca02edf932aa31208,1110,201,1311
5c536e8b5b7591bc30d4d07c5ba924d9d63dcca6a9fcdf0024912970b1c60c56,1096,214,1310
3f3d68c641b3690590a3ccb2c7640ea0dd7debca86197f2748d7a9a57ba93901,1124,206,1330
d8498afa65a0bc4f6b7fc91a1c08795a0aaeced04e27f425865ff30c7dda1325,903,214,1117
b70a7c31b5d428a67ae1e861720a0a868be54dd5d549c103da73d67daffbff6f,1480,205,1685
a6e5e553a5c266f656b4dc4fde7d96a05260b4fdd52401056b803948b10d90e9,973,217,1190
7d6641de1c1c60c2c76decbe3fa9a854f087a3e970df519adac0ce19c4ab022e,2196,1083,3279
9f1fa40653034eea8135d2dcd784a6632e4f1e830a031014a4f6a66f12f5a4ee,1079,214,1293
c0d7c45ac248573f30078472f449880d6647375e1adc2abb443cbca5029f0dc6,1024,210,1234
83fef2d5eb6a0a1da365443421575574e7201b99f77967b36901f7cf56e40176,1365,1014,2379
dd5cc694b32f4b92d1b301e67cfd1c5f945dd35a6a43d1ce22682549be78ef1c,1126,247,1373
79bd73a3f66d6e81ba96372aab2a4a0f73204fd68b842baabb1a6b10e813d37e,1002,218,1220
57f283e3df6477ecb8b2d3771d42b439378019aaf219f47c21cecd63b48246db,1251,209,1460
8f200da5c1bcdf8d345457fb8a2089a7978a0072d7c1407b1a3887e141de7b8c,1124,206,1330
0217668d19489352e7db37c1af82803fb1e38841d7e79b31fdebdb3918cd57b9,2339,1237,3576
6f91f300b8f430566fc39f48448f1364c4bfb8d95b0feccdd01123ca807feabb,1300,365,1665
a036b6e6c2430fd3c89c5d434a9ab1b061d96e311673e4db80c339894fb2a392,2203,1007,3210
cb1baed4104164b9951edd69ad3d8b590ad6c5e364cd659d999d7923f7d19293,1706,808,2514
5427eec38ad819f4891b252a804fabee52e9b375443d5959a2c060174d6bf704,1733,422,2155
998c51c42a7948246928f747f277944b3b9830222edeecf2de4a8f959668cd33,1360,210,1570
4b320eafee9bd53858fae6dc246935100c7ff24bc30530cd69ca9b490a2bc5ff,999,208,1207
e27bd359f7c1e59893c50c65e1c603c81500d46b522029e95fbf64bc6b8144aa,1013,206,1219
319b290b484368e400d7e260a8ade4605bccb3e67e5facd9be827e505e30b46b,1132,207,1339
bb28fb1e8f36caffab358203bccd4ee10b43c4007fa59843deca9d63ea6ec309,936,201,1137
fea20079631832cdd8a355c0ec9a8998f924b12406cbf45dfe9d9f2d1d46b247,1465,203,1668
1005bcd94a87c5bcebd84a30f056b278abcf3c569027a7c3a34186e3d354f643,1177,276,1453
007ddef6d969a8fdda7bbeee3088cd6e9cc9ba35ab65dbcee04a4b1c300f4157,1237,208,1445
62b2dfa94ef05f1f263f8932b3decf6b5db1a444c2f6a644e3ce51bca64cd4ab,1020,207,1227
dd7e1c728fc6d8d0f255a8b1c986964568b8d3197455c8f2558ad3ba99f16b02,1166,211,1377
16f36f29587b143914b0b7332cb9d05048650a2df88f54088e330e7623a6968b,1150,424,1574
9d9bf6af3ded2391a55332c16fb84c01f5ea0154660589644fd0bfe73f4d7a26,2012,1151,3163
ee1aea365f488be9906d21e34cafe5f967e65c62f82879e2c212e77574194abe,949,209,1158
a42b1352aaaffb0f6e1eb7a929bd623a3848032fb15a6ec4477c26c100f622d2,1178,518,1696
22539895f43b8d3aa509212dc824b45c87ac0db13595ee5b7648655d9cebc5ec,1476,365,1841
810bc80b47666709822a27768c6c2036da69924fbf8969ff5fdb204e0c89b703,1373,459,1832
f1b06ff7a9c63925dea5f33bb3ba5ab8073e81432f7321fbed33b213ad8f5f2c,1221,211,1432
d2dcf2021d92656eb3ee377d59fea5f662f7f74144da8a4bd2ccf84b5075bb5e,921,298,1219
f29b0d64be20f2a99df7589e7d9c021954467fadbc57d6794130a9873b1789cb,1527,208,1735
ed97889b65cfd5617d9828dfaecf67e761ef9a0bdfbe7d7c5b0361e72407892a,893,212,1105
cdea530d6e0d70b306d91e5c5741b22eea92f40d96e34277e88d75ec21d082bc,1027,207,1234
568940a68022e388a389953e97b7651f2094732b1b5552b9ec6122d4b3c7f62f,1096,315,1411
3bfb15b5b8f88d49993d646b78419caed8f2fcfeb885ad82931bd5fdedbbf7e4,1394,207,1601
807e817cf174c13901db02bc5271046925b9cd2f1dc57229ece511925c080daa,1200,210,1410
24e891faaadd7960ea7c0d73c8e0b12cd626ffd575a239a79222d97e4beaf05a,2006,1297,3303
3d3d5386c38a87562fe5bb52c118f4b13b010ddcdf0498bb2ef7a4b9c231e864,1138,318,1456
241486560deee3ed015aaab65f2cb857b9cc1d17ae1681bc430dfa2c82ee4130,1124,205,1329
83947cfb21991adb76ac0630b53d2ac67a6964c79a23007975784e4018d742fe,1996,1119,3115
b1b8cda8a0131e4eab7fd409586d6d06c0039b835f1b655d36cabdd101cdc161,1354,444,1798
bc35d948d529dfb9a20d7a80b106912b45446b7bbb9036daf962f791a9073a3c,1512,617,2129
bbbbb55003057e765db558363fc515292a6ddbf8d6ab5e154b4e1f2f5d505f15,1377,209,1586
823d8859125323db24ba79de56d4851a1ae6f55e2bfe7cf820d7c50eccf52ae3,990,358,1348
9481a229ac7a43539656445c9d38d03c74f4aa86d13c93c3279f3bd9272b8cee,1697,547,2244
7a353b45a94b481331d7681136020b20af35d6d30b03ed5b747da70f2cf7c62a,1197,242,1439
e09b89da4dde7faeec89d170458603699eb6e5fd4b8498005d427c5c20df6271,1832,429,2261
2d16ab932f398d71a7a1bfc5b59b50b9de913917c5c8476a917d8f49a639f233,1255,207,1462
94664d8e7c0d70e941045d4e81a294cff4886ff27a7b57d911206b66bc42c40d,974,211,1185
6686e0dac68fdbee7d46a0aa5b82b8ca5709598a9896625890b5b470937f9dfd,1424,524,1948
dee18f509e0318c825af4777ff1658f1111f082162f74464eef278e13e89c3f3,2246,1111,3357
edafce38334c7a425e0330278b9446df0e366397ea498756bad7c97712f41c51,1396,626,2022
84783a0e4b36294864f14ac87eaa7f7e5ffb2156bd2113e206092049b5ec40e6,2205,1135,3340
b5b9417a6b2d01a6fcad4fa10b9d27939cc6026693326cfdbe53fd141d7c736a,1083,292,1375
3932fada894a56a97b251a383874697249dfd26bba0830382b67a06780d7c7e9,1290,248,1538
ce277f25ec18ba9da5a98cde83f794afa0fc3d7624227c18940ebfb27736f7ef,1826,324,2150
ca64e697b69e542edd11fe55c24155ae679fb01de0047bb11eefb6888cb5c6bf,1572,541,2113
b80c3b043c3242a51d88d9c9ccd5b17ebd114af478b4c3a7cf20ae153e39f0c6,1232,207,1439
6890950f6b01d9db7e4debb500bd0ad6e974a2f64a00381dead3ba8f9ccb6927,1043,211,1254
4210f9387f9deeaab6e6b65d95166f266d8643425aba95af0672e4da4b19076a,935,201,1136
cc97c51b54f692eaa8f2a15d2f428319ca1b3c97db14b7843cc4352abb2f8244,2232,1464,3696
8d12ceb943aa0937db045459c368946142f34eef44bf03b7dc27a95b36289b8b,1164,213,1377
a339fcece3a19c933d6edfeb3e2b7cbebe713f9fafe0b8473efdafde2644b5cf,1121,303,1424
068f3dd75d470f8bc72c5b167b137c020b2edc0588641a8171cb906b0ff9a023,1107,205,1312
3f2e3620089b5bc434be6747ea7dbcab3fbae889a5f4c88e94174862ca93b8da,1473,216,1689
98ec8b2ea4c6e274aa56fb83681b7b719acae72b5727599b4986928e4fdb3dc5,1024,288,1312
3cec95198f0a2457f41b598e98f02afbc6326e32e1d0438ee71bd7ddaf81752d,1028,205,1233
36b2c1e1d3922bf4515ea8df9e8f39ec541dfa2a5fcb02ba9a4220bf426d38f9,974,211,1185
466a097c9cf257d4f66ab8b6a249381f83e059a105b5d1298196c2e173c01ecc,927,371,1298
a4ff462acf0610810f94e8988ff9da287539180e3b907e49f7a375af55d48fb0,1242,287,1529
f8414ed1348262ef8fd07bc2d8e8b496c6ef366df3107068352549d6fd5ec361,1124,206,1330
b63cf739c526707b68f67ad49ecb056e8de60c61cdd7034cda4206b3d8c1c220,2048,329,2377
666b51af98e8a7d20783a651cf1a44e6542ccadac339a3ddb1b8aaae0067e776,1150,319,1469
6476a16b90955ce9d0c2497d954a25186dd709a7f333b5ad9179cd510ef858dc,1835,652,2487
eec644918c8f85b74fc04e3ad8884128a1c21a749065f9a852b72b6d30b58a2e,896,215,1111
01bffe0f774e5b3570058985190a157f5a8ed28fc8ae66e7d17fa164b9eb8ec9,2120,687,2807
978103468dbe2d6212a5ca6a7845e7804a130cddefe2dce9feaf8e45a363e988,925,130,1055
c73427719a2c17ee576b7a8f0bb42f8e6fbb7638676e65c35802d5341b3880a0,1006,201,1207
2a3522f283ca072b991ab855a5827450d02f8ab04d6460b3bfe642f1f86c5b7c,1204,310,1514
aad464065b5069369f93aa945a3913daf16c66f4e08450bdf84573ec27d23498,1678,436,2114
e14f415aad17128b682e6fd29f95b7a1db6075b70ab06dfb7a33a13402981597,1805,538,2343
7f964f9deb316adbb274e8c210abeefc2426dfe1fd8c6d498563388f8e25b553,2080,429,2509
7ef7d88260521d35e509aea484323bfae115dca6e8cc13376595b0aaa2bb781c,1613,211,1824
8e5a6b551fdacb099f4680848aa1cf3ed0453e8f0d600abb51a6d72c48b04122,992,217,1209
139b323e14c8992c18cf11d2a91ba819b319607fdfd191185587802f5b962812,1656,537,2193
a5096b01d131215b5fb8062bba122df1bbf63d60eceb9ade4442e3979009c4e4,1384,999,2383
a88d0a366615d452e22ca0bef7546cde5b847847d1dcf743ef5d758fc3fcc61e,1377,219,1596
0567686fabde9ead19f4ccda067ab60efeb629f487605e09f3f63caaaf24a01f,951,210,1161
a2b08516c725492ccb2dcf32627d4fe499c3cdd4d0aa12270a6a5a10622ee72d,1113,208,1321
4c6c259c634d2a28d5e5e858708fc17f1b182d3381d628df50774c5690e25b7e,2194,812,3006
820afceee73a7b6973236dfdca312cdc5982c10cf4009360a05273c31ab07b72,1202,216,1418
a7dadf4e8d23b807215f0fbd2603eaa3c418fbc7c2d9d55f285b57952612aa6a,1115,208,1323
f463d08f963f7356128fb1a19068b8660e37fc576d40f16e6b76657cd88f7c0b,1968,315,2283
003650a688eed372cabe9e11df81ea7056f0f514a573fb0df5ecc05c48f9da75,1115,216,1331
5f10f72a3f5055e706a4ee679dcc4a96202b139a258fb5244ba2a481b04be648,1834,316,2150
04ec5e17eb4416c0e0a87ff009caf9059a1974d216ac3b153c58ae2ee46d5c1d,1000,202,1202
5d2022c16b80f8e49abacc6f3a5fc7e6f0b1492de0d0cb4e6be832cbf2ed4e78,1034,205,1239
2484ae0646f11b390f422015f9ae19f03eceebfa2f82a930305f37687168a795,1086,208,1294
07a4a0a0971d10ef912339883b3ba1ee79e421c8a955ab7da1cd33039fc42d3f,1137,206,1343
6abbf23b0a69ec5e2f0cc4cc32e588c844fa0e68631b2810c7c3e7ffbd725f6f,1658,316,1974
114338f5b0ed4b213e18ba7f61656b1bd8afdf5ffd7159dc862b9f2c85947842,993,283,1276
71497ae9acd2942429041f32ef363b2993731a0cec963113d2b87ec213232942,1067,204,1271
9001fbe4e2527eb142325af8da36d45f3b9562a17f7fe4b6cf3b556bf480a5c5,1431,364,1795
51241d4526f4f61f3ea6474e715e3f34341d112bdf15a34bb7906e8b4ddf4f1e,1112,205,1317
dedaa3396f9bcdfd4061b264e6d1c377bec4a302fabb2325d91a41a32639a9e1,1024,210,1234
9464268e92495387cb32d9a3c17a26b44a0a4bbb63b7c32ee95a64da6ecd11ef,1796,952,2748
247f399e674d9acaed07aefa77874d1c29a3b140670ba53bd4eb09df06fe53ab,2240,937,3177
abf21d8e33e041342543d4142b6944fcd1f1f8ddf4289dc01b1ecade38d6c576,1117,204,1321
76c72a6afdbfe1314f2ec71ac7e4a61321e47c02b5f4dbc1aa19c2e6a6780975,1394,205,1599
2a791552d264bdf272188e66e4fc7a2630d5bbed00a6cce24436c2440e29de44,1249,204,1453
122d86f46afd4dd5ad048ea5083a9b2ccf0a276f43bc07ac04ecd68af544881a,999,205,1204
d643d5982cc1a8efc7070bc42d79df192e4c6788b4f779754aa32cd6abd2d470,1217,284,1501
95974f4d0850b81ff1c72ee9010c210a15effda7fdb6f72fde073577598c065e,1108,286,1394
85d5ca485e2da169a45b161111611df4c3a31e7534dcd657bad5cc97c7b687c7,1018,451,1469
29dda0d3bdc94f42042c083a0868083f5c92f293eb4dc09a855caad24b32e4fc,1514,211,1725
11cb5f0a748b449696cbf871721b46d17dc2992af502c69b9c27ed112c3debb1,1145,308,1453
44dfaa754f649d5f6900e34d5fd8ad3a7e73e9087bfb666e970156f0cd73ad0a,1544,206,1750
f5684ca8d3549cd51f8b4983a814b3f5b7b891e4e101163baab63596e93ef216,1809,551,2360
84696eb83f4e3be7d3323cbe4d9f32503a7035c6fc98b5b56e962ecdf245632d,1129,205,1334
a17310b565ca4db00720bdf371b292a625646b7f14b26fc5c48a92b1c21d762f,1124,311,1435
4c3054357b11a7fceaccd4641aa560824f461074fd9299f959d5c5d43480dd32,1139,380,1519
4982d9437b1736250427735cf3edacdca44e42eaed305e79c277a842402c1396,944,127,1071
7e73fd357a1b466cac28230725d56cffe14768fb504b6f091ff1be0825a1663d,933,205,1138
e3258c3470fd2416945588d5f2526ea5a05785843cdedda6c696aa23af74d596,1783,778,2561
2e9f1cd014820b4c1f776c98c87b34e44873c17032f81d15a54927edc40b30b2,976,204,1180
d1ffda0ed911737fa32299bd4118aae1daa2ef083647b411d7222e0e661f7b97,1338,613,1951
32e8f9c6ba8408d9fe0d1c212d8383d4b1201788039b207fc0dbd6824d2380a9,925,207,1132
0fa1d627b69800e26cfd71c51c7d7d6eff27ffc1c2a0710f4d3a66cbd8a3f11e,1881,320,2201
884a5c4d1a15a53b4e014f1bc6b67b3586cbcd46535a99f059ccfe303f6be31f,1050,204,1254
84f04416f8577853e4c5ed2c9b0e3f5572d8ec4e6ffa08d0566c5d030704a0f3,891,204,1095
c110be4aeb4440570cc3303b0afa8401411b5310778fcdba11902c7dbc96a0ef,1118,210,1328
c62f4086ad6ee36af739338bbbab477dd07d6fbce2a82c67ec13039e3ece5f64,1503,205,1708
d4a37373ff417124b5b17aca99654fea3056efc99462929c1d163add618cf5df,1137,225,1362
360cf1c9175b6d8cd2df6194002ceed84c46f26d41423308dc18eb52c4adcb0f,956,216,1172
796f28f57dd2869e69939336fd241a5897fa8d7a3616089ba596c5c4cec8ba97,919,204,1123
6844e1ee21e00f4099ed786fd1d4c04a95187bc9a3a28f67bc58bfeb6b60a347,1853,327,2180
4efa004f40cdea46a918d69beab19ae8c2d42649ff130bb7efae385a8edab503,936,288,1224
33ca8f005b37c8207ae668a0691daf9f486cc93e785106a6d22548b3af1fcd44,1122,208,1330
33fc2fcc501e8afa46e818bcca5591b9d0007f9110f8a87fee145f174bfa5855,968,208,1176
1b1aa5b7033b1b260d4b4fa0ac0e07a37f8c6658d00b86c837d37850686d17bc,943,301,1244
16123764cf1a5b20f0c43535845361409884664b1f83dfe7e979d7aa6f204f95,1391,673,2064
e1f3d8cf84c7f360a2a085565b75b622edf8cc6833d02c08155543b94c31e9bd,1210,214,1424
d9904b3879a8d68081ec3024a31f2f54a64d844bf1bffc5b87969b7b44d72a69,1023,212,1235
e0575e5ae0322b780314088d3c51204ee05d8275dbabc3957c70b942aea840f5,1124,208,1332
c4932cdd7575c0acbd75994db8747bf9b56797f99b085d4fbfd884e48d8b1db0,1056,364,1420
849014941c0b636e0dc4e1f69510a2afddac3830674ec0b88c335d78122a0b85,950,201,1151
759e42ebefe80090e4fb35c355e1d37fb145a66c34eca1569e89904281c17202,1031,358,1389
fba333712c3e6481cf39634112c7802d999e12832b305ae3f3088f662e2bd97b,1032,211,1243
bb4932c3cddf1ca35e0b4eddae11b011f99e4f53cdd4f49461365d6c0157f861,1505,210,1715
fb52590038189f2ce7a09b5c23c8eea853f3c51a830cb4ddc07260fba6f7db39,1557,210,1767
aa99981e92e079795bc7a224770469e227501447ff2cac75f3682a97ac5ce33e,1242,636,1878
12e581c151f28e7ca20a8a77cfeb583801c1c5d0742c83ebd7eaf89fda5263d0,1028,291,1319
dc9999205aedd065ffc316c68aa472918fbb484bfc39afedd9b8b5e1bdaa54f6,1222,372,1594
0af77a7cbe39d2c496350a9c70dcd4223d519e261dc7d9fa5b0e0ed6193a99ab,1068,217,1285
bf92d773b03476d3827cf8659fc8791f7d0c151cad578c4eba74ac7d54152ec4,1287,209,1496
b4894a5589aa121058e0ecb9288ad8468c6e62baf60d20e88e183562973c4f89,1038,214,1252
055ef35a75b561f782ab8f35a9473cc130a86bc98de39d81f9df0dd83b130c9f,1430,204,1634
ffe1573ee6239bc1f980e57682d4776db8bf9393268b22e41958c3a26da378ed,1116,540,1656
6bd1488bb9ec2c733e99f44aa7c22a934da295ea1e8a334db0571c35f1ecf718,1193,208,1401
71a130f3c0e41336d59a5d689f00edd533fa86167f2b460a41fb4e7b2289ce4a,1672,312,1984
8fa740c979bac76eb86a8fe86663500b95c4185d75072bf0f24d8eb8b7b3f36d,1681,312,1993
f80b773388c307a9cb3d13d914f01effc00eda1fefa584cfd5617787dbe7c4ef,961,203,1164
e1ddc1f91b7b8249884b9d1d981a68657448f2d56a62a91dec5024db55ba2600,1459,538,1997
db57d37ddfb0251f6cce4582cf40bb619741d350749168965a3b571163637464,1230,135,1365
8a52f1c7722f2607d7feb5261d534ead6c6beb22870e3f125f12e6f6799bda74,1927,539,2466
4721a40d946a6ab1817c7d17b6137d480ee7b3ba37cc32181fb48bb0a7cfb79e,965,201,1166
08c67913f57b5e6825e9508d0065b3ff9ab38bb35449491cb00116770f957225,1007,213,1220
c2a6827bfe81ba5c13ad5e008a20d5e6df10365427efd44d2abbae407c4de786,1062,332,1394
fdd928b20002a05b7fa9a588055479a3a3df80622e382b35b989d85ef8bc16ab,1258,212,1470
00d905aafa56bbafafe1cd9e2710c9492e73611e92a9c489f00a0039dd950f82,907,207,1114
c3124cf3ddc228aa4ac1119d3662c78240c8b1553bcb7374c63888e100a77c07,1756,314,2070
3d5764b36350a47c2bbb56ab38e8099bdaf123018aa9d727088e0663c9ef34ab,1246,212,1458
06771a1ce48ce8b171a93370313b47d942a73ce8695555bfff5edd955c1c60dc,1158,332,1490
59e338a67581ace4c2ae6279a9e4e4b84e2651d164cbc4fd3d2c5be6b11fd49c,984,209,1193
c78ada93782b66ed2b866d7f15c541705ca3d9453b2735b8604a550dfcc3249f,1914,786,2700
3026a9fa53c66fb01dc73f1ef6ff520bd61b76dbea11f08863891bf869b53bba,1124,205,1329
dbbd05e032bc47ed1a9739aa18fba8d16735b50dae0cc180106b18522e31fce6,963,215,1178
5ea1a03dcbf296461000f1c56b87fba279caf5357c3dab3a2a1918200083ca44,1043,394,1437
a3c3075423774df6494d7d1dce54a56aa703547e36cb341012721ea67cfae33c,1131,212,1343
063bc2880a0f0c3e808ba69a929b73b0b1a320c85c3275e26757fd4ac0bc401d,1039,213,1252
40376f664748190369750546ce082ad78c51dab8665443bcbb3e5eb93c4344a5,2304,1255,3559
bcfe680437cd42fb3a94ae5b42ccb147176251b96ae0b3a1cc4512177bae9008,2226,657,2883
88622615444f6eaa97be5e65cea36ea66842a47eb5cca11cc26ee4e2ba07e6cb,1437,204,1641
005337c93e919469673e01bb30ff2654595b805e34bbe02e0116cb1cb01e512e,1293,205,1498
7b4e08a9f6c6de8c552957ff201144696d01eb08bb812035f961042cf7d0cea2,2254,1032,3286
b4a5a5b74439223f8badcb583e5ca668c93184547a5f9dae37542148c231c71c,1340,223,1563
8a542829cb316070dec8bb1ef715f288e58685f85b5b24ae973a637d5f059d86,2266,1253,3519
1df0a9c84545f916337f96522830eb8a872592ecbb3b0f255e87e44289691b9b,1032,286,1318
c11a96d0e2d7b1d8854855737d5de43c8c16eb97420cf279662cf6e9c3f8ba92,1170,220,1390
e1938fb64cbc690c22722b076da3e5d0b9feea14f242c406abb9b3d372c1833d,1043,214,1257
366630d91cba136d1a0e5869e3f176785d2e13e0a580f0f6c1286f6fe984ea1e,1033,213,1246
a931db8da1780ff49d441312a0accdbff44a42bc626c244594240f48a01ec119,863,204,1067
c4c2263e7ac4a525ca5f6d8f62caa56f2df4faf89969420b8a32c14f0b606a0e,1101,292,1393
e2de413efbd9b31bbdf2645c78abbdd0ed7e34d6f34d2c0d928fb503e4570c10,2307,1511,3818
24771a93a17ba104ccdf93fce2d19906c815b2257795b18358bf3b0fd76decf1,1259,632,1891
e36d5f14ab2c66166d94223f0b7efff5b6b2ebc576efba8d66345cdb8d15a3a0,1026,214,1240
0d96af52dfecd1e1a9256cc207690ec10e49cd255b6d95785bb2c850e7a5e19d,894,210,1104
eb2a8d2fc41c4b95d9b241aee87ea079c1f7d6a9fbe4548f261e896fcc4efe61,872,213,1085
51f1f3a310d1a6315b8e0559492b00c495d19ba973b2bc430ebd016be8599a06,1012,200,1212
d8ce1b3d1318d076418fb474b6bc42ce7887c1d03a0f423e4d5ab55d91be9c62,905,210,1115
0464412b8e90a66e876eb0cebec27ada2eb0c503b3725e982fdc7da8541925d4,1145,314,1459
d7b57809df05a38881fb51dd747d9b27849b4b587e0c6bd07a037482eb5bf6e9,1178,377,1555
e78fe37c5554632fb2217015ba5825c1dcfc2ccfbfe37b98cb884c6b4b46cd2b,1035,210,1245
2b70b180de39c2b80d72d3a3c976cabf388e44b438a2a52bef8b50e7efd5284c,995,205,1200
364bc677efeecc51584cca57883deab3a186d2f3f5c76a07a4834c0a48427f40,927,205,1132
e9de5743a6847a7c24cb16bbb9616136e3acf3852d67b3d1bbba0e322822dbe8,1150,209,1359
37e8d3eca8595b1b718b7cfc0a67b2d29679c6ab1fb7b71e71ab62369c1ef755,1387,377,1764
3708198ca4f912217923310f75797195a0e0601d14d9861fc5b5fa1e756fbead,1082,207,1289
081524a0c06836700feec7ae9d8e33045cf331f09e8e12435f28a98303641fd2,1149,311,1460
5e1fe77bfb5dd729ceefc652a4cf28a0e6b91fab57b3e03749e4ca6c83ab5451,996,210,1206
d055555dfc7b6103e091a3ee0c68e4d35a08fd420aa1f8afda3b032e6029a4a7,1038,214,1252
fa27fbffb2db77b092396db11326606be0d53fa01cf44a373f3c6a67c56147c3,1124,206,1330
e71834ea0f1251670263243c390cacf879ccc5a12d994776905cfbe7f7edd43c,1201,318,1519
9149de6c21b7375f425d182bd01977232ce828815772269cb43ee4e2ab46b494,1267,205,1472
31b84b7e337dd1e57e92c2371423379ee61c95f8c9674e0c3656a3f34f472bb5,2247,1469,3716
591593157437b433ed8aacfb13171deb67c479b02327b9ae30356d40bc2c2fb0,1204,214,1418
32181a26b41151a9e951acd5beaa640ef88f8965db83f9ecfa3b986b999a4c73,1405,202,1607
e1ed5fa6eb4278b0bee559ddd4a79445917d19504d3cf072f7c5de6dbc9ca9e1,1202,202,1404
8cb34875b12fb435b62cdff08981abc051beac5639718960c8f4ee59c399717b,1023,212,1235
2e8d21c393e432a2561613ddbc82ae2f1eef5b3e4612b10173e2fa69fc1bbd18,1034,204,1238
ee3991797fe1319a7948295712e60f6980ac7c523381f64f6fa83df1a0c59eb2,1226,213,1439
e2765c0f5340c3bb852f2d19bc4d6ea231dd9e5018204e1d8f1d8d4a3bc76c11,1361,207,1568
3f41d33aecdd1c3e30c9e6a798c4526043c9cf278189c347137c31458870cf71,1483,291,1774
8505078a946bd4ab0ad14f832ab7a05a592bb71ccf9c1314db1c960358d726d7,1233,257,1490
7848f8e2b1ba4019f0c522cac7cc6a90126ca623c43068318c0a2fd8986c023e,1142,673,1815
d107e52651f05abbf3b98a07156cdf566dc81f4cdf12747f5b63aaca8bd65f8f,1046,204,1250
ed3596a2571237b9261762ba99831fb87d5bacd578e2adc09e612d3a6a99c3ff,1291,205,1496
a944f202625df39b6ae58f38f669903edbde220f8fed42ce084356b951f3d1f0,896,299,1195
0586912c0208ef5887a7871ddc100d80bb87b867a46f175b2f7faec164fdd716,1272,210,1482
94524b9a391ffa557b0d11d291aeda92ff53e51cd62d7cae59e3a33dcc35d359,1065,306,1371
5226be4c25b1e4b8a58a67a25b7f07aaf1a308b242ce71b75249587b0cb957b3,1560,539,2099
d3bbfc249fc43257886eca01088bb4668e709b9d1731e4bbb5d7ba01eac94e26,919,203,1122
f51618884c3f39b72a8cccf0d92d71f5c03bbf2a5f819f8522fef170219c104a,1126,213,1339
26e0339542addb4cc2a5a6d413f4541a44ec6cd9bc68c9a8567e74aab199d1d5,1199,199,1398
86eb0b9b1a47e8ad11d1ce3c6af69f75e4b428ed3c244c3e2097d09bb4ebbac1,1032,215,1247
970344a493efb9a3ea5db5946e4e5c490a288213babaa7e69a1295e1a27083a6,2081,734,2815
3b45bf86637ceb12bc70dd0a4f34ba757b19c628b608a4a99c4f801803188bd4,1168,131,1299
4789a903b7c02926fd6f55dc6a94abaabba5faaa25025079044ad679279dc11b,1011,214,1225
fd822bd644cda09fa0682d226c07a52996f912ceeb793703d82d09a54db87507,980,205,1185
04ed6d24a61c8f9ffd6f10b86b9210f954ff9ef82f75c97ad2a84639322bbf17,2296,317,2613
05332774a58621175349396f2d7733c5273355621c49b0d6756e6e811ba35731,1068,281,1349
f5da112a868f40ffe675208562e9f5ae2584b328294550922f6b8cd1e081a719,2340,894,3234
d398918c46564bb0007435c41c5869546b70405f717a22dfb72560eb24298ce7,1328,213,1541
3a21c93c0264bfa04e25f27cdced4061874cd0cc9c240325c8974b6e365574e3,915,203,1118
b597f78fbf0c4f751bb82f0b3d72f87d18d2885e63e5a42884247328bb25a202,1818,779,2597
91cfa50a8710e1e63b42fb5b0074d307fe76611f7d63e00843b8e3869ea6fc50,1255,210,1465
bf9c695815f7ba759e8d2147d647c7ffd1ef56e03d06c0ec53ef0324dbaa400c,2300,538,2838
fa6ebc3edd07e7e6f35c092bd0d9662d51fcb9e5cae8efc21420b75f46683185,1242,213,1455
10aab45cbad18d838fc43c18eff6dc2aec979702c6909672800d537d8397dddf,2162,320,2482
0ac53b65684f699928f1dc0296d38a409e01ff639f65c61a30604cf88266962a,1143,205,1348
2d0082a1b276dd7391c5c3f8e5ba0e24e35c3864be01a0037c0b9eff8b316142,1124,205,1329
594d375d8413850ea21083a2b40d1a1d48ec4d3be5ce16169661ebf96a8fdc10,1879,1198,3077
b40fe9f3c9a504d97ec6d26da3fc5dc24d28a646dc6de0e8f3f0c2d6ee6db1af,1131,599,1730
c4e0802fafd2fcd005d926f55d62c79bfb0af2a146c6a63dc4213e14eb9965aa,1162,207,1369
adad691e0194100446da67e0b3571edf43eb99a36889c5f6364a7edfafdcde3d,1494,206,1700
327072a53a485ecc218cf0ace883675e45fd6308e47f3dd5deb1787239b0815f,1066,203,1269
ed127e92e60d23866355080ba43cb81f702b535898cc029dbffec7fd08799bba,1821,323,2144
9454eb5562b53d71d27c18f15a5c4795110bb115f3b8396da2b359a2f16c799a,1280,314,1594
e6a3ad7a1237a97bf038174d616c747c103aca07e6b1e101d956282bebf2683f,1183,300,1483
a5faae42338afd2f5b7595815447eb41e5c6055256718b6ed343ae79a8591423,1862,323,2185
a20a49cde3fd4c05e7a6451320bedeedca68fcc7625100198f42c2f052e24590,2171,672,2843
4cfeac168621901c60a17081a381009e00d02ac1845e219007b2978eb1efa516,1048,203,1251
418e700ae0b0b15e9befc2dd57a6f24f7d56550a64c7062693f6f69f7bb161fe,1100,208,1308
482b709e6985f0c4a23527a1136e0bd06b5502e840440abcf4b8d14c34f3c938,1481,378,1859
3a275bf31ca9ebcd58865c4bf6ddda81aecfb7399b3d8a2d9f813f7bd59d6d2b,1124,205,1329
1cef09db26b7b9fd640a9c6ded16af30659e89954f650150b9ab5deb6702c0fb,2129,813,2942
03b0965944f32b32831c69da593567cabf147dfdf5129ffcbb05869e31ac7415,986,203,1189
5631754807f432d5b23a198af3b6501d12982d06a512e2b4408554bfadaa07e5,2284,1715,3999
0e6367f5ecec694b825b7afa2e4c7a019a10926a5d07b3616806525124ee4652,1178,373,1551
81ea070cde5864b12884f11ee2651db2f7276968a995ee83e40ea8cc6ca260db,959,209,1168
aeb6a2287e68e9b8298b168d5f5b661365283bb537f83790bf413924066d7cec,1242,438,1680
b0380d99b405beeb48b6703dfbbfac81bd127ea9d868676104cb4faa404f4cd0,973,212,1185
cf4cb78c5aaab7fc3e6a1890433b19badbc6ab153130b312a04e22b145f74777,1094,222,1316
5449437d2611244023e396a586c39b9ec146afa027c5ac07b765498827170256,990,217,1207
f1b966697649da84dafd888637052289c38f253aeafae004e2c250c9649141ca,1278,212,1490
c18552e834e24e64f898f42163d887d97aa11822f6469d59ea6776e9cbc9eb0c,1393,205,1598
8d276025ca51cb3fb9cecaef8ebb4418fabbdd8a39781ad8fbcdcb0dec7df951,2250,1053,3303
c4d69510ca1797ce96a8dbe1c87b08bf8131d59ecd5fdba7edf063a225e917aa,1213,368,1581
58801ad9a9c15ab4fbb354b05ec316b6fa1b8683eca227cc786e0804248dc711,1224,212,1436
9d8126486806c8c6ccb461eb917baff0552fe73e363823c63922bcb03be6b93c,1087,215,1302
9264c8c3b69702246432005eb7e49571f043d0770627e59285e0fdd6672af59c,2167,877,3044
3d74aa4793b8e66556887f0ca5f95b879e1b8bf02b215511ed776cdbe406294c,934,202,1136
accdb2a87f38aef67a5279c47950e9c30222226ede4e962b6e771784721eade1,1101,310,1411
039b660c24ee46ccb2b852087555111935b652ffcdf6c0d1edf291a341eeee47,1402,224,1626
36f207219f0f111425d978290401c360e31cb3355deec4d21708d2af301cc1e3,1755,1245,3000
5882f4751034d8b130424e7f493017627cf766ea1587b912b8f184c6e7600d00,2145,321,2466
65174bd37765433801e616bb18cabec0b486aed9472c31e09caeb945e1306d3d,1107,204,1311
3d12e734a7901ddb2ffd78f84458783d03ebdb10cfe5e9fd22ba88af87f6e58a,1199,208,1407
62b2c5cca4eeafeb9f24da0db390a2c7aac6779697fd9c8c8e6c06e251764c4e,2270,1665,3935
fd9618347a601164f016e897e9e2838046dd8ce9891ceaadbfac4f98267bcd1a,1172,216,1388
99dcb6867b1a2115dd1a3e32bb4ddf449833d511f571997a424204340ef34931,1029,297,1326
85aa63411cb3b738af32cc796cd885d9ccf8c04665e68a8454d3e5ce22844d69,1232,202,1434
9d10b585a909bf3446f0ebdf131a8a7900a9ee9dea673962c44dbcdd39de06b1,1620,331,1951
4a3f596b9a1788543ea9e2b7f5b427694d0cab5825ac652c7dbbcc87652adedc,986,205,1191
26c31e9d3455841bd49d23bc13dbb8db50f26237e9262e8462a5f0ba1178a91f,1792,322,2114
5d056d92e10223d7cd4aff0c851a6deb27ce89cd0eef77d173dd5a28d4ec68da,1539,201,1740
8960c070cc5da4f652fd11a613dd87a6c7534514e235387a1f20a4574f04ab07,1749,322,2071
8e490e4291822d5d6b03836d6835565bf072ff7376641fef3ad3e521b13ce990,1588,206,1794
436978e42c7afe36a4dd070d84b05ddc1115d962e7df29fa0379fcfb45d591a7,2355,1038,3393
aed7b6d2337ca00e869f92a9025b6964c02248334a2e4e9e52b16d574afe9fc8,1506,376,1882
285d367c5fab2aa4febb5fdb1951d32939a3ea5520caf449a0bfa183b2fd5d9a,1110,312,1422
4730d49700a70d246ebd98b810ca307987e6c973768229cb98a239f659e856ed,1238,215,1453
b76a97bfc96506a95370bdac43a7379f7dbf9eabdc594b43c3faaf98dfc55a03,941,293,1234
9a6673231b988056dd1d2b072415c86362c96cb827f1608de7401b6343878732,1178,314,1492
35086965f3c8abd1fa005b788ddb64b6981f599410511f97a8a895aab6745f35,1054,365,1419
cadd6ceb32ffc9440ff7e830b1d455a23eec99d897cc81ed0cbe0f4fde646b10,1276,208,1484
1c5ea52b0f85b09666df5e19f9f41e2c0a3fcd8d612d006e8b1d2f9f57fc19c7,1092,204,1296
110a6c668d5b4a29b35de7ed21bfa989513d3e968c7190ae34c306524cd5c1dc,1945,326,2271
d8752ed6f862e4da15f17179e2d1946c09a8aad19ada7944de521c59034b2195,1050,415,1465
a15cfb47627938fe9f5a1b4e94dc4c54f7bb236744ec8ed4a7cf59aef6d878df,1186,211,1397
b083d7beda06aa983182b44b2a4d2fe84353270ae04a092e9449c68d7dad274d,1243,208,1451
879caf6a037aedeee50f41507d4d08c91a2643b47321a15a3a95c06e402b803c,1855,539,2394
7d95bfe6b44882a2c0ef1f842ce10155a748fb858b8c1ee276537589a0455fa1,960,213,1173
2018be3169e9f63f9473733f5aea1f19d30f2a261a701d849e79eca64bff25cf,1222,242,1464
336593ac1b59088c77a984ab64764318368b6ec2c410018f790d521aca2c3d01,1625,462,2087
c372db7efb7c2e8315ca467d0a167881e822e255e51e1a3eb6d964987c0c435a,1197,463,1660
55c068b85694c02b09034653a120ad28cacba4b0a3e64a76ab6c056592e3d5ee,1014,207,1221
80dd72c036b7bbdf25e99d98fc38b2bf3080dc66ccf3c0f15fcb49a0177f525c,1124,205,1329
0c0396a1092295d8b120aaae3d6f217c74faaf5b5dd1989b724501091d120d2a,1405,211,1616
f8631af5dfde4e08d4c12c68905d43de5b1fa974ee67732f3d6c89cb8d437aca,2311,1026,3337
27f5547dfba174a7c710f5d82659728c481162bd9779366d919ceb9f924d637c,984,283,1267
5f017ae6ebe6a54c9b87f09acd874eed67e766bfac1b0b709d9dbb01a481eeac,980,216,1196
7b09016fda9b5c4c57da320974f08757de72344b29324451e805af93ce789497,1032,294,1326
e48ed805b25d65470cc950d9530c5d580fc53414302caddb5b4f4f666dbec60c,1808,927,2735
172a0e161f091b9e99a7f62d4b24d0498f0bce6bb56beb0bd11533ca035a5ff0,1164,373,1537
695fb1d3cf1d82ab692ce10aa30f653c68e090d75210eabe798076e88e9c23d9,1822,649,2471
33c25e335f74aea53ba0c3ec47d479b4c371be6b64931f6cfc80706655f24a87,1140,438,1578
0785544cdab891fd6700c269138f806d507f77059fae1917647d619ce4f2f43f,1383,478,1861
fd3c2c2fa4d179e98cec1873b8d9c00e9900aade3697bde96dd0ad54ddf435f8,1043,204,1247
ef8f5e04fd6fa8108adeaab4a8febbf0d48ce549f4f085d255feb3be8e31b07f,941,206,1147
dd83a47ced222ac798c2896e72382f3859a92b901147f1c6db5ef185d2a173a4,1110,217,1327
7dec33ac035ecfcfc0a1ee0183dbae4463c8b25f02b54c64006bb3e22720c07d,2241,566,2807
0c035c40b7d32a7e905aa71b166d278ecd4bca3ea5583ba070fe654a30b111b4,998,201,1199
1e100260dc0416d2f3db51f804e00f60506a37339da586041d919be64245fa8d,1178,200,1378
fcda8b57b43a6095e874ea566969347aa28cef6497d5a76f98f3266a6c79b496,1235,209,1444
015a5c7896a9e85e222c3c0914e343292a912af5083149ec2bd9422bf61d8c5a,1055,324,1379
0c779bc857f110aba5210dc903176e728e1d6266e007b2f8d5cda852d19310d6,1697,533,2230
b217f29d2473abd256fadf87e41b8c10a1464254776ffc37da9c76ee306c28f8,974,213,1187
b5a37f92547dadefe66afb4c10f4f407726bcba3aba7ba10b56d8dc2ab852432,1135,364,1499
e268942d94ab5f00c0edb5a5a0492d8f0d894c5cebc41e3869c96d39a4d94de1,1081,219,1300
62dd4f4a6ce7181c15ff21cb82031f0788ab79bcac144046e71b16950bfba5a2,1350,707,2057
eca647f89d12b1e72c43e7dc783156ed1218f0c24d452fa1c203dfb898324c7d,1046,204,1250
d49d531e96824b95254168bd0c78658275f3019f0cb8eb303fcee65ed0215cfc,1439,204,1643
06e016a26ec0e1797985841373159166d4a20a160c4ddbab7f8fdab7a350dadf,1057,203,1260
ae30afd721b059379fc246e77daa91f360a485d2eb2a3fec2150a80bc9dbf2d9,2200,1246,3446
49fe8281ee7d1db511e165223adea656f6caee6cf82e7d308747651fc22e291a,1510,363,1873
171228936418afb317e260bd12b685fa497f5ea21b6cc71213f774b1ca2217c8,927,130,1057
1b4df939aecd967be6ec68c4269bdd91960ca235e8bb53fee453a2bfbeb8ee76,2156,774,2930
fa2803f630f7e6660da6c19299e146a72327208b87057d66c64f8bf0db0e2a9d,1047,202,1249
2a3e4798abfecd85a982ad0577055a96afac20bb21785f6879b9d0f096254776,1281,217,1498
4bb9f2b62830da5b85f9bb0f4f646c1dd330b03fd5b95521c95d2a50508f1905,1445,208,1653
1d019ce63fa29272e467323cf15a9e29d9fd2175606d65414a794e6ae69a85e5,1358,214,1572
5fc458e92fbc7adc323b810395ab734b6877894b2f977ad7fb3d59457b60e5a9,1329,204,1533
cd271d99bae01295be35a082f47997a3a2133bd81c7618005198f955d176bc7e,1501,214,1715
699ac898ec959b8216ea179148836df922b5ebce9fde99d7d4969a047e59737f,1881,317,2198
c344cc1c09927cc14f6d143604b62783783a07953d502fad5e8cccb23930fa70,1446,218,1664
74051a5296807f9acd3b20333805349b1005176034704fd739e110882488bb10,1327,214,1541
70b5772dc61d268901a1f3e15d393a84d613ad396f015656f0a4018ec1010bc6,1352,246,1598
946fe8383f1de27babd9d628dc0ec8632622d3f5c94cb1310fd557be86e50f75,1645,321,1966
b2cf935fa6a83e5a93e878b27b7b8bbd67686ba4e0df4f291c4ef4fe33bdd654,1514,204,1718
21042492f64c01343b52daa27c27f0ceb8f9c17d4026dcebe898290e4ff22588,1666,312,1978
e4e53b9eb83da5040012f321770935517a32f9e0b21a7f768a4f9704a528fc64,961,217,1178
6ae94e27a3cb374cfee8e8a0ffdbc39677ad27aedb7d599e3d8de5ba2e4228a7,1093,206,1299
c1ea5af17aa893ce38080e07d41ed2deffedde3b375db7d5749746a493a61077,1844,586,2430
ae6f35730a6815764f18c2c20ccb05eb36693a171840a3f22c50d29ee94f63cb,2233,1059,3292
35b468e7087f3c56434f6bb43a48b3e128228dac5aed1b31b8c8426e0da02385,1172,130,1302
338d9aa44e8cb834cde96bfb5067a25c86d928fb43f26b4dc1f212b07dbd00c7,1586,205,1791
d1c96f77a6115044e385310067c7f7d8cc1a1d2b38f92bf0dd63dc5f21648f42,1145,206,1351
ea54875fd5274f52804b981aa6837392cbef3a4160e46d4d1c9ec235d67de9ea,1291,205,1496
eefa52fcf7acddd75b6254db629c5e415cb8ecd1b6c8afb4e66e3294a0682423,2040,544,2584
42c342939ea7dc63d3c91f861f89864dd5585b7350aadc4ac5b6b4f95d4f2c8d,991,286,1277
b66398c582680d071c4306f8c178ab4ab526b1ffeb658b33105e18d2c94f9bb1,1193,313,1506
e6d16aec743569cfa7f4f8171c37fea426db08109423a350ae5ae07531fb475a,1651,1011,2662
900a17a0da4829467873e275aa74075f9c16f3afd1ce57b73b16fac605f7203f,1347,409,1756
62fb60e811bc406e06c642b5642df738c61125b10871c89dd4a1bf637932d2cd,1221,345,1566
b6497400110c4923691c08e3c6358de46d63c1c0d799ba6da5a62e454d264796,1037,212,1249
a38235f3b9b57f920570a16072375869c69cdc397819ad1eeacfb1ddf0224789,1420,209,1629
1fc0727c6c5dfbe529cb96b4cf54614dbd880fb7c33ac2a00a17224a1741f03a,1103,290,1393
ba1de3f7d13942445b72d1c93051f6b91490ef000b1959ed11c3a7543cdbc2df,925,211,1136
aa759df5ac359f72af77c3eb02d92378dd695bd7653753893f8357c6dfc2cbf8,1196,361,1557
311a4a797c6c89e8902b3dcc8197aea50ce438a0aa73c8ab24e396df176deea2,1096,369,1465
abdbf9845d29087991b08e918d6ad724975509f3d5dbc5f848ec1e7041bd19db,1520,209,1729
d9e3771d4c9db120cbde2bdf79b8ab9bc726a136b0170f454de82e16070510ba,2008,322,2330
c8e1970463ce43c6b8f6178c8589632b2bf249fb813d36af31653c8d2b4c9964,1399,207,1606
bdf81a151271a8422e724bc3b756eec002c6c11e9fcab753c642ac25f8c10dde,2175,1120,3295
0568bfbbf2b595277ffb07afaa98587bf9d9209c64a9ed5cceb95dbf393e8b2b,2274,807,3081
192d628b835585c030f8a9d8a3296497c351a93cc1fe0c49bc0fcb14a099180a,1271,249,1520
5c5667139664d6f0d7d41586a54c35f29a8589066f23295ad971fdef7dd372c8,2407,1163,3570
714a04e233aecdce169c254612d98e9f2b32e6b0f77aafeab35af2802079d2db,1119,600,1719
a3ec860fdf4efe43233676f4674a7984523aac36e441d78022872f8e11e3a399,1322,293,1615
f2cfa1dbba4198a3a1f515fc36e11b88a6edec6c334336e587a8cbbdfb30d82c,941,211,1152
45c20cda70b5f49e91ada665625009bdc82bc529e7f4167c9b76703b75153721,2110,1165,3275
d8fa8311a219612b211d77022eb1062955120e8df847e325c37d055407861fa6,1018,666,1684
7a54ca2ae05a96b7900f56c397e4e4896d0092f375840c8e1cf6b9c341836caa,1539,930,2469
f8963027f75a743b63d59bd92fd27bea91bc15a9e5fd11cb902179052698a79d,1124,205,1329
b1cf14f78b7c41065d3b2ca3c0d12ac88a6f306c7f5d29433250484eaefe40b5,2288,322,2610
f152f1979140a78d5f42210bcf762cdf7e7cc30f2bc7a321f13c0ca88f93083f,1093,216,1309
17c79251f2e001f9287e143727d1e7962793329d00222a9f4e89fe1ee97e0fe7,989,200,1189
c9d01167706aaea1e073a001c44083ce1c23711b81054d99f2f6179ddf7bd152,1316,210,1526
c6cc75e90cbeec78870f22432e12b2f9548beb07bee581a3a22b4bd38321a931,976,336,1312
c619849d8bc7ac8a7ca04beebd2151fd03a6b3e136c788ba4dd018ad2d29a1ae,1085,367,1452
e8bab5b65707f060fe8b5bec38f31ee390f594b8bc6c843f993f9dfea5409de8,1297,366,1663
abf584f5613ae9a2d53a802a2712759dabf0465832eb46329289a9fff8243cdd,1041,209,1250
d6ca7b2cc63f623a38eac45f521387df1601acb7f8ac3113eaf196ed4ae619a5,1602,212,1814
22e46bdd7b24704c74cfb5683c41fd97786b773e37aaf308fc24c885cf107767,964,219,1183
bad975b9e3f167ce61059a329690d260dc136791b7ff93674c46be49208fd396,1271,371,1642
f87f445fe6c18aa91142b9ec369b63a503a4c48f966fccb6b61c54ff3a6c11ce,2292,1016,3308
65d7ecd10bbb059a3789160479f33983e84777eb3919af4f45d737ed1fd23a5b,1157,211,1368
ab6a285dfa6f6584168ef0dc02c656945dfbb18ad9931f56692221f206a4c38e,1353,287,1640
933634c831deb081caab8bc4a222e1cb5f7e890ba6a8d1644a09032ce8e8481d,1715,539,2254
3b6faf32d70bfff12e769c7bbadce48e1cd4c0f9c9aaf9bf0707ecc1f327e6aa,1442,210,1652
2591637c75b66ac21707e220dd70a28f62ac08d4d87236c329dd4e13b8adecf4,980,217,1197
80d65b047bc79ae55c4afaabb68759cfe0f81c226d7a1f13cf1203c59504ffb2,913,213,1126
99b70225442802bf478b40e09b20fb82e8073c8060d8a1216522230178a9633f,2080,313,2393
8d9f00257fde93a880bc7f719a34ce7774d9e3e0e65ab56a0b3f28022869c9e4,1105,205,1310
842c8a8723bbf38fe60ac3b1dfa3a797380fff6dc734e4afae0e6475c3fd4794,975,213,1188
32cebeee9d2c9604e4d71881d074870222fc333631c45e54039601ee0a7b2539,1061,215,1276
727a55af32359ccb7036edee84772943a086f1febd7eef013e9d148628703b56,982,207,1189
d451c4285fee52423024917b914e9706cba210b9acdc5eb0e09562294eb4304b,1356,219,1575
28b9c6390835c1be1b7f24740ce1cfe26fb0f1dbdd1dcbde70ad510d867f64cb,957,205,1162
86fca0a12909dd21b71c4ac6b8c2780fa9a8942cc85a035ac7dd36e2b58ee598,1163,217,1380
e55c8356297d3d264dfbe7ee52ef3bc5f34eae5c5e5897e1c8beaf43d78b759f,1336,446,1782
8337ce2a00eadb841ee21fe4166b0f83f88f16d26c15002659cfaf4afdcf6120,2400,561,2961
d0d93902fdb30164e9f0dd880dd6dc9adc72ca1445ecdf1d4e17fabe30908659,1345,215,1560
9581ebb0d1b32168fef13427ab314bff48b728677ec29a4533b4dd9a16e99bc2,1293,392,1685
6d5be56fe8c271f5a78f18c3378f353396f494ac061215996795073c41546337,2564,309,2873
6cb0c807666a698e416084db7e012fe198d4ebfe780bd590dd12c67907326bab,926,213,1139
b9e46df3225c20b454039d5c85af3afbd6ecf4ecb28c15c62fc8663ba1d0fa13,1241,207,1448
29362555415a10e0d9b7403bb13f2347142e3b121711c524d76ee015ebe6f72d,1124,205,1329
6e473dba5d3e2017f244a7eb6f4c5373e83026029a291fa9a35e6f57a9b828a9,1262,361,1623
966b6037fc9ba5f2a0699ca007a68ccf80a6f8522551b1a21fc6e0e744d9f1c1,1123,204,1327
92d3868f4d511ecc627a49cd2f53b3c6bcb2013c2efc12f17ab4ae2e6d27fa8d,1688,551,2239
c43a7ccb194da5a13abf085deaad45282af8e64c619764fd855bfd689aeee676,1688,433,2121
d593bc511c9003ad0d63394dfe253c5631e8b7ecce529f95dbe8102dd08acebf,1075,210,1285
f0dfd4dd515e2e5f9a6c4ef90f265e0efe9ed45dd5add6c107127f3ee2044cd9,1242,205,1447
8600cf876bf3755b530e652be7875f789883330593b6513108e88cdba21989a4,1438,210,1648
608d70fcb5a2738b6081931a0b890dfe1538a42e0a34e9f291c995229f275a57,996,204,1200
0bbdb6e0df6c8838ecf3aacc4d453a45395a72d4cb41ea31442ef4b449f93528,981,215,1196
6add66ad39b304243d80a7b88f3a670839d7fbc85109da573e12a5924642c2a6,1165,204,1369
b1e5bb97dea2d6b5f158e4a2cf0bb84c977980b196c444f0d4550bd31cb07900,895,212,1107
c561b44872091476175d8338031be062f728596067fc8125ae6f306ecf5bbaf6,1030,294,1324
9b263437ad93f41bbf2bb22409719ee922d5e2905edaa85a5dad20544f4ebc1b,1131,457,1588
500c6b52fb048154887f78806024f2584e0e8f6534381a1b2c923fba52078310,1504,541,2045
b2e86d5ff5e6e7e3d3578bac5b819fa4341c74864a4723304638dc05d3711021,1510,214,1724
c3eea71fa8d17e96631ee05394909bb5a6dfdac5ea036b8de81c5977a7429e4e,916,208,1124
e3de32c8f378bc261f02a6d15cbf5359229ab6976c7979110f62be8285ff8ff1,2229,330,2559
df32399f977b110951b8ac8ee68074c05b0effac2b8ef0ad5ba481a8ef67627e,1072,132,1204
02ba8ab24b1ad98e2e011e1f94e4a56a499ce46eeb2c158a2418e4fdfdce8861,1348,203,1551
0cba3734a60a6126a0d985999ca126c5712a5a377f69047a756c1914d99cadcb,1075,448,1523
9d7abceb155e692504bc6007b979580147c0577c2af967c32ccfa1e55497de91,1321,209,1530
4eea3723d1e0fb19648e4c497c7702836bc2dc566e1041a8ffb20a30ad08438a,1119,212,1331
73d0845dea68132ddadaf835148cd233542bb97ac1bd4c8872f6412ef1afa8b5,938,282,1220
d6f0c5ce39cd8e4166d5596199286ae3d77696e64a0942d3df288f2e0132d6ef,1123,205,1328
27c9605f6696a8745f3e39743281fb83293cd566c62e0d334fa50a3996f5102e,2552,313,2865
3e7205d6f93cd95d607b294977b472cc1200771a6a3cb889d4527224ea0ac544,2189,623,2812
86ef0b053e096a436832306888519c71b97d69dcd49d0fbd13e37499185f89cb,1939,313,2252
fb72f79ef77efd8c24f85654d0e3fd511c6082dffc1be02c512d514cde511f04,1347,288,1635
332f7dad2e4f653a7c50187557694334bf913d1a7a1c938c935aede7ac1ca598,1264,217,1481
502e86330fe3cc7206a0c65f632664bebcf278675e3fa841bbb64138c2adafb2,1116,210,1326
f0f59874ce1481ba3f9c54130bd9fe159d67e8a243fb3a830ebef0438c948051,1495,297,1792
d38a4163912510a818a6fa3b816569e7633e4230c079b2059cb1d44a95c625d1,1608,215,1823
9842a1f5cfb2de33ed4c2e1d32bbe01e9122aca260ca64053a2e3a51db90cd6f,1270,284,1554
d11925ad262a5f104eed28e9c6a0e6e340e76177213bde5bf4e54199e6caf4f7,934,217,1151
0550074d6fe857ae63d5984650cdb11d9d094b177991a862f5f2dce5dfb46fb2,1023,214,1237
0135392499380fbb52852776c363c4291ead28aa911b46c2042f0ff91df2e820,1123,205,1328
2bf77608fef0ae5704ad90929bd16224ecaeabf97cdb76fcd3739ebfdcb26b3f,1191,385,1576
05fa6c51f275ade275099a62f862227ca29ae6389b5722fd595f847951023aaf,1029,209,1238
1cd8d551a10e8cc717d61013450c39560ee7b92534d37810c1165edd1816c8e4,867,209,1076
d43f556c452a163ce3d11138a99728128a9348746a6180eb67da2cda39fc3fde,1176,210,1386
82d6d99d0a01b127dc19db30dc2d09cd2feebf527d24792f10f136297d3c1787,2206,336,2542
358cfca31590ce1805572eba72932bae7ec0ee508b2d51986d0fcb28cf18924f,2083,316,2399
f175e2432a48d790fd51fe3aa9fd33bfe19d863640a6f9f6858a685dcaf6633c,1591,364,1955
06472152dd1bbfce16f513d4dbd855188175c921d818a8d9fc9ae504d29234fb,1925,209,2134
8d27252466f0871ead8a53befbac6459f552e64a4e6ad02c4b3c2d1f8a1ebcd6,1615,376,1991
f767cd7d5814c6ea72f0c0a49aa4c87fb1cc3bc9021c91fb85fdb2492f7ed93d,1460,1191,2651
b6bc80c8fd8f1324baf57a9d17e3eb60e2b558e59e68f7c4792cb2ffbfe39df9,1980,432,2412
d31b5e431d1d7c88066c9b5c4cc37882f14e58ed65432bde389d03aeea753a01,1463,284,1747
a399c8383f1eabda38591d36a3d14d3da5ed862fa4bd0ace73a9824933fffdc6,895,205,1100
efcefbe08b3960bae23ab3ac7ef200c0cdfd5db23d994c394144369635b89b1f,2085,618,2703
b696e65396571f39f3aaf14e44b0a5fb009ecc297aaf4d379bbceec1dfdf258d,1729,431,2160
dd987743057660f1d3ce3a5041e9f91e446f80ce6ac9ab8f14fdb38e8482700b,1122,205,1327
47e0cb70e481630f87055647e616ebfd32723f80015f926db10bb8ace75598c5,904,210,1114
212dcca0ad6a819b2a75b8e3428c759f2f27069dd578a54c0ed9efc46ea9b504,1213,212,1425
d66354a214f1fbbc111588adc34cd25b9069674e59494e600e58017d368f443d,1131,635,1766
54d437b40fdb54c29cc4188b564f2594babc7580cb719083c18c3cfc7f980b4a,1220,302,1522
ce156c0ef2d9f2afb583f7976165711397562d6f719cfa547fbff207632af2e3,1613,202,1815
d4f6e99fd05191020d0e8563802c4c4e996558ae0f8d93085c8d3326e8451ac1,1163,213,1376
fb27eb9b7abca7ed97748105722638f89b52fa15c4ca4898cfb88c5a4094eaca,2310,1153,3463
a784ddd2fbdd89cb4ddf7bbaca610b2762487ec76507302deddd4c34c015ce0c,1358,371,1729
226cc5c202206f07a05a85215b673b0658b380f296d7e462c74bdefe55e39839,1283,220,1503
67e8c47313419e510706193a8b3b94c0fdd36edd9604bd506930779ca9f28467,1668,317,1985
fc02a7f812111e85d00a03202d883e5f8ae0bb1bab11314926db92200447c63b,1101,130,1231
d2cae3b6900016927a310ae146497a30f48cf7fb7e0280b7b2abd87ba8582ae5,1839,542,2381
c13b1a766b0ab608832d12465fce9ac9ec5e794edc247c469691ebd67c0ef307,1796,314,2110
44ad8aba22904eb769b9ebbdcd994ee75a7c8d819d7585ddd1ae5f2dc7af36bf,2423,1471,3894
a1485a49c9ebc925ef434889238505f44de21346785a27a9cc505f12e8ede432,1097,215,1312
3ff278beaa92a90edbce7ef91426b33828d8758cc9d13936143c2e5c3d0fd7da,1123,205,1328
aa1b1622c56ee0afa5118349790d6b8f70800a845477d96bf3374f6aeb224249,1079,204,1283
cd5d3c95ca92ffbb6a2f35db9f1fc86f09daeb83d3dd4e3b9b47274421f0d23a,1087,212,1299
4a109fdc5ac9d81d9b7fe484a20a925943335837830acc2ebcf965395b480d12,2253,738,2991
e16ef695c7cb7a48da01895d1bf7f81cef1986e4fb9c7b14efcd715eedb0dd8d,2302,1167,3469
f09026a69a005f0bd90534e08cf8abb00f55d4f86206399ddd9e0c56dc035ea6,1520,296,1816
effc818e1f6dd7b9e0fe2a88cdfa9a219fe6c7501529d8729883122c158cd608,1277,210,1487
27c284f0d229e64883b9283cd8648c25693bf1145ed99d1675ee2afccf04def9,1658,351,2009
9da6060b7a3bc643af93d42960d3acd79a3d52a942864ea433c2475da6898c5c,1599,234,1833
7d81c938e740c322c5c5496be1c590e17c6558591149848ef82d0fe9baae5473,997,211,1208
ffbe543eaeef9886c892d466c50de6e55943243360aeabfb776bb5f66d7c59b4,2392,953,3345
110859455f2ceb3a3e56af8d5e58fe54e331a79f9cfd4d55046d8714c274d0ff,1388,449,1837
93d44040d44ec0c39768cedbca8c12045e8044b1b09f24d07dbb7298ecb133f7,1120,369,1489
addb1b53edfb6cedbd6b292e6539a99dbf98ff80e24d7f14d5d37aecd6982483,2250,1289,3539
9c398fc549a14ad01efe9a811f51a18a79025c9f03e93bf6c789cab9412019a3,1007,280,1287
2450538b2c4c11074e50bc32e8a72456968a3477bfab7eeb2a991361f10fe620,2190,1164,3354
a23a6e500d1c193a38ff5461200b857b2de1475f6acb6331899eecca47d5188a,1160,794,1954
839b913f7d4c33ac11f6991b3d922e4fc29e6717615e83bfdd2e377bd963f106,2275,652,2927
d6e1c1170b529188230637202bd2d21fdcfe64745a1aad0901a608fe02f27655,1510,286,1796
160ef0c3567422990ffc03ec4b845ccf6178c97ce4eda73f4462c19d83e85e36,2225,313,2538
4e46c022071e66a7a2eba948374e12760ee80ffbe4d26730054bb9e1a9b92c02,1027,291,1318
98d2027b7b2801ddf7a5a2f6dc551d27ac05748705c4c0b8f62e74cfcb1ec2bc,1285,368,1653
94b9985eacd10e035846e85fb7060a900a8f18413fe98f5da126039b8c9fee5e,1624,823,2447
3185586b77270384506dc86fbe43a9e07eea960a4146f047f8787679e542715e,1225,214,1439
22c88899123a9b3abbda50620d8f4bdbf2f7da055f512cb0ecd4cf3bdf2bb450,979,212,1191
68bcc56572352dc44a7b18cb2cb3b6924e3d639b0e903c5ff5c613d314182d46,1796,1304,3100
299d9bfe5c652ee7a53a5ec05a4cc762def5f11949bc26005a16ec81dc586933,1561,200,1761
2be3b9d23f245822e319df42801a99d7924d985d373eabc165fd9c7128e37c83,1241,684,1925
f9fcbc87bfc64e554d1f33b57d20a92ad2f8bff031d911074aa7ca8f245827f6,2312,774,3086
5a69fcf8a9c03d9547cd71f5e6855a9b499c51ffd49de2b190788a82268cbb16,960,458,1418
c08c337223f19b720d5e1e57e6ad5ef4c5672b2e6ef6b4512c6856ae0d8cdc2f,2181,663,2844
9b319ca485cf50ec8c92ee76aae2c2f74f9c457cb3a86ae8ec2b7e5fdca627a4,1348,208,1556
76a0a11e71c608647332701a081a31ccab0c6de4cdf8d871b5fc6818a426308b,1128,217,1345
b518d3677e3d6d6be9e2f27a19ece5a46635747c2ff024a7b39553d7c5c31e3b,1742,549,2291
a5b058e08b1393490745ccd31c7e0c826a193a068aa5beda4f5b0a36dce36dc7,1123,206,1329
7cdea1a4c62ae2989785466163b0121bad0c4143ff282b31ae6375cdaef7db76,1074,208,1282
20510c76c81bc72a893138495e2031db6fe8b4f255206ddae34d182ae04a797a,946,216,1162
d9db16dc6b6e2ea2c52cea8eaeb57fe5d4c3df13e57ef5fde20ca7b37f303aca,906,216,1122
3909502dc86d3bc8da8051586bea4d474a10c995d04924041ef0176607e80898,943,212,1155
5705015776f931f642ca24831d97b4d57e325f57a92fab28a84a2124add94224,1139,440,1579
823c752a83026f578ffd0276c02c97d17717f4c5796ce7cd74973be63769eb0a,1075,289,1364
78ce4903edaa0516a558e9f830429c926613b4c1b731e6f326e7aa3dc377f96e,1636,922,2558
f817d855d16e030be4b3642f0b79fec365ee0ecb1d0ad91fb5e6c7294aa8f06d,1302,371,1673
9a6b8594f819d68721109387bad0cf3fb28103c448b513ed92b702f3bdce3fa8,1123,205,1328
1811d5ebcc25e1d03ab16e499e1770ee01613e173702e8ca9b460fe080d91a87,1312,586,1898
6eda8b694d60c3f61f5faa067067224fcd7b071b02567fea00266969badb27ca,936,204,1140
739090cba5af88cad8689dca8f52173620d0a31c413406d46e26736948da4a14,1104,205,1309
f1180d3af9d86911cffbf53b6d27785b6208d557605de6ba0235f51c3600bc1a,1465,216,1681
8b55ecd317aa6fc1541f82fa2b20a2204e15320e980b3fd3ddd35a5517790414,1469,299,1768
f7ff819d81d8560be4bfe18c0698cce26422ebd7a46ac772b729a16f563ec5b7,1703,311,2014
7a61c17f341640026c81e9962a12aa7c09fe88bece240724fa35dfee775ed983,1807,538,2345
3d1c868e6544dd62b516426d304937d20e071aaf0c1e0e4f38ad2d5d5b9e1e07,1224,294,1518
1d9002b69cbf30ff7dd88eec1346d738645dc5180ddf00dd6f46665354ea52ea,1034,520,1554
7748289ec823e725d92c0163a897ec1c75cfda2e9febd0a128b27ffae38a3ea3,1704,312,2016
1f861c2d22c03968996bc55162c60585223c3c725b93df2b7ae1f86d3801c551,1672,660,2332
12711fb065591fd4d26a2d5e18e5dac8ddee14d24081d3053f06366a5647702d,934,201,1135
83767d493cecf0033d4d886565e7cb980938619025f3a7221891e2768ed18168,1123,205,1328
f83c567e24276aeffff9f8ca9c298b0330f0f01d700ce817e7ea044580f1d913,1082,211,1293
ef196e81bb6be01824cd7f34f12c70ebf1318694488b7f4e53ce4137dbd48e50,1157,217,1374
5ce49a06ac4f13e72001f6ae92f032594e97955750970ff79e3c51a2cba65709,1123,255,1378
e29d01b29e68d4f2dafe66fe3604f23abff8317530cff0bb81cf1961141dfcf0,1026,207,1233
925524cfd45953f3910534d0ba7fb8345fdedb473549fddbd533f5477dd68654,1076,431,1507
257b9418ec0dc8eaac7d068386477370c0dc2dc23d42040da6eb992143789f3c,1246,205,1451
c0f3ee8841e8770b56750f86cf1ddbf21284932f123aab6d6831753cb36f4415,1193,217,1410
d1721c4485ff3f7a3f9a9d0247e1b1c74c717a6a5acbd2229650a5c1a865606b,1027,286,1313
af17750169f638a384f9eb65b812ad74f6bc214f647ccda2d8eaa76cda999c98,986,219,1205
02d6b796e4145fd43e6538d440274923b16db0942875224e033286f91be480ff,1149,210,1359
360015c6739ba1d1001ba9a0ce33ec7ca86eec9d02339b0275844c9c7a850198,1019,211,1230
3bca9c49dcedac7f954db0b56b24d9c895982aea8b4d464ca7b520f77518ea22,1282,869,2151
c48988a71860a6113af247433a3e33c7ac1139d441ad67208835b9298a20f09a,1845,664,2509
01dd6cdf40fa62a72b914d57e4b6c58841ce430622257273f6c7a0845c124a74,1156,215,1371
0192e33c1f4d47ee0163a9da17fea8b85a37447fc8a99b6c3e58052a813434d3,1717,440,2157
35cff8ac347d2c96110cdf656c89126f52f1ebd69780ac0c5470d4d1b2d1df59,1467,534,2001
021609123f4613370e720684035d16a392cb22d7403999115e8a5cb552c36c39,927,204,1131
7dee9f59eb0c7706a3dab66755be40167394438f3908905aac3f9ea609092e31,1162,286,1448
1a86f1296fd45a5857be50d2692b1ce84f0def279ea0bb972517e8fda4987350,1141,214,1355
fbdbd8a782f3bf5ca9912d2712ae7c7d381fa6b9ca494e9b1d4211c3c5fd0178,1302,384,1686
cc740cd04f5235017b64c089e2613192bacce62b319af7ae9ed1e6c74e4c8c47,1100,213,1313
cf107abc2b57f56d1ad5387bd7b81ab6486621dc832f7f79efe1f65e1542cc4f,1108,210,1318
c9f22957b0480af45e55795afe398842d28459486670d9c27e3b5872c5c42834,955,201,1156
c091d27be4ac6ed7f4ff4ab7eabe03a396fd690f436266d535d3d3b11ea8e7d3,1120,210,1330
89c00b3fb6a04f45d7f698fc68a80199a745aa8c58870da291f2933e8de4c06c,1045,216,1261
b52725aadea080910f94f6db94176d6e558b4dea48f6150c8f18a4b0a0fe4baf,1582,450,2032
a9f1ac001969cba90efee58af69f7f0c6c231013f8448befaa1de8152562943d,1053,215,1268
2abf049b743646bbcd4827e8a27c9ddd0108353d0d9e5fa8ac624479bcd5cfe6,1036,211,1247
97308bc36d9a25de775991d4156b08e9f126b24e880d150bc9306a899e3783c1,1123,204,1327
607891ec137bebdcabd5306a21029262c129286ed953cda42ee1c5f56513e70f,1535,211,1746
3de81176708ebe82ff1cd606aa9946e762b76fa660ea4340fbb08dab120c5484,942,205,1147
31a369f3b29a6a99f718fcb7bda5487da6c9ba937f4d652021e6a9efebe44775,1162,209,1371
ec60b87eabd5f3d04e50b460c227fbcd2578427a2a366981b27f30f2216dd5ec,1222,304,1526
75677a30c762c5f1363db2b8f86644b7eec346e57c691d91e8e780fe03ade1c3,2222,1451,3673
1012ee667936784da01c5ffbd5af32e60edcff1721ad1af907443314ca995978,1325,212,1537
6dc9c476c30a21d151a734240d44b226fd1689fa00471b554b3af6943f377007,1980,666,2646
bd745d64d8cdd9530a20f930f51067e3dd9540508725fe765b9447d50651d25b,964,210,1174
313252109030aa92072cd4f58e971f4d90863032fdb3b21a1aeb876ce63a1afd,1170,219,1389
473bc2cb7c96bea7cfac1d144d69f6aa37c600cd964c1289d2906ab50752102e,2438,310,2748
458344fa665d47438f0f1b6cd7390510c01f3a13f5bf17d96a7f18ef28550ad5,1105,386,1491
74a6d300cee8c1a8265084c34140abd9fd0e7d9069ab2926372b583c08736696,988,211,1199
f8148820df265d8780a11a15ed7e39cdd41542fc76d60abdcd3bad85cf99f67f,940,300,1240
93e7698b207aed6df2744e4c019ea6a0fe736b2c903d0ac8e9b3742cad71f7ff,1242,314,1556
79f6c3882b196e4b28d6b9f97a5ddda30c22774fc74779018d8673d80e84520b,1892,497,2389
d3611d8025c0993d194120b34e8e2b33af52124dfa32a72ad1611af18bddca64,1267,211,1478
50d85967e73c519b71150cf30d8c25a3c49b6b850ab323b8e6aa2579179950d5,954,213,1167
b84cd3e700bca9215b66f1efd8294359f3b69b097501f3b7aadc807552226ebc,1204,319,1523
ee01a4721f588286dabac26c5b33767be8410353ad44ab4ae65e45e25f551e4d,1373,207,1580
ae059114799aeb51e69d875594ba2432a8e449c4e4c62c12de838f097dd71da8,1250,246,1496
47586c649b986c7ba10b24c7ca4af675881a1f35d4b4c514c119633fcc95f6a8,1047,213,1260
1cde0692a34a631a38771f9327c84d8bd2c23064b1d858a8fa2442977efdfd75,1138,1036,2174
323ebf461b3ff19aa23e28d0cbcc07cf1fd6f739f0eabb2f5c346f0b117964e7,938,210,1148
476910b473e295183c7a815caf6cc12661ce46c3cf671821b2f572e7a9b520e6,967,211,1178
c511ebceb3136f703e83130c7f2b49171dd4644bad703ad65b2cf64d0a58a4ff,1123,205,1328
fed728657a8fd1c3ba1b399e4a647d3468fe16351535d44432eb9d073016a018,1174,317,1491
3dd78290b59f958da9aae5f917558fba033b6bce0f71f6977c77dc4db1ee82f8,2144,319,2463
9d28ce2c4f0aa64474a43edda3fb4e82c5e542c1abc6d1f808dae69525ef5cbb,1066,215,1281
268bdf222afc7e36b809687d08e42a1509f71df76c0242d43d3f2cc687e201dc,1240,210,1450
c6c5d0f2db657979a5c7dc76d6e90705223af9f734a828148a79f2b133dd491c,1213,608,1821
17e90ea42d9249f0133856757020fdfa14aff0d3a3ba35bcf1ae478934ae311e,1147,135,1282
c53f7ee25a549fd237567558746e8ebb6a83970ed6807f76a05b58edb8b6e4ff,2007,550,2557
b18f6bd8dfd717f59da9502f2483287931ae5ff5a6eca1cc313c7ed19a224d0c,1134,209,1343
e8d51e8e55eab29cbe83b391fb9ccb6253ad4319d261b5e441a6f62b18b26012,1973,1195,3168
c7416674130fd60ee7468a1e1e55c5d45b6a154469e81448bc86dc45d28d204a,1115,301,1416
8c4c76b6cdd63afaf0fad0536fddd1f9106e5cf2fce4f76c0144edd7d24d3b76,939,216,1155
cfd9e71d1edd9e795968b2b7dea957992ee276f43f9f58c4bde6297341b1739e,1232,321,1553
84362dda1e959e6ac4bd566fceaa9fa8c308af726ce4ae4a60b3b61f18784532,1739,856,2595
de00a352c1536cb05638c62388a11dc821a902a768bf1c69c3ad87f121c0455d,2301,561,2862
a6294134cd98ed64a847af29543f367a810b298cbe3c9e04a75b90cfc700630a,1213,447,1660
12b4c37f6fee519d0635c592178ced6e0b3d5767a944bafc6d9851d7feddbd66,1078,524,1602
a7274ca25a6deba140e2ad58b318f8211bf3f15c21df88b1647b4db9f521c893,921,382,1303
2b3c7958955fe2aae853a5fcd116ec9c59e7c3b170ddbb1f2ed02aadfa9effbd,1031,304,1335
ca34fe3affb49d241f2421725e912d10a2791e4f8c06d0cc5da21417c79029f9,1744,884,2628
854536d6e8055e2c8bd921ef67c9e3e3af979981e92acd831ee8dd9c830f5a3c,2464,1029,3493
88116494e1d2707a1d5d82205fb2e16a076a7d091f65f1457f1a8a07c1d48d1f,2295,1041,3336
1f606780b3a27088ee54b81c12e3bb5e6dcd7c262c66d17bba1ced018bde42e4,1924,1610,3534
