id,prompt_tokens,completion_tokens,total_tokens
c22b046ee955a40fee149d0894d0da02e20b30a60d806d16ae1cb44f1031b63e,1094,200,1294
3518889e78762eefc7aef1e0128699e4d9f11f61e5609fa301f42f3b6ea1317c,1075,203,1278
8a5488b414be3c71e79f8fad92df54dbf9e1b1983567e9914f56979c1df46684,1113,205,1318
d0e08abcb791e3954a32d7763c4d9a6892f4cbf5e60a1ee06c4d37da74401173,1387,209,1596
d4b97df008085d4255b4f5a3da6df1aa2120fbfb565172bd297da9ab30d28591,1239,211,1450
fa7d5815b254ebd5b1639de4274db20d922ff8ce99da7ddbac54ee7c00c0b559,1166,215,1381
82085a1d9a20fdf391b5406b1eed811941ee6f53d82f3a87c3e681bd8a3fe0bf,1577,280,1857
7fe4395a04d8c567425284460be9069922b1cec605a9ae9cdc1a69271c87f25b,1128,290,1418
9e5292443df534603b782c1842a080a82b35109895550157b04e0b8087932333,1195,233,1428
4702bea023859849df879a3451a3b18785065e5035f5332b2a59e7e66d3bfef7,1512,226,1738
a84f2499d7bc66eaa436eab5d62e1df0f0e9595e50a266cd19be10b9ec631cf1,1804,309,2113
20a78ca8fae9868c56eeea7f94e418bd76b534f91d57015f6835320bfc228039,2173,314,2487
7920cd9f7157b0ffd096090415062836712322888ec93873daf422b7c42c14b4,1128,207,1335
20d11002851a6d1908951c19b61d94d8451b0d89ababcd80d1cf769b042ede99,1567,211,1778
d79146723e74535838aa392969becb8d91b5f500017a50d86493c95e3802f7e5,1621,211,1832
7de87ec4a21fe1bc0d7fadf51b87ffa9ef22cb8d1ce02865b0907e215c039b1e,2006,371,2377
aa022ba9852983a3c0ee02c884130d1b0768a9b13d3d1bfc59be5cd9e11ececc,1530,383,1913
691ac8e29ea87f0a76e802cec9bdf2144b8941ecd84020812c995867fbd0b75b,929,210,1139
d7dd96801702666a94efdcd43f5a3fc39b1a83edad29905e809383376cac43c2,991,203,1194
fbe4fbfdc951386740422ce2de579c9ef8eb8878150cda4c79c83d2c741634b1,937,255,1192
47112154124c8a873877b4371b0e4494028ad669e4de3df6c96025cbf5333c5b,1113,205,1318
7ac1ced5ae7f645bde5e504d4a14032462f4996d413befdbb2a9d5d4c918d488,1183,209,1392
f188b5d67eadb835359bd3be7d6a1cbdb389ca65e31261f5ceebddf3bc76f3b3,1400,454,1854
2ef4c71112e39d7bccb795ceff74ef3802ef7dab2e4d49e6a8042b633649f4a3,944,208,1152
c120366ddad86d83c3710ac73c5686f2986dd1a7cf9a35642877a23e38887ac4,1576,210,1786
ff52b4739f981082e45fa63719ccf444acd3ffdd4f3ea8e626b656b2b8cec6cb,1497,429,1926
5db7a48632e4a242f0170757ba53a586983439bd1f58673ca567596bc4e18ba7,1475,378,1853
1f6420e5ff7f1c7a3d1c2ffa396d75208738e960ebf435eafff8ff98260b605a,1414,205,1619
564ff21697c4860968dbb6a878baadf431bdef657ee54b1f482ff8db26871d48,1057,218,1275
2f5424b59d2cc9d3e4d20d8405ac70740a2150401680269a74cc14b81a269b02,970,210,1180
4ca5de8bda5755a171cf0c1b8b55fe21a1ac451249cc802244147c1b8cde4be9,2068,325,2393
54ea251d9a7255ef847d3ab4269d74189d65431df4faf228c77bb399341b3efd,1253,209,1462
a6b102711f86a52f78a18ff2c6e07f7c9694794a9f38d0f06cf42c3ae4f7ef13,1113,205,1318
141d0f39accddae33093a0f5a479e115921524c08e7d0484685006477dc721d4,1518,431,1949
271637c50af6426cb897003f41318826cdf291f824c6c7a2c7092f7135bba49c,1582,214,1796
fda1b362069ee15fad2877ff835a7f036d64930ea4816148c94ed58d6e3c3547,1725,762,2487
72d860cbef61984a9ae368ea315d20459972203e3643de760f1c66aec10bf486,1113,205,1318
6378ad813a861748dc9ad8006df02bd281efd397cc973b96dd3c9ff016fb4780,1311,210,1521
6612382ad2a44bce970086751b7dc291274932eaf8b443827281f85f3bff1d36,2259,570,2829
bd80bb63014a2668d33f5771aa84709246bbeebaddea716869d4d8df528f5bf4,1562,355,1917
3960e61dca6d2a9d6e1bf9d1796d3db96d9b012caa4b948dab7a7cbc009c0893,1548,402,1950
40c869639c5eeab359c9b8e0bccea2367e1e95ce407abeec5856f15a5304b9e4,2202,666,2868
d95321eed2ea1df57c6a2f8bd86d3cdaf5549242a1d9bfcfe288c0e4b771230b,1384,207,1591
ec86b08d19833466c0895342576b759bb9025fb3cd91cb23f08c3e76d5d4084d,1110,215,1325
7ad0dd20475804ca8468a359c4ba99a245e81554bbd10bbf94ee40db42ccce62,1082,252,1334
46046e464e89a64f5eb55c401c19c74b322eba4adddc309fade4ad947c96ff67,1452,478,1930
b428ad7f90ea3e6e2dbfbe87014450591cd665281472b04d0986c4c7c518644a,1097,210,1307
174704abddc113d724b2e140b95ded7fcd5ec7930790ac1ad6baf89e788a2597,1210,294,1504
a26f02c88b301bda05081d1c27cd4e78dd52755ea95526b5e51e695d685cc2ab,1689,806,2495
5ddd96d491fb90b9cb38c51f4696c25d3900907cae7bd94f6dfe13220015a597,1842,322,2164
a54405c6f9a938e522168aba84cb517e48cacf69fe086681a5368cc623c03454,1124,213,1337
3f139273a6a8ab886799eb622e719b42a3112fd1894f974c2325b162aa8c4b29,1932,309,2241
1e74222c0e387beef91d0155db32621f5d8e577572cdd49af39e489ec0b26b31,1215,213,1428
891b6d85549d93931519c23fcc51ba754871ac809aa66de49434d0d35163933b,1460,771,2231
fd80e8041b1e261b9ca9a4b50b357abb0b7ba3318e1f3f75243de340d3105168,1649,429,2078
1d2ead6256dbd399b2e4ec883e9de0fc62a23304d27671cd25730a5c253ffe68,1576,201,1777
9b097dc7b2dc9136022bdf64e4bbc0edad5b6945952ad01215d47b028d7cf40d,1565,281,1846
40354a50aff31298fd4ed582e1ea0d40aded2bb0bae05e454d306a52fba9cce4,1583,206,1789
270e493670f077d6072d6d2162c962c3bfcd348a46f0488cb014c24e938ac21d,1113,205,1318
fa48a732653f8bdf5e7ebeca6f15a6f36788877f0542a817d9d7177f9a8d4d57,1129,253,1382
41d53dcd546e3aa88508013bedfeb3d498f2f64dec96f9e4f2d69b874df84ccf,1207,213,1420
7fdcdccfbd3a474ff37c0c901e8a8aca2c860928685254da97c5353a3e1b9f60,1212,294,1506
1a5a75026bf194b14cbe027ab1069537719f13440184b7ff9cae8652a6ab1899,2141,563,2704
b0f16e0a0582f5be120a21636a5fed1fe12e4c767bff944c30f6dfcf2fc3169e,1025,438,1463
5d4d9d71a6bab8707e5644a2a235039bc9891c67e1a074688b4a3d3d54bb14e1,995,210,1205
c659d31b813c885ddd6c10001b4cdd7debc013d4a9bcba42eb538bf34643e380,927,205,1132
9ed9a91a3f6c64bbc1706dcfa219e08f28eb391570ed683c87bc1b61be1ebf12,1129,208,1337
b1fd47073ad1fde9d7400f903cf2e191a008729688040d82ef34e3c32e4b79aa,1174,210,1384
60ca35342dd298449f4849f586a8169899d004ee959377b8aa593182df8031e9,1229,784,2013
7f418fd8e29c744aaae1e4fda2c85abc81da1414ab6942cc05a00af3dd3018b5,919,206,1125
026c3ff3a01436d0a925c56e719dcb8fc90f375a443cc5eae417d245fd2a1d58,2098,336,2434
147b3ad273937fc928e0946763b14d84e20f70f140adad44f3e2fab679f207e4,1136,210,1346
07d5d362eca6cfbfa394ccf6daf8ce758c03170048b2ba8395ffb3c8ebc3cc5c,1093,206,1299
213b673fd66f74fc6beb537760eaab5c49149844f644b581db7db1fed4136f81,920,199,1119
089644cfb90c8c6129b3b5e67dba9ca825adfff4f5676535cb5bff64a14b6d5e,1093,214,1307
15d169a474afec304b55f66d20bec7ad38035057b7878b541f1ebf99cf8f74f3,1107,284,1391
c5604cc7c25df2c5bc1ff599257ea507fceb223a9986790a5101bfb87e5fc990,2038,543,2581
4375826333f4d702123df22fde33e01dc4e4e38fb36d7a5b449999bb2747f430,1138,300,1438
9d1d96bed840a523f84ea28a0d100fa3af57fa357b05a81169e1cfdddf89f6bd,1154,316,1470
f972ec89fc15f2ff3a72f4c851b0341d1f6d9878b8155bbb88a85dbb537130ed,1200,213,1413
de73f2c8b925e7ad1a1fc073dbc2fa4f3acb7bf187dc9617a6b68bf2bdcbef78,1513,202,1715
30f201aa16671673e14d5a2f4af28d0c6a92e8717a31b84370224a63b5f769ca,1830,799,2629
da53f06ea6683398998b11f2fe107de97e26e950629fd3ecf7c9c095c8aeedca,1113,205,1318
7301145618463b7a4de654aaba2b7849a257b527be758c16cf4167179a9b6cb8,1021,294,1315
1aae361a9e4bef53342fa96919a7792be485b1a050749c8cf48b9bf3cde09367,1793,434,2227
05bdd9180c99590dfba630014b6569d70f03d735dde9c950872e801297ae0039,1394,204,1598
c1b4e47805b5c71ee7d68b40de5bb6df5d98b1543c1055091b17b74194a53f1c,1567,510,2077
c0c80180e19c4bc3be47b98e938344a1bec4451bca1dab9bd4161c6d8222fbe6,2239,1045,3284
fff11ace4a5238ff4324282b6f88858a7f6ccc05bb4f0126c344652ac155f729,1708,550,2258
50199d3f0a7586666dd72c427ec852e29894363a8a6ccf26904d9f1a64aff06d,1348,205,1553
7739a51d15b10a6e5a6db2b6764cabf41d1a4e1fe9db3482833cd6b0fc739024,1086,206,1292
3ec7432bf273ecb3a709a942224752e62be6741452b9e14038ae556440b5b962,1141,202,1343
57c5f2d4caed3a0cb6409ba482158cac13e4f03cd4c665bd1f7e899acb2c7e6c,1031,366,1397
bd709c47070e49c10cb836ccc477dd72cf30d6da3f6fc22b688eec70f2f7abd4,1818,1530,3348
e84caed38a75b173000fa3368b6bb3a4640be8fd889f92e0da01a5c068859455,1354,214,1568
1898236bd3a2390290b9686d796ff0dfb6e2012cd96dfdf51fda7fb0bc76f989,927,248,1175
56b6b0a9f0720a4d21badd9bed2f6b7e963a7f236381c45fc3f1d54669b25528,1463,202,1665
d427c858211ccbc394a47ff8c34ee435f60684e5f4813206abb6a5936094313b,1194,216,1410
1edc6a86f93205f29e284f4fdbb1e120c2057dea69649f8e9bcfe79c1a506f36,1406,448,1854
405a0dedd54d70dcb672feb3d0d1fd47a33238e4d623bad0f82b3d804274e15e,1534,369,1903
ebfc7cbf7fd1dc1e5a9f92e574572b12d6c66da4e2563ac9d1105c946c5a5b25,1567,211,1778
ba04099c350be876a90ad8b41d6bf71adbcedd44f5b14dbfe06746857ce3ae8d,1088,213,1301
83d58cf3819494eeedcc9c1b7b51133d6066c4809b5965a9e128d412b78ff2af,1245,214,1459
5d8e4cf8e9bd75cbaafe53b1b8f9d06843fad4fedc25deafb40d99284168caa3,1575,383,1958
1026ef039ab1b410a0ef94a813a1604a1c658ba460882f16b8f772ef93e4d7f2,1115,213,1328
982b055762abe64278937a9a44de35b40225901b913bb6dcdd519dd498baced4,1054,252,1306
b78f4ecaa833f3d727bf81cf6fb7ab2ab8a953a66060b6d573abab33a396436c,1190,316,1506
60ffdacd6a0e54b20ba8b569751cc430f764e3eb028f7ab49bd55f41bbbc7e90,981,294,1275
960fe2799a68001835b626732f4aa628f568315ece5c50ccad88d96af2c0a5e3,1363,209,1572
16d6b899460132fabf3ca49852c6117b591995210ae60bb4112887feae9eff5c,937,210,1147
40247de56c65a28bb47b25fec8beea242f89560998004c1ab9157d96c131cc79,1409,212,1621
4a8e2dc32659c7e25aff00308d46e3b5e1cf25f9074e317e98f5fbdea59caf8c,1597,444,2041
9bc67b6688953abd72a768d11dd73acac95198a578ab3cced3515289452dc6c9,1001,284,1285
18f1b47115fb63891374138b681dddb1d3b8408ba0b8d06bafa46c9397f1ef87,1361,216,1577
292d7b206d09548929fe1f0e16158efa64581dad0824f62a1f62f55cb4e5901b,1113,205,1318
36e116f3c4c3e72ea82fd74cef031937186e1c4062f15da5e94f0b2d571f3941,1062,295,1357
346c22adae68426811ff8a0887b9383b7d2f48abaa42523956a11188d53d23e2,1297,208,1505
39f4a180a4b2e8825b8ee4d5f12f337beb980aef96622268551797c5a5662286,1367,213,1580
bc1218e012e1a44f275851c0a6b6ddf8a33084288630488c3178b2be25d411eb,937,212,1149
96a16de307c9c00e7de3b5425a2c0fa9bc829a288257f8b86a9a95f9d0f99578,1895,1423,3318
21a4fb1ad838a432c0f78f3f4db83fcdadf849e0d9f790ce05549774c242502c,1068,213,1281
bb5aff565e4e4ab2c048cd5b2a860b44f9e835d4f2d58012539b25a6c7beb5d2,1888,1518,3406
57fccec6b61811dbc387ed1e295e1a33e0a68e8792486cffeeb126d082c55414,2314,2629,4943
76e0d269fa99754055ecb34f48745ffa267ecc241e78fac98372277d26e40b98,1718,426,2144
4321acce93ef5331d51c94b17cb03153b4d5fadc5f553a8893144999859f0a5d,1407,208,1615
640df2f274c543b6f161df28f872c6dd2fbfd022ac299cca5678a28b6121a777,2297,436,2733
8ff77ae95227fd05c17dfb3929f3544aa713248868e16a37c695d02db419570d,1577,646,2223
850a534ea0260a017fc62f4bff3380ac80fd54d1ad83f0afd2e575f789af3f15,1450,947,2397
8080227058deebfc86f7aefcf353c9918a4209a05273b127c725984182b96529,1576,211,1787
7b1c708b59cb73aba69e650c526a9c39366c60ff399a06523199fb63ebcea60b,1113,205,1318
dc7b0d584d050ca5dfa7a26d9342505e68661990ab669377f4c1cb5108811231,972,213,1185
dcefa5130af2fd1808265fd723fecaaf637d97b9a78da43d95a914a833890a2d,960,210,1170
e5f942ebccc302905a022749b197af3a04e04c138dd08afd3fa4c5e92a26f6a8,1525,497,2022
210dcf38993cb784a33d5b8c254f79c97ef717d76b52dc424f3696a90f3dcc5c,1575,502,2077
fbf5ea3779e504c993f8e03f827e913bcde6b24e01a91f659bff4797831fab33,1133,363,1496
60e9e880b633b6298b2933db10b4ca341651e5b876f81dfa4d515517cfc052b2,2058,339,2397
8eb56b06b19f8db4f6fa4c180aa58e667de48219f0b06d3962b6058ec97e96fc,1463,415,1878
03f231598a9bab69e85730a55dd2ad759e80c7599fdadc69d9d787fc5efb11ae,1148,214,1362
cea71232511a9ddc4ee79b24e9f019ae08ac9dc86efc5b1634bdb379dd42a9ec,2286,1556,3842
f5b4de34ef5ce1978e93d0105e571fbbde2ba12226e6d0a9f2fbfcf1398c347b,1000,217,1217
1b67df1aeae9784dcb4a216d514c36b834dd22b905aa19a617ad3d9ad3959b7d,1387,341,1728
385d2d769b485effa03146ddfc9eb5fef9f4c348f401926ae40927bdafd185ed,1112,366,1478
0246c5a95a19391f401ca5740a4c5cf60b764b3d85b074cf96cad8b5face753b,1026,211,1237
0a41caa6ee153b7b10cb230cdea36b18001419429aff320e0ecd5a62357fe867,1640,916,2556
6c53bc12b041f941fc6ecd38b8bff02d161bb4deb09fd583a9f2e370f6e7a51e,968,208,1176
35c3e16a81a279aced26ca13377e84e30a9293f976c5e14fbee4b23a37b76078,1113,205,1318
5e1cfc881c0dadb48380c1ec7c0fc895914c88a151c8f567d7f5f47c10e00f08,1276,208,1484
51c6033962fa1799f9eef09263d591e75a437572b4cc8cf99db57e0ae26d6e00,1300,214,1514
4f3b428d093d66d11e7be17168e6b1fdd1a69e57683ab0f28805b4dcb68e7f85,1503,212,1715
02f2ec7ba6cdd1c4f70fa18078513fd1d4bae19ff96a62c68116c03c29006737,2250,900,3150
b75d2b50ca5bbda08c8b52f97f701439d303ae17487b501f10f76b67958ed3a3,1987,791,2778
2a457b4d2c630cf6a248942eba04bfbc0d667bb925da76bc764244a550587ae1,1096,213,1309
24a1af72ad2bbae635ad7abfc4a7290bda6d1da52c451eeebb0b635b671cdd35,1074,214,1288
b5a0f62341e4330f3b8ae28b08e5c8d18d526d86df16ed4643c95e3a9a4ea038,1624,320,1944
dec2517c76188783e2776a3ee6dfbd19d053ec6cb01498a473e8b86e9db3c0a5,1123,206,1329
98e2f58ebc1d6dbd6ffc609c49ff0088840472a5c37f4cef090b7205dc3bb358,1526,782,2308
eb780645939aed4cd71aa580e3eaed5cd667f8c19dbb6f23594c6a784542097b,2177,1261,3438
708e7e410bfc5cb4c65e4cdd0cbd3a289479fab8d679fa174548a1eabc0e9a76,1003,216,1219
47d896afc42bb8b0449801b5e110bc912859b865b5512aee2bfd9816f1da70ae,1574,1081,2655
22a9db7ffca42cf28b44918dc5e974ebd74bf096c4fcb876ca8b50430b7a7467,1043,211,1254
c360473938af1c0d183d1dab250f1486b6d1557407c292d2f57ed9bbdc0f24e9,1021,215,1236
7b16fea9d3b893583e4e1378389043cfe00eda05d3898f768c7887c67282288c,1565,211,1776
4e4021fbefc2b0bbc09828a7a23f9d315231a110843fab689e245178549da635,2201,1000,3201
819e7f259e10bb08708ad21f4d5a09d30cbe865dca644dc8c5f8214f9c1e5ee8,2265,430,2695
70b3af94742f7fc0023ceb927afc2c5e9ff9fd89911b61d44792360292315a0e,1459,859,2318
37f5dfff767830aab98c1026dc1ea9f1e1cd3087fa1160002a481a0a02f2ac66,1555,427,1982
4cc7eec74e99ada9b5412cd6ed0bb65ec0b609d7a1c147547140588b152ec33b,1617,744,2361
d22226b032f0c6ecf98668a578ef096d0e3d30ccc9785a3a450c2ccb1aade691,1335,286,1621
f484f8ca17b299424351b7f71727124c44a841d56360fcf9b641c295aa0494e7,1861,1538,3399
ac4ed750a7604becf71992075a25cee575cb1be4b06594f8b03c9ff00a9b14f8,1912,352,2264
9902b1f4dd73d1541bcfaf86d8f268844607c04fc12d0fe45c69f33f7fcb205a,1198,212,1410
ccc709a77c55f40bccffb9cb696680d788b38163ea6b70d2a3b16556268261c2,1113,205,1318
0205e03bec1fe74a78f35977031350cf9f4dc361e4f15b8d44f8d6c4ab04325a,1232,209,1441
d69320056b691ce8c394389d266b53f8c9d1c9e14f0e734b7a7a05d23b75d569,915,208,1123
f196134178760fe2d9d8e07900b9997cfd66ce9200963e6861c7fb8d3713220a,2125,969,3094
c4753321afe5efc8b5198d112c4a0eb6bd3fd39fc8bb58248caaa57528823386,1436,527,1963
afa46b28852da3eddc716b0a0a81f0b8e0b7db744f0ee7af9eeea292c4955c26,1067,279,1346
1cd270fa1eff5c12519bc0e1a88222c9e273026be61dce5d4eff31db6bfaca06,1193,621,1814
9a5ce318c38c29ebba47cf036cad999cd6fa8a1963134afc6351f466d6956718,1219,672,1891
a4cbc12c2168c28e74e9ea9cf1df6775f1ce8d0cc9eb415ad898d6be2f25d047,2219,316,2535
f87883924948890c479230ed1f772d01f21a4afe2fc5802cfd9010373a7431fc,946,295,1241
1020bda5c45731c4844970814a2a22960fdd25d1f45475772554bdc469c660bd,1484,526,2010
64d3deaa94aa8dca98ad82670c65c046ce177fa6249757ef3f24f585cea78728,1273,718,1991
d526a60a09c4ccb56e865e16a85e1276aff62ed39719f703050ee6b432dcda81,1149,363,1512
06e56e9575d6120291ca8ab0660213d5913b581017b433c02b9eadedc3ccc72d,1113,205,1318
84e16c8f252951bcaed7828f728c4b38463379940db9f38a67cfb3a0e2d0e4f7,1176,307,1483
dc51e5f2d2ec600ba433c551b54a94b8a5abeb7c3aa78d79a36db5c19c50bcd9,1088,363,1451
ce2458e6e972c43dc591762ff16c4bd159e4bc9a32a60eb75a82f912273acd58,1187,208,1395
6e3a8b9765825fde956516447e742ee9aebc9804f0ea05e4fdd7d44e6c8a472f,1158,202,1360
18cdc9c7f35a51a36d3fa2ed6630692c69ad0e8296e52bc96d228dcefef4ac76,1788,1533,3321
7508214513c3ab75d38e7a63a7b83c2ee10570e588159f9af44aabf108db0226,1746,558,2304
860f6dd1a85e7db23b6993129a491963c87267b6d3063de4323af796c73c048b,986,209,1195
5c7f9c2380a2a0a8a8ec24672354143fa97578d1cef6cd80ab7194a8b474e9f8,2343,544,2887
1c513b6b0af4a5992be5ffb05bda367980a8ed72778bcc96c43839ae39e1c68e,1173,213,1386
dce227690b050f78d66e51d309515c1c2293a92c14add838942396e0551eeed1,1685,313,1998
251d50d5e1eee1a08bf546748486644d942e86bc6425ca36e319124181fc0ff3,1232,543,1775
134490a7a81f1a14a9c1875a21d1d1c496a48cb017828b211a53ff3eed46f459,1106,215,1321
806259fc20a00177580bef5cd3ae95464b58be002abddaa5c5ef2971b9f27c4a,1125,209,1334
ba366d3d4e36b91939f6474e3b2e0a49f6cbe32927c12c8b83a3051e9a7a9c29,1663,1208,2871
5160a4978de7ce13e6e6eb77c8b9a2262b0b12446f3b512069d5dd8eafb2dbd8,1116,213,1329
31450824baffd7d12b87fa8e2aeb0fb74fce4be70ec238cb5783973fc7f142a7,1239,368,1607
e66e837aaafa0a762f09d8e251ef38a5e4e9deb7f29db3f29f82ce0928b540a6,934,209,1143
56823c6d61480ad97d61d53a2ae1afe2305fed23c521d5f46acd9b9757684f9f,1452,577,2029
ed7e04d6ae957dd4160af5021c7cd331eb08f7936d17dd71cbd69172dcb3fe35,1163,200,1363
8012e91575fbaeb19caffd576996fca67c7c407b2113f0c9bb0396935b3171ff,1112,205,1317
7ae41fbb864f87174d16d55be3df8ce483eaf625f9dfd939453e15b3389254a1,1676,816,2492
8cb589c03e58de0a2543406634dbfc56c9c115d411b395e156fb60ba158846cc,1223,213,1436
6099652c5913cc21bee4ab16fa097fd953b7117bd6bac90d8270877aec3b67be,1614,283,1897
d5a50d04dd1d60e0f325711b10bf9a18e59153a4fbc0cb0621648f7971f84f85,1020,257,1277
af0ea334590f94305c639a04a19d522d2b394158021d1fe5b69495bd9b97fbb1,2186,1384,3570
e6cf239c9a81b94450656ea3dc4a3f9ba5f1a86d42c07addf5513fa9c68df623,1073,293,1366
bb30e10f6db7a667560bd96c984375c2508592bb92f4c5f37d43c6151a6fa3ae,2386,434,2820
afd729b8ac1000d95cf8e7c52e4458aa002d769878f6747677d68c52ea427d66,1650,668,2318
a96b7c466b13855ec847d4bbe4da0ce71a854d3179093d348da03561768213f5,1166,294,1460
4d3b424cd129c4260c085ae4842c61202a49f08682eb12ddde52bce55a1d5bdd,1094,217,1311
425c0667f7f8199c2b18e5f2d9da8d7d3d78a02e02a97b8c0704f5b93ee7923e,1044,466,1510
714448f8d9381fb1d6d659069ab2eff3097d453b65a55d696a083711c9e6b7f7,1379,445,1824
bb3a17d613463c0649470fed12338cadb7856854752274d51044f828bc76110f,2123,775,2898
fae8c7fbd711345b9d7ab6faf77fa1d54e9db9e13f120d90b610fbe55898f659,1215,552,1767
fc37208b8e9ba0d1caf98b761fb97e474d1ed38a15aa3366fdc8368f62a2c4a9,1113,205,1318
3e417ffd383e0a3c4109d8caf0f862e33c7047e4d9311c817daaf7b62b82e74f,1422,211,1633
24aa5c658b78aa7d2cfbbfd0ad5c3edf53a7f68ec327dd222699fcb0d47cb411,1588,289,1877
35dfac5c615fba43436678d2cb6361c5e5e4bc8db9383fc7ecce51decf9c8a56,1500,608,2108
27a162930b59568ac5ee00b2de84c21c158403807db1de4be0141c18ada00e5c,1072,209,1281
5a6a0aac3be77ebcbe0881e6da65dd03de79ffdc8a4357c90dcf14149ece6bc2,1625,314,1939
f0943702ebcd678529b747539b7a806b51815af6dd97996935c2f96635d58a8e,2215,434,2649
d225c5b4eb5da698a3dcd8864e975dba0d3be36db60c5418be1ad191d9ab5612,1433,861,2294
911c09ffd2cc593bcdf34798074a36c5aa8f7030a72c81e5840b8a0ea09e9928,964,208,1172
52933b1cabf6c839a8dc28b12657a5e7c6e9d6a7538c8190a8f25b840691e588,1381,221,1602
29c776b7af0a3e63382a6b3b0f0ae433bf1bcc4a628f71b4b0ce9ceea572d238,1314,703,2017
863b7848e7b63db538fb6d0d588849bdbc95a0aebadcdde1538161d709df922d,2255,923,3178
02b43c3a28504a5bbdbf02ce57b3b926f9c6f8fc2cd47fd8800b3738abf7abdd,1940,320,2260
5e67f94f31ba492a26d00fd5bc7fdd548b4b88ebca66a586c32329bdb296adf5,2087,567,2654
cf85c4bb720ae2597962994a72a5e8b09475187a65b004f48dc6859e7a8eaf34,1585,525,2110
6a517b2240b5590d0af080dd137420a50b64e743ce99bca9f4b04453c2cd828e,2247,802,3049
617abec43806eb2fa83357e9598bf3ca1415489b0b11fffe0106e5f0ee879336,1440,1577,3017
c265a0af94ec8539a646fa77425c2f76be0e9f9ef511b787779d2d02a67daa14,1577,207,1784
0923b6596119c82e6c28de4447f0efdae7f8dc87ff1de8d7eab8dbb3f9fe6460,1420,210,1630
a37717153a087ce2a59ae4f4aa7cdfe62407a524ec60b42b94b2869cdba691ce,1979,968,2947
f4b61b8414d6a48acda2f8d7dd3842ff705dd9d4e2838a2f1dd4c20182e8ea65,1432,203,1635
939313e93982efd22db7a6ec2b4f131c20c1e415f7a2f240633dea3c0e8342b4,1511,355,1866
0ae3fc61961bf262d4846aa16f820d99f91cbb8e4298791ca0f0b3713f1514e4,949,203,1152
4a4f5ec26462504f5e34d4e54509e825ab512f3bbc9c83449a0dbaec8ae276e3,1434,513,1947
c3667e2540674616aa60761b846da184b76b1f4e3a3b2f288b6455126dfdd49e,1183,993,2176
477257fd6c13f39233f8ce2c124cc9ebc98fc66ee537cef2ea0ca7529ecdc5b6,1485,428,1913
d0b23e29d070045126747807a23722ebc8d2de874a4f8a831547ae43eeef2273,1465,544,2009
676629e94647a73bbb82e7cb584e94d49e44a185928f6f893a23264d0962dbd8,1113,205,1318
94bc177be07f8f18f7301da5a9a4a9759fdc2c76226225b446913c3e143af586,1135,300,1435
399f85ed17bb684b6497ec98b299c08a5f36689ee1778c44b2d5f54bdea3cd54,1435,927,2362
9078a359517265a6735f927cf42482646f46e59f883d07e6cec43b65c8568252,2274,1242,3516
38a56effe88ee6d8b605af75665cec64b1754ff94152f040eb69591fe99369ef,1102,654,1756
530e25ca4639393119362ac77ae70ee5a0e99c0204834cd0d5ed5d1ba2e57d96,1002,204,1206
518f03bf40a0e2a3c7207f216eeaa0fe5fa0a2a85cc92f9d5e4a1d6e5d0587fa,1231,216,1447
bd08f9e98bba91b257266f8a573f64c3913d902727a6624da5bd771216c3c888,1061,210,1271
55dfeef536b70c73b54fd757df60e48b8f0ac0156a9e0d0c5e05f6bfdb7e8d6e,1723,372,2095
fede55d1878eab3ea63d479d805205e3e05381760bb072aca2d84fbdd1fb1bbc,1507,203,1710
2c7dd4ea699a9ba694abb310d87142dd1f4e7d50cb339f93766267d46d3af220,1169,218,1387
51a711c0906be8e64383007d4df2c0b6cc329093f0711db6977a2ce93fbe029d,2171,441,2612
1a0b24b8c05309a5ac25bca3f7feb35568a60c42521acac8466a098f69d5391d,1473,205,1678
e50b48423609d8040ad8259f21d5853549442465c2d1da60c118b9cef96e7bc6,1119,131,1250
ac9c01c5d4a03b46487d0a436cfa56bcfdee9f970487b778bc793070e7c0d225,1113,205,1318
af0e4b80b644fd9285d26de56510330d157c2989da6b29040d67caf7b261cc0c,1050,223,1273
f02b7804eb77afb7a7731670c4049ed09dea70280f00636e3d3e1628aed63080,1568,210,1778
ec57c175dc0dcdbef2302ca48ff50a8cfb49ecb1b4b38ccd1a965d24a0a69542,1471,536,2007
50bf997bfd0ffd0f1d2f3ef2fe390bf0de6656957f876d9dfc07c8375c6d20d3,1618,314,1932
d54b0da66782490a1a3a498be90822a74ba6eca62eb68d30772a5ca84ffb9027,1264,211,1475
0c582615e10d1592d0efc8a203ce481a7636734028d1adcdc53a0bac75db6f15,1538,378,1916
85539ea0a834d643cd80a30903a0df3f3d0054dcb45e4703eb348ff9065017a8,1663,315,1978
10be7acc0b0c229a2bb0284e02e13dde74d7ae379098d14439fcc7e1495367b1,1158,206,1364
561cba05d27bc06ed1d420d822f9b1528e459760868f855cf6d0ab79a5883d99,1576,441,2017
00c2ca3987dd47e3b077401ad6612f5279c1037a2ca7ecba721be757df0f20c8,1589,533,2122
e22b735e39a8a5027fd369bf87d46b6566df8991b2cdf1557f087d5284cf8ac0,1040,207,1247
057c930271498f270e8abf1524d3162d6e748ed1c8cbc21450c81f447e4eb22c,1294,350,1644
767c59ae8a469fd1f4d0638aa8f92a8c8b3a4c250518723a97044f8f177e88b3,1113,205,1318
55d5f61d62600bf95981557e98084719f8191ca140aa626153367b78224638ae,1417,304,1721
a05217a4860365b5fe306bffcc41b77ce8e6b9cf3d2d2bc079facfa90f5bc533,915,220,1135
b4b798f856f941546847abe94be76a5e1faeee219e51795dbff4ede828e12aaa,1054,213,1267
636de7ac52e0cbcc5b58ea8669cbb5e5af7b4d2f074322b748ed755b71d38497,1314,217,1531
bd60138fe2912d56f74146af8a2d85ddf3bc662e2df86e7a0d1b8d15a4ed5415,1730,771,2501
fdacdb7617678b3947665f403f5c1a55d90b6c31d8f60c9342c056d12e30b1eb,1578,215,1793
80bbfc8e11437f3034556219c7249d251bb325a520c4f66a4d1203d218356477,1450,379,1829
a69c10e3b45df3c7e1d369d1e2e7001eec609ce4dd781a0485520030942a25ef,1072,785,1857
6321b09653af738f5e8e8d344aedabaabc3fa777ba67e10ea2cc1542e6cf6f42,1153,202,1355
aacd23e972d1ed0c7324ba3773e3c8939c7737b9c85e9de02d3e6b2860e2c61a,1948,439,2387
5fc6342942b649018047e54f1a6d24e51496abda161ee2753c9e99dd18f5c434,1113,136,1249
cc1ad42b80dead64f1c78b2e07546b766b54ad2d1bcca6c70035eff92bee5ca1,1505,460,1965
8d90c04ed6cf5dc14a650ed074f7cbd773a0a3ffd89f46ab0a11ae3f6d99c3e0,1316,218,1534
e86a49b7091aa480e910012cd735fc94195e381192e14d708ca24ca729e6f650,1473,210,1683
03cf200f30d2aedd5b0a4458db9040c2369b63c4f0eae8fa31a3bfb166bb645c,1084,925,2009
db84a429806dbccf888068b5049c74ddb7c66a35e9e5aea837ad4f347041818b,1379,207,1586
8fbeb954e75a89e345c34bed176e8522fea1fb6e09cd299109c7a49ebf3273af,1730,642,2372
146b7d245f4753da76277355c003890921d0b0b531f82ad0c2be5e60b31577af,1300,210,1510
1d58cddd1d63e824c5b374b864ddb1871d656345495cb2ebe50116600879d86c,1113,207,1320
0f59822fa6a3fc282414aa3662923fdc82a95aadd043ebaff58269022c65f189,1134,441,1575
696b9a2edc946ee6fa8690bb4e11c6b99ba0d69cb5165706417bc4b04fb1f0eb,1004,204,1208
0b95bb0438ac29822a416e67adddeeeacde15d2f6ee65e5d8dacf6edca248e76,988,248,1236
3e0376dd4a3cdc22963cc3c259dc2a759bacdb034719527cdc96274ce0f4bf80,1129,538,1667
c4f2a8474f74b9d67224d5ee5db8f1489dd48587c55063033aca9f31d08da513,1301,209,1510
d312756a6bed137281b38e337eb868eb2980512d0020f8c35af8e23074442763,2283,1267,3550
9ac90bdfff5022616a7f43627ac6ef6c257f577519dc1c6fefb3a56f1698194b,1020,212,1232
1555a470648159067e456a05bcaa0070114cdf2c1f271ca7a92adc842922b5ca,2404,668,3072
23875adb84697b45c5a6bd4e82c1028f843550af2b066ee8395eb4f2d6c8a809,1568,281,1849
c50a7fd01f7bea60f6cd4986ef5d955eabd7793f85ba5f1b89f84704eca9236f,1206,320,1526
501b68c1d0ac9a92adcba174b056b35c5427a5638cf88815e6f20c72879903f9,1113,205,1318
6561c69d54a52892d39a3f965bcc7662de3ec1632e2c4aabdf3d5cb454273848,1656,788,2444
90845e1f5ae953361ef932a96640911f0de6905dbbcf55de8993abc3aec45832,1554,358,1912
f3af0bb4efa4bd0f1340125d60b38690226e532fd63dc369404c01f690bd6415,1531,461,1992
b3a3ea30b4b2b78953a3a4892d36ba07e39e597e0c328cf4af076442867c9d06,1567,282,1849
6098442cb8b8948c75169653f2ccb2c73d51d789f6c4b0dfbfe8724a9f23fc74,1718,686,2404
86e68134de649177221e0be766ea617dd16b1f6a54f67003b4605d5dc3c57ba6,1065,209,1274
ec6371e52cc612493630ebe3264a8157f5ea4759be7c23f8ab3a7d6dfdf9a375,993,213,1206
097ecd144daf189e37830d8a7f57a3a1b1913a9e752ca279f806a70bdf4b4095,1752,316,2068
a526f5fa23fc275e6c644e72bb8b964d44ead4b0ddc4f38f61421156b741add9,1186,3137,4323
8bdd36ca933ec4ea1464a5fc1f0ddbfca9127add6d12e0c238fb56f7b132b8e0,1501,679,2180
c6c29d5d4ab41f1f9d68f9242c4b233b7162faf1e46ec5b3bf232f3a82bf8029,1575,207,1782
041652b230212dac971c7a6de9d1fc62fa1ab3aa9bb02480fdbedb7f77fb9fd7,1229,218,1447
0ce5df03686d5e3752e851fa61d9f67dedfe7f85dd03bd1671398031a63b17bf,1201,207,1408
ccfc103b5ac32d0aaee9d66bb24a065e748163320c28d002e139677645791b23,2155,1373,3528
4eb60210f1c39f4d1fdc5c0ba27b5628a9ca04bd07b5a405c668fe49ce09b263,1604,206,1810
8ec59ec37edaae72af97adef329dfdc3c6c3d6e1b78ca9e3a3a5e40138ddd7a9,1857,1521,3378
dcb3b28897cb61a0c507c789c0304774c9e1595847e12051846b6b152a1e8533,2285,641,2926
d8038e59e5fef2f3479da6732416631633d544c5469f5953afc5ed9e6849e9f7,1113,205,1318
85ed6b7e0a21383b3eb3a446892aa189c855ab2f4326bef194ff4e73e3d31831,1042,215,1257
2217d9215c2ca8ee251c6cae7ce64106823b6cfab903acdc1cfbcce23b6a9d02,1145,788,1933
a7ad030daf29a0d407d0f235ad6afcb3359a35a16fe1aa38e3bca6308fb854c8,1404,205,1609
9edefc437e5d175959d08a73558fb79de2612b71d4f07c002af98b65e2845a8f,1024,214,1238
c4f375b1d3b39bfc22b4d5036fc2dab9a1d8189dc9e209177ba03bcadb8c0f8a,1632,769,2401
5860b05b74c721d228559b33ab2a3718c83f89bb621a8f22f86f72eb3adf60d4,1075,214,1289
ce1a4b19527990ad862179bcfde008c50b5955deb0ecdb0aaddb5c2ab55067fd,988,214,1202
2a371107a4e40ebf5dcddbd357fe1a987871bb476bf25bf79a77d2dcec6c11ef,1124,933,2057
25bc4e6c17f5a90eb9d57cb299ccfe459a3d746cebb6b5c74a0874dbc00951a9,1501,1298,2799
96d0a48729805a27a8c900f45b60fce89f924325dcae85dfba6972723aaad032,1009,204,1213
d18d7af5044913082d80c341f63cf5baf583f762c77389bb7eba0ba6babfb86c,1088,213,1301
ef5a64a89d1a737f474088af961e5f02719d3ef06dd6c8deeda8351eabcb25ce,1403,578,1981
40501725174d22225d3a7c57429068f9a5495d9620f30926637313ce8c15c4f4,1130,691,1821
ed15cd9e82ce264eb431fecf50d6f9c742613523b3d1b2bd45002422dd22ed9a,1565,282,1847
4bf26b216dedce0f4c51b16385ccbf42343369362dd292dddf3aa7d0ac7407df,1612,377,1989
8168ca252e4db0183495d2a4f9f666c864ae5e169f236abe56c661b2881f68a9,2162,347,2509
7294c02dec6f59effcfe076455add34b3ec66e056f47def607583b4baebe4079,1109,451,1560
7bd2a156625d994459d1fcf59398dbd76d56d9db124da057b85fa0ef72e6e57a,1237,216,1453
1166135d25c2f821126d17737b04ea6511647f116153908cc141366da67ce87a,1122,201,1323
38e24c82d0afbdc626a61567dbc25b6dfb6d431a76efad996ae4981e70225b19,1113,205,1318
a5a1ae8334ee77321e8fd4be2bd3d6bdcc37684cfc820345e73acd85f795e9f2,1868,435,2303
e08396b68035fbc00a2c0081569151ed69c4300c199c32669b65b0ebd1cd3e72,1705,308,2013
d29395e17295c1ebe6c75d857d52183344826c337adfca1c50c886201a88bc38,1349,533,1882
984e551d1ab762568d837c7f627f0df4a716d955068e1071a6adcbe52d6207f4,1864,1510,3374
62172b6c4502a8d3439e778f537a0405aee6c1b75b89dc26eba247c424260878,1305,861,2166
6689c11cddf069c5b3808ef765d7ac65ab2fd07e24f8f0f2db0a933498eb0c6c,1657,562,2219
b345c8021dad97a0a9f91258beff0c4ef7f89facf9e2067685ef6e148a9ae508,1654,382,2036
dce268be67f31e15aff19f07ac2e103c2b3b78f69ed389e2cf18f8e37a6e0a27,1549,363,1912
58ee246d9df7f20296f78633054b7e93de69d4c8097ba0e0120a47c6b942940d,1040,215,1255
ae4f1cceb2bb7f291810f5192112bc024b6996945c4a8bfec0e690e4dc61a175,1206,205,1411
fcbdcf6f356b990e69feb358acff9afe8b67ad97967557a4d9f3d3608ecc7fce,1318,204,1522
874d9ddebdefd576d0dd078946ac295a8ccd6c50c134fa6ccbf2d2860922ea95,1464,425,1889
12e5e171e31244f441c647b213f2ad623daf9481023d6aa660184d00101b1580,1019,221,1240
057f0a77f5628414bc4ace57767f0092af438e169803bec9a677839238384855,1739,311,2050
0690c733dedd702bbe6cba10db77f2e2561770674e87cfa658abd71179554c8d,1767,1376,3143
41e31792c6c052b82516c98d5041aeef684113fec19e43b6c5dd683ba02de997,1113,205,1318
5a8aad3fb8f3c16f64cb7d756b1420edc8126936bab17f162358b6e798d7dc9f,1350,284,1634
465dfe2636609fecdbf511e3c80ce6bad15a2c9858c54593239b88b8e54c63e5,1250,296,1546
ec9f336d96baffe91b6213b3ec909e8b38894b20c1c93a3e0efd6918c78431e0,1497,458,1955
ddd397895e6c77a01ae053cfb204eae05e64e7660fc8a655917210498eb8242b,1613,203,1816
866cd9f2d307c9eb4bf447e7b7dccfbea9b770a6361254384ea8935d002adb0a,1244,209,1453
1ec44290aa8189c10022319d5f796875c9b5afa333056744742a6cb1c60bed8b,976,212,1188
e3e9be6c764785740b97a5cad515f5ce22c81c27b3528b4be16416cedf1bd9dd,2228,1069,3297
396cd48223d15ee8cb6fe0dd2d96495268cadc7899690c7f43a344099f0a965c,2109,2181,4290
3b3bae06a97db101b77c874c6efc624afa49571bc1440666d015ac4464cf3681,1296,546,1842
85103f1485484fe3f82b1b770471aa11c8dd580870a84ff9a5c5752800e727d3,1242,312,1554
11b5f7f6caf025eca36dd77acb81b2c458729157393ce5c15ad3f55840d8efae,1378,430,1808
d05df47e1585115ec7f6679af1218e663dfe2952f757302452cb6079094b1cb3,991,206,1197
4c88a1aee689d984aca4bf7d522cc8e1c187625421c5e149842b1f45a7b5b5eb,2339,1491,3830
fa11dc07077fad8eac89129c1b9b9d974ec3218fb83735e7918ebd105da2b3ee,1113,205,1318
4a765ae79af540c620d1258bbd13ca0210f38168dc0fb8bcbca1e97db98e6c91,1567,209,1776
9aea053d22de6e40725efd0346a05137d21e9fbc78436e8043e9efc87b86909e,1320,213,1533
a331b07f62ba40b80b281bf233611f86d6e1a65d61c60673a8d68b75843e9fb9,998,211,1209
ef16b64aa0f976488bf4bc46616c8f40801ae0d7db5125a618da8188990b4d40,2131,1377,3508
0e5ed4fd263772b14ce197d271a743cc413ad352cc0e721f3c2746cc1f0fe5e9,1054,213,1267
be3fddce248e8e65bac7f0ed108a5ac63497631d64eaaaa42d187e8ad6a4843d,1206,202,1408
7a9f1784daa5934a451554ac72d15d2a0b5965b1db0e2594a4dff263ca41fb99,1361,215,1576
29766c28922bfed19f90d3abd2100dc71e864d76783aa897df5d50c1bf72a092,1345,300,1645
0b489dc10ab5d32a0c770e3f312fa5621cc9f8ee290608391b37319399cd99d1,2139,810,2949
14f661ce0768f78088fd974a53f66acb1037756951726a0d75e47160bbf762e7,1624,1246,2870
c277b7603800841153dca030173e01aeb69d254cef7da2bb3b633b9b2425c1d3,1042,209,1251
2c9303e23573e773a5c00fd52b6e3f39a19d80aaa95555e4f0b74bf8853e329f,1589,441,2030
0eb6fa112a30c18037ce8be44071bdf11fa9d816195a771324849ae13366ce15,1009,211,1220
a2a29049561f0273aaab73575a7bff5a419f92d08bb751c635256ff914a6a3ec,1015,288,1303
619c3f3842a14af5859697d738ccc7d5ec2058e1581e08495327652dfc1aa650,1559,208,1767
74c06575fb4821637fbf3356137a80ae79f8226965f77ace302536eae7cfaf80,1519,361,1880
288c52b2e022d21decb608cda18b314c142e0b640bdccfe001875a99f4689642,912,222,1134
fcc2971e072490fb95e8864f4b3d5a8a05e6624c8b4671a3682af5ebd042afbf,2247,317,2564
2c82d200a744b839c0fff6df98eee25f74120519e77f7e895b19ed60575bf997,1303,877,2180
40749035d6eee465523486b7fe54a503d7f045becdf3bd2c57a638d7a8851282,1593,283,1876
6a7c720138003a9f853aec507475e5ab69180c405018f8a88551c5adb130dae5,1261,208,1469
f16c0a7088de65cc2c13b1b0523e4dabbf4ac53466777a1589740a467eef55d2,1363,460,1823
9055cc0b879dcfc7c9d094dccbd7963f1a9142a892c6ca377e43884a7a3374db,1504,287,1791
68be30871fcf28b659f176d8c6441c997c60759bd6ca34b66687675e0ecab4fe,1536,747,2283
c976ab2726a5110acb917a1e8f1b2c4ccf34d49151ddc04aef7db7ee6a9bf26d,1143,602,1745
63865bfc85179f3c30f96c25d305b5c08ecd485ae448254b01108a9b7ee49c9c,1268,358,1626
dd492d845358df8063266a304091f1228d5d45dcf42a6609aa06d3d556c1ee8a,1566,282,1848
a7e85d9d28c4fa9b2f541bfefa3c2716a66dcdc1f1b351a9aca8bb6b8bedf603,1102,867,1969
e7fa40424bb864e1f29df65940a79613b93413f5a96390965ee76b1998fd130a,1407,206,1613
58b549006eb4f3ad5d4822df4307121c229d6a7fe3c7a55d5abbe68725251fbe,1346,138,1484
21776db2be85fe0d4f85553894820d6a250a325b0d2cd38aec88bf379599a3d7,1773,872,2645
c8e8219740070018a0664c5b4bc573f073e6f621cc6c4cba0debe9aca061311d,2278,633,2911
1fa31fa193224205eafbd90fafc555ed4d8e422d3e3bb0a452ab2dd3800e4d58,1229,211,1440
b02029bb1621ac8db475af5eeff0f82ddf6d81fe78c511bf16d96119b8e52160,1796,318,2114
4a45c1779a01f7a09e4940f0986d9e91e6e3ae46d12e4def2991a690437a05be,1450,374,1824
1771ee938ba912a78e1a7ead60cc32dc8d396903dc3a310344618f639a19bdef,1113,205,1318
bc479d9b9526d543dcce533b889494f52268f7720b172a9dae6e2b360bdd71a5,1014,207,1221
5afab1ca1462d689a8adb351706e97aa50acef0c27a9c07a783cd3ec97abef03,907,200,1107
80ed5861fe619b0750a29eab44298be3e8116436e1e912933a1dd735d7ccd092,2136,1549,3685
a9bcf6dc95fa45c809b5d091b6bc6fbd494177bc65b0b5adcade093549e45371,1173,311,1484
a6c8695aba648df48a44bcb845207e849b243473ae633e95f56137e530bde115,2061,443,2504
39d6e07761fc35200eb5852ed0d932178d774217db97347a9468c51ee4de2a4b,1454,1089,2543
f43348a0b4022f83c02dc717a7aa91a089f99db2e253e930d0ca7161739e5b4a,1133,532,1665
612d3c90bdde913c9a1f0709c771d3e7567852a9159805e518cf8b3f6b1e5466,1328,212,1540
b6e616ff984b71534bb32210dbca11980828593ec94f13d6491214de183f1901,1880,315,2195
355ebd5296608ef4fb2c04fdb8268620439ae9aec741095ab5be8345698c3a73,1363,133,1496
842f2516329dbbf278cf5e196628e0331d8ea3a350170f7463a886a1597579ce,1906,321,2227
4f69b84bb1c700dc3c5121729bb4a488c160bbc2912a28e55215f721068f9d5f,1039,245,1284
355864fa76cc942eec1863faf9ec290c70d2bc51cab7c16614948ef467683dbe,1215,204,1419
288d471d76ccc422384c9204ea91fee5f7b7dfe1366f6e8685d16e978b5e0354,1530,441,1971
ddb5eefb697560d1f46516e3ac5c0d8a440f9b9774e9f976549cd1b39160f8a9,993,282,1275
ff61bd849ec883d12f208764c3b1e62fd530740463193e18f2474c9383ca33b0,1113,205,1318
5f89b0f2bd40679e76ad4b1db5f25d7aeb650c03a5f81d3458d8e34356234b30,1900,429,2329
af5f6eb1c82cf65aee228d6439a4ee2f5eb1aea1f19ff41336d466165f58e385,1122,150,1272
76c7ce98bb02c18699612c00bfc5491b7b62af75e932113f59eac3021a936000,1058,212,1270
5def39e1082604b2ea4bfa0063a84f7531bd623a35b4085a3ff4f53bcd865cad,1167,657,1824
8c0b96d56976ded363c09cf2b1b1cfd77eac460ed5d232e6a9668ad146870cc6,900,200,1100
23d2651cb694f675b47f99b73f336660cfe0148cc25187b62d5e53ae4c98d4b9,878,200,1078
f97566229e34d1bcf774991f9618d139107fe548f7f8c58f2bcab0a1c1a1e02a,1134,287,1421
2cbc934926eb028c27486b62a96cec1e9fcee1148ab859c291f7f08de5e4a7fc,1097,776,1873
2864ed0d2a59029bae7901dd77faf48486ce3dcb919d13f033b820d00664ffe7,1216,212,1428
2d4361b892a519e77dc6f09ada275e6fe6582aa82142eacfb2e704ca3b8e9dda,1354,435,1789
b14c3652529e54ee7cc99d54ef21809724fc6e79ca00b1f9477cfa15e97cbeff,2155,1222,3377
3df9bbf221057f10dc72bab333bf8104cf09140eeac7a4c7f9be02a8efa93637,2247,1153,3400
8d764908415cdc330b397e60dc517b221c99c42f39d85fce8c81b47fcfd8e520,2080,675,2755
aff0a3b1b6c191f37002db39da6fb811785dae938147a5309bc3e36ed834fa1a,1565,211,1776
822babf0bdfcd68a2cff11b2f0aa2eda54fb22d2da934372e4bb5b6c4cd7dfab,1721,319,2040
47bd483c6108928a4762d13b4cd4ed1a3d1eb166455f83aa78f29505c50bb1a4,2159,570,2729
2e15be78f197e407d498180abca7815251d1a2e2d5f2774f8e4dcbea134ff6b6,1113,205,1318
775225f89c58a6e329bcf0c154ba19beffe0505bd195e2594b4399ab93e8f5a1,1768,569,2337
11aefefcc1c456db3a8d8e4d05aafc7966f7c41fadc48d9038a9c9b229488e9e,1523,208,1731
a721725e2cc2367d0dbf309efe554496bde03915f3eeb9aadbc1c84c4a9ed245,1619,314,1933
ceb1b86b4d9d4c936d2e40337a91f9c3ac00aba1797fe62ad55a57a50711e343,1241,867,2108
31f1cab1a2c8462eeecb3f4f4da1428c9e92e5eacb86d03915d5864853f2f182,1552,317,1869
742c7786d5eeb75d281fe3d32b2cdea2ef6b7ca557cb6e9d48be3a954fd5a71e,1276,520,1796
4bd40c2aabee56cb77d5a89ff46d392c5e8d7e48537612e72a080c9fa76e302c,1609,300,1909
3b33e07e8adb9c37e572e2a845724da0098c9d0e85491e7068a0015713989693,1117,222,1339
7660c1f82f1271d2d02adbc2a62048450a89788ddedb7ddc6764f74dd0f7eb23,2083,979,3062
128add77cf0cb806e670e290980dc18bc137770d7500a8bbd803ad0a2544e99a,946,281,1227
ea565dcb436d9ff4103f7ba1489929eb914dcfabb1bde64c453a9f61422ac204,979,218,1197
4d55bddc14b7f3a8e2fe567855894b219d012537589481c0d1bb30025b176bc4,1293,357,1650
c774cfb9cac88e5e3067baf4629182c89aa37a27cf3c09df767823bfc2b092bb,935,214,1149
dcce94048810e08da05589de241bb77a33c45d1da0159650a053b096a582d45c,901,209,1110
a5e54d4a8769fa4dfec9de94ab6ee1327b5bb762ce0ebb4c13e1d815f6e5d5b4,1094,209,1303
268edc5b6b7e632b1d9333a564d1f9dbc3b4a981cd88bfbe987e158b72f081eb,955,202,1157
84d357bec01447ec7b7e25575790d11517acc52d71ddb1ae833bfafb9a3e1d80,961,201,1162
a175ae2d5a336481742c23cff61046f4b7544df45aae0cae543e6bd904c1fb2c,995,209,1204
6028d4ad9799afbc5bbaee7e3f676f9c3eebfdbb863b845c8b16efc337803324,1577,202,1779
3ed769e0bf6dabb310cd68ecd98edeb5734502a5bcbc5bd5cfe6f0b3b7d9fa52,1929,429,2358
6cd7557ebcc8b17bd64a0522dacf6ed081affc20884da0f4afe200a8591f4a29,2147,465,2612
bab172bea1ca382ebeb4a6f55c36956f1d75e7c833b6f0c01ea4d4b13b7d7d19,1044,206,1250
eeae8109ab85d59caf4fed263d3310a5ea7905600de22a2703117994ef910f6e,1951,688,2639
ac694e1b5a4067a03c08b1d23fcfa23d2b4d34929e4907969d32f71612ff879c,1714,544,2258
c0e834be2d70e2d1eb25d34002713574ff2c38b66b5e1cc4883abf7a55654f60,1626,420,2046
42989adbde86cb08ffed8f163cfb1c4432b443334499d3f8b3b9d108928a7fc7,1113,205,1318
2cf6da347a814bca6059f391825e3b75fab176769a33c675892fa1ad393c16b1,1194,223,1417
dfc0f26eece2f05c14ee79fcd4a48d5e5a0584e1bcc37cd39ccfcf44d6672166,1495,202,1697
d6cd719bb813a5be083809473051f1fb8e409ec1b1c104e7f23725e35d3aac64,1657,551,2208
4d466ca83d2616e0dc4987b0cbb0955b6bb77bc96825f72283aeb8344becf9ad,1308,517,1825
379254840d0d0b91379644fd6368e2c14aeb64ce1ad2597c10d3640bd8ce9b90,1540,706,2246
ca79d7fbc02ded03ba5cce27f619d5b4bf9574d043f10f95bec96be47eaf4e2b,1175,214,1389
37bd81e80a5c37e4a268a02688865969f3570cbafab605c1b9ff5de13cde7bc7,1251,210,1461
8bcad2c53973a604bdf104fee0f7d5fdce61f7c4cc1318bfba0bcd01358d5d1f,1315,269,1584
eec5d7ba5940db37e736cdfaf63b16cb94a772245c9c53e5fe28b86c800da3f6,918,207,1125
d28db8eb09b9a6e1ffdec124190483890fddaab830a03034aaf4d2d573b6806e,1313,243,1556
8cd477a45d52173463320592e45ec1b8a71a60095cc5c1bec680061fea61b66f,1767,1013,2780
1e3a8902bcfa2c0c9ad003edee7597de5b622d8f212558781ded4f121303b28f,1067,207,1274
94188f18abad4aa36e74e192f12bf7ab2ceda31225782d508fd2c901ad2976bd,1068,210,1278
d965157038669c36962705fa1a645fb9e644d03fe96e6795c8df9bd3a3754c3d,1468,454,1922
c6baa8d5a51a2c9047809151d7c282b044afd3279562a102037a6b999b8518d7,1567,281,1848
c85c82f8483737a01130818ab61ce5d2c3c843dc972a9af43830f2969f6651f9,1157,203,1360
9694dcff56f83e2c2ed222167b5b2b307a39de84fad9e5e1d09b2a7690dbbac8,1975,1154,3129
1a6da2560b517f76e7d37ad6458b4903c226a77c1d27395dc9954014631df94e,1186,597,1783
aeea17d0f19b015565c0a362016975e16fc3d2eaf6351fc34821878138da6ebf,2201,695,2896
61c04d08c9ed46ad01b559afe52b2e578bb147337ff6fa4be8756037498c3798,1553,288,1841
e6a9ebfa6e2719f7a90a406b3b89d80f953c3a69553cfc7096325c6489c734a4,1113,205,1318
54660433dccfc6c9e57a7190bdeaeaa34dd0b0537211cc8e100868a447272f25,1793,506,2299
919ada33878281ab00444d730ac9a319913b89e53a9586251c18b665f5b35bb8,1340,295,1635
e53998bd4faec75e7cac69d35cec092694a29de796d2458bdb1aa820ff8c7ad5,2350,443,2793
46887b30a6015d2ebd0eed5cb77861a399c846ea0136c620b60850839e778ca8,2211,601,2812
0cf3eabea21dad2554bf4dfc8dce4777141242e682ed1ca4f5f93b6c215f29c7,1540,287,1827
b89a80ce809aab95f117931acd07d1a5948bca4700f95d16b495071425ec25c7,1373,206,1579
ca5a2e067c454be5d994de9345286f0c4e7161a3d6decad8fb7e787590920882,2076,1244,3320
99f067a383aca2ad246b036689a224da807d74397b895cc3251276904ee07a7d,1511,287,1798
0e9800cb33355b36564a3e3a7360bc076eae11279d3bcba198a684a2739c3bfa,913,207,1120
2ced3e88d06f786ff811f3644b7809287e701f694a86232da1c7ac3b5aea5870,1620,579,2199
a08e52fbbd7dd3c4b3d3b876af744b4a176e85040b80dad52ece0fd9d0c02816,1433,369,1802
f5bd5227eec546879171834f345532207b235107056ab3f0b121780784f78d45,1320,208,1528
3fc01ab7d1472d885f9f467e04782674731583cf2f0dfe11e07be993118326dc,1567,210,1777
f231bded18ba195339da7012b9fcdc17276d6d97cd4fdf4e0a36ef96339479fd,2337,663,3000
8ade6f64db624e6e59cce0c261d8208fef3b55e2c8bbaa881a6970e268fe366c,874,200,1074
2bd27668a7d74505669f644ec8f1e55e4a8a6422752f69d752359739871c6bdf,1527,225,1752
007f79f041cc26fa702f33e7e5eec7125a29d33e42fc558b84ee24fd9040aab1,915,213,1128
3dc64b432ed5a4bf3c85219c2a44bd1ceb2dd1ee36772a3ff65c137f15bc8457,1607,314,1921
c1385d4ba2f0eb07b93df1c8398a611dc0d0937d503db7b5f519ac8e419929ae,1309,206,1515
b55d61b023b0f8b1bc099eb12d75f325292900ae0d39aaffd7ba86fa1b210384,1113,205,1318
4344828e049bf755a5e2349b16ed3117919c0781cab451886915b9bc525650fe,971,280,1251
14b9da03e19597dd24a27847ed7f16c0948d5da05dc90f4b2c37d96e9de4e43c,1926,322,2248
18b823ec54c4f2748015a96d71713f7a86b5e4429fb1c1853014bb2a65c5e31a,1527,205,1732
d2a87ed4a01f6b3b3857adc32eb932d87186d9fb185c9daef901f29f57e591d3,1058,207,1265
4a45bc6f1f1a29d27662c32d81083d8eb666d3e3ba92085eee5ee9095444f668,1252,210,1462
908b6d492a472ddf8b48a22304274aa316866b162a445e400e05a3d51fe0836b,2331,1418,3749
32a437de5daf05e0bb326e6e77a4783ec7ba84d0476ce4581185f9dcf08e9813,1166,620,1786
f8bea5fe5e282ef5596b328abf8197aa8e91368f8a44d7944dc6bd7812690e9e,1312,261,1573
9f618fd94bb632f1fca86e5700d18390f5c2f4571b998c70371064ce259f923c,904,210,1114
6f3c0dd319f9204a74ee86f3d724ad31391e3a25e9b2df2e157e500e1dc9d61c,944,205,1149
dd71d1187262af3e297cabc685a2a8d8ad75e54b9fabce8ff738227e53996e89,1016,209,1225
3e04ade9f69b5d732c1f953d50966e2fb3fce292531524a9f8bb9500af49e770,938,206,1144
6b6f8c89901020fdcf961a6c00a1812f054130df1f51561a991554e3bf5c65d2,2049,322,2371
1d74005f7175f0173ab4d47b0a0c9f69211a52c86678315dcb34d5c64abcf6aa,1650,324,1974
e56c418e3f93f9172d704d3db831e614331d6c1708428cfe0458a3a3cbd929a0,1097,212,1309
2f065ba823e4dc0c0fca3fa4877146eb2ebdbc867e1bc04b09238f6c032c46b6,1342,844,2186
428f5ea4373e66948d973056cbec0cd729af6aa3ef22b14fe5ea691def206aad,1267,211,1478
e599a0fdb49a9e552bca4d86f8ab89eb9327ddf6beb7524f0e1e0be8fc6bd33f,1126,204,1330
205e7a7d3e44e42e89e408907425192b39dd7eaa1186a3e6dad2b7b1d2624e87,1113,205,1318
bb2185575d9fc848b5649964aecd553d3a69ade5143cdf73f5ad1fb943861c41,1102,541,1643
f118d80fb550242bf613066e1a2a6176178749d40f84fb28d8f2dd457a2c9e9e,1550,325,1875
2cbacc0f3912ab7401bb9b53baecf748cee288af5eb729c0ed81d2714b5bbc09,1004,205,1209
20e242fe2eefc532be92f98423cadf84efa0fb17b27eb6890b5faf873fca78f4,1028,209,1237
8360591caae02adcbffb06635c6fee280d3dfc496e4622ea04be5f127fba7ecd,1005,201,1206
a0659ccd1aa68485bbb3513ed233ec124bc41de47d37ac37beebf3be9b554c75,1441,453,1894
f9b334d8fa52ef6c6f42f3c883e07d87d5c9ae869f8b29c1263ee90b8f9f90c1,1672,926,2598
6fb94579a7892921ec679f5d81f3d6d48deb74ee627bdc37e710e0d4aee7a0c3,1250,211,1461
d618adae76d88d8cd0c734f4c7cc660de83aa5caad94cd525bc2b656ca5222e3,1001,210,1211
5e3965419a364071cbdf6be6fc7f13ab2a79ede3e8dc83fa9c35d13a7976d71e,1047,200,1247
3e34f5b60fccb4cc3a7fe9df063c91cad16301f0c185ba497d2584c53d94db00,969,215,1184
b67d161988b41b915cc3ae3ae9ae48ee245eb6d90e693824dc389fe9e8bcce2a,1046,214,1260
2d5fa7edad384a702b40a2f76960bfed1bc99f04888442eeeb8b64c7e7716752,1348,205,1553
dddf8bacf20c485fbcc27b6c8ef78eb0b218a5edef20e6e95a7ed8971a0891d3,1327,368,1695
990ad754e2dd22dac97050ed6011f0fdddaf00a7dc71a5c39d860a6eda118324,1565,211,1776
2078d25c7b5d5a5e0b8fc3b816fb01e74143697c6ec6a488fdb8c245407a25c3,986,943,1929
67aeb962b7a9cf5090d1e20dfc55316afe924851db5f463599c2e87dc19e5ff9,1252,366,1618
c8e3ac3e5ef43726f6fa6e4524b28e943b9a652977c4513f73639c8fc9fbb767,1107,284,1391
42b5141c6069adefedd38fb5b2582fc5bf5fbb8ffb0b011b6c294e13e0f737d0,1358,202,1560
84e40045e7363bd4f4134f70328bbef57e6db3ac2fee94bde16698ee0de9c789,1274,764,2038
ed25d6b9721ceac920c934fddb6894997e1bb5c997602cda0094da3da49eeda4,1347,293,1640
57e3d894d4490989d41cc9a9f37fdd8100fcb148ac5d441274e0c9877518f329,1172,206,1378
e8e7998dd87e164d29b5b6d5dc61e8d8cd06f6964efe4c1fec80b34b4f360b7c,1076,210,1286
ef8e73e6c6ce0594ef9a3417481a55dea77b6ca7d8d858e65c381552663cc265,971,209,1180
1897a8b6057e1978eabdc942402d23fa25cfdc431977a93dc7b411899a55c701,1661,540,2201
dc6d97ae3b6f7664209df7b58bdab269e1da9c4cc63c86be36a06e9464a34e96,1324,210,1534
a9412f4e1aa1708f35617464ae36e2be413a538986fa27601e834014a949bbb0,1113,205,1318
49e276d23927b2322a4c2a335b2109dde46eb5a645a9451ff339936345fb6d25,1458,588,2046
880a50f54b6d3127da693bea583924d3b9d68a2a3c05c6f2183e4101ec8146f5,1091,212,1303
9b89701472e5536102d8d47862e2c4c757c2f1c322c95482449c61df9695e2b7,1336,216,1552
6e90db85776068bb48e00f1fec49334ddf0f89b22f972a1a04b926a08cca665d,2118,1196,3314
6ba6642e1b654138ef0a01c062dc3dbada556f3316a4579238d918d644b7f18e,2326,667,2993
2864a46238b06155ade9fa8504fe3827581a13395efcec3f057b6c298bac53d5,1147,209,1356
5933f290a7c2f2e3578a9f24e365b8c646f1aee4a7b9040cbed4f11d1613849a,1809,311,2120
2cdd1d8642ccb925f898b4df5b9a1ade7cd7b6d0b0f0cdae12cad7f56a95eacf,1572,208,1780
670c5b6ffe4039ba02ad0970fde93f9ec892616c0cbda6c8f7ca23b1768b8fd8,1294,217,1511
ce99155a23f7cec37a9215050fcd9b2ecf7a6c3483b7404efa43354ab4dd33d1,1354,292,1646
ed43853be879a4428de68e3ef43fa9f526e43cbf8816d7edfd955325cc50c8c3,2260,1042,3302
b7bb26ebcfe6d0eb37199093ca944b56d1fb441746766282ad3daed312993217,1128,610,1738
9d081d66dd3e8a844ac246dfa574e092f4470f5c86089ebe4b6cd91c08231157,1586,206,1792
98897e4d09563bcc6fb3954856e82e4aedcd88a9fb7257421c594c777a3f0282,2095,568,2663
3ba3cd179b25fd8a7d269b8dcd79eb9bda648eee7f21be264b7bfdae2e1a8229,1095,213,1308
a7ba2705d1d067dca10cc27ef5497e4153e51376b880a9a287272d8a49ce9edb,1685,322,2007
43fb9d02ac356cde308186ccea505ada9e88ae63de445d361477b8ec52ba7c05,1928,1096,3024
24654c9523e0d8d7cb30b3a908780caa8b4f0db1ac3b05a3acc485d539463739,1217,205,1422
8509a83ea7752f89a44dea385900329046d1c82684ef64f22ab84c6c539ec97a,1089,202,1291
ebef3ee15e436e76ae0ea4ee61a6e8fd9c1857d50a656d9e4cf900b6f688d834,1177,313,1490
dc3e96eadb4aad74714bc05869b3ffadb27091c63251b60500492d21fe59ba8f,2020,432,2452
0082e66e2dc29fc2d1763305c97a0df973737bff36164c0cd9f5938359d1162e,1015,216,1231
3848c9b45a63203f12fe55943d98f2efd5d12f0386311f3b8eebc900d271f6dc,1624,892,2516
1137d0fb78f88c61a5220e9f472acc8c389d5f563be91a1219bd5470c596f2c7,1569,206,1775
bb9a133b875901978223ded303bc311a54856ea721205c8a3ebc43d51ceec401,1381,202,1583
e58071e90b53495a58ac798a5278b485c73ce6768711e23e4c8a1a0c35926b05,1001,205,1206
a2390bc8bf0193640eaf372dac9724beeee78459a99bb552990337b4623afd57,2195,1363,3558
3ceaf8ed080bb6495c49b352d2d752a96d0d1f680a5639e783ae743a3b167468,1077,207,1284
f198f5fb2f89370fe987ef3d820bcd393cb2e0829a54ff320fc094db679adc22,1550,310,1860
f6c103ee0671c5a4d7b689ff3c129f666111f1ff38f8db6efe513d114cabbe06,1422,203,1625
731a42dfcf69283ba12ae2de2893feaf05d4992997588c59c8d29f27307bc67b,1250,758,2008
f523c4cba5c601c84bb07a32bf04dd3cee173c86f5ee00ef4a7b09763b8a785a,1276,859,2135
008c77fb398ac0f5adf6fec54128c090dbfa6aae25bac98bf7387bd4a40dfb0f,1113,205,1318
057cd5656000dec2daf253df5494365f140529b086185312a9f7a474750c8a2d,1138,205,1343
160606f93c5a4ad7da3b25d3fcdb865a7b0bd57132f32518b4a71d220719eaa8,1182,415,1597
9e400aa8e6932a91d336290b1978dd2c2f6abb1d066548e629c2a9d1a4b52f2b,1523,216,1739
825028727e72b1e874b32481ab56a9c0cab75af7dd4d4d66116bb02e5434a6e8,990,332,1322
c8d0dcc8fe6bba5ddca8d18a94c7ca65a2e3c1c3d33840c6bd83f9320ca22712,2214,673,2887
6074d1dce3bd4ec7068d9069288136c2cd25f0894bbb210880a506f4ab9a54a9,1642,915,2557
d665dc353b6d41dd6f8b3472d311511b0fded38281433fa9541a48ac25b77780,1714,318,2032
dd3e584f88a9f8df9dd35773c4f09161470b851deb33f93e9d20153301a50a3a,1362,250,1612
997314faef149273e6f93f2ca8aa74def89441a22f07be2029e9f3b04eabfafc,1503,786,2289
1c9297d772a890aef619902515b1bd2246a89b92c1614d29797ef9134c3d8379,2015,329,2344
5c276d8f711d987669589cac3a6781c1442c3dfefa3c23c334654566883738da,1529,205,1734
d323bb39e5336d2067f063c9d79404fcb11bf0dfb68c58bf923949c48d30c0d4,1604,206,1810
abfe71af3f5c380d5f1f451c730f38f1f1403ad8a8da3fe938e6d29e5831b28e,1917,544,2461
d4b11ba3ee94b6e4e810c0f14a8b47e210d27bb7475998bd53314f22b4fbf9ed,1567,211,1778
de8bdc19bfbcb1a72f848d6ef2fdb2c90259635fd2d2ffac010ef2eddcfde9a4,1145,310,1455
e7c5233850ccf74aae03e139b15aef5bd64fb0973bd21d5298b6ed08f9d9df26,1586,217,1803
c05b0286c97b16819b4dee70afcf280bd14146ba9f8dafe802fdf5921c21de78,1398,283,1681
e279df833171bed8bcc16a66a96ca06297dd79b3dd9ffc908d2ef78ed46b701a,2002,331,2333
5b28360f2a0572fb69b767d5a14a608d7e39e7272038ebe2739c2919b7989b17,1623,491,2114
86862f7098d337a16b65e3b98c788441a08b3c2236a2e049291bd5589bc8708c,1696,322,2018
cb7a9424ed39b35e80826b4684f6921c2cc129a4533b185c5bd69250e5b68cc3,1463,210,1673
a03b0e4723944a79fd3c0c5db616dc7e225a0b839633c3f54efc2f37bbdc8c17,1293,204,1497
e8edd1c631ce8ef0219ac415c75f2d0b7507fb2a9753e5b88df667e0c5528f1d,1785,1502,3287
c4b7f8f9be4b9289b8bd17e45408cdd269a3120c10652fdb74246561f343c692,1184,620,1804
6bc96753e5c89bb9d340ffe6b5a4c13879f912c85de0320e18aa0577e6c2fb99,1007,439,1446
bd25838e9c3d20208dcfca538cde798fa005542ed0a95d50f877926f36c1cdd1,1419,633,2052
5de53b8acc631fca714603249cc91d2720d8879077b22a11e0125be2b331e886,1112,309,1421
ff7adea0bf5a2f3e3305f34d89952a8f1db58dcdd396e4b5cdc1854cb5daa7e7,1814,315,2129
1c754defd79bf231f9a387ae097b4b984e2c7d53ed5c476e51d2c4acc3c0375d,1562,207,1769
da2324c3bc4e0bc9e9d329dfc78f35a72e7c70aca46dc277c065ad3217200964,1620,419,2039
4dff74447b8f84e72bdb2364041abca485aad0cb7a20f27f5c44992627c44fa4,1299,207,1506
38f675695badb555337c70f07787d4d7b200c90a4aa8630fe2e15c54426734d1,1061,210,1271
d6afbefa782870c65c0e84398a4c63f0a4deaad07d21729a0b21b503d349f713,1266,203,1469
6fa3e58b46c84e9647b9bc1211177034da13939f3e11c524c3ab1c55509813ef,1416,591,2007
23c747b252ba7a47562d386ae37c0bc9315f7946fd50bab41c1e05462a1bfa70,1353,217,1570
60e178a6c20f5baff94ac6eac1eea1fe432365b978e1f2228f05007b891e9394,1882,1523,3405
b3c431e32ee393a1f4ba690526d279a482b7e2b6907ccd17ddb4b891a6e3b940,1467,427,1894
f558e24926323a1a2ae523a25e12472d5386c42d3c2be9a587538d0a5031cf60,1200,214,1414
bb09625763c2fc958cac6242ebb7fc2146037d97e3aa2c4a482da656d0036021,922,204,1126
ef25d567e475f6aa403c73579a2a8b5a7f5e83daf903b53d8f641de1b210e4af,914,204,1118
7141b53d1e822cba16711d7b6bc60054a1c9b56ff84abd5249060625fad22258,1178,203,1381
be3521c9e541c87afca55a10afa788aa92bb0c42d0a9407a69a4cd763d9ad433,964,210,1174
d30d23aa65f58e11c580c3d057309cfb32060b8ddfe70afdd44b9c1003b6615d,1312,858,2170
b63a49f5e251ac2fabff25915e5c93e06e9231cd7e71873a063dd67295a0f030,962,208,1170
9b96a5cb17e870f13070866f3827cf724074be616a8f1a7b0d1ac45d1fe9b0d7,931,210,1141
daed2672157f5ede12c0a3549882c960d843a626626547b5b72b114c1359a1da,1596,209,1805
2eec42411851903e94a1b8d80a34ac20aa1a9852a6f5c61573f378671bb7a9ca,907,207,1114
d7b63d6a4ddda5f9ecc1cd6c91d3104868e005e3c0f1f841a8eafbd87d4deb85,1106,209,1315
694d0a25e6a0dfbefd5b5d8e3f52b13355ba926626a49c1ab080a7831697221a,910,209,1119
207f508fb91b1049d844525af4d042fa2ff457553525902856798cd8887b3383,1144,203,1347
bffe49e2b97203481659afaa7737ee16292ac68fc2689a17d16714e450c415d1,1082,211,1293
85d6740567c30dbce2933432708ea201c2534eb37a0cab8bcb5ffcfba5132b22,1596,286,1882
0b92da2310323e03a786b7031de1e8da63188fc2b81997170baf9e80a2dc9e77,1493,203,1696
6778c41deb003537fb33dee2774e37ba1e1a3dbc6bb159cb9d6bb986d81f34d4,1905,1530,3435
92b1ce681d79050c40de5aac99c6f5006bb4a07f280867470ca9b5c8bf4b59cf,2218,572,2790
5208e2551ed7795f14920d5ae6db19155270e455173a96bb9ac2f72c3180e51d,1567,211,1778
2064e3bd292023ab3ae62a704050d6ff8ead27fe1ea9b159b1e5164b9c7dd748,1572,319,1891
0c6507a95ff309ee7570e7c85a21b83d38b06256bd49b8465919f53a72ecaf10,1221,282,1503
69bbcf576888f40d246696a4377028cf48427d486f371a2ff6e9656276db0864,1320,209,1529
87eb0321817831e3d29c62be7f033895a03e5e626f2360cfcf318708946269b1,1402,780,2182
f862310b9db2d1e69101c666d64af46c61da1fd97fea63a6dba2cac6f4248778,1748,443,2191
78cf3a89949cd26c6189e3401f53a1f54102bbe2b83100dd5964b6f092681c84,2214,794,3008
56942b3ff8d88cf2df0a90d4734b4c68ed08cca114a51b54df2577c4196bdfb4,2010,362,2372
eedbb25eab665d931b26983be354305ce6222cbb62b07ac6563a1ca93e5b5c52,1151,687,1838
9c3dde4c5d84a0022bb19c40ef33caed955ed1b17383f96bae3e37f631ce1a0e,1148,801,1949
aa316deaadbd605250d286925120667525a6908c03773fa90881baa25bfe48ab,1422,365,1787
cb48a1714a906d95486f0f30fb6cd09314d1125f1e5151c51670c9b59519fe8b,1556,204,1760
68e8275b604202094544e80058649608728d2bed5f61bfd35a6c4a9fcadbe5f1,1159,200,1359
b2843ddf23b3548db224b474eb7d107b18d9e91165b66f97b4c6c454b82f5bbb,1155,530,1685
42f5e783b6587f12767b38587634944077b9ed1a2afba7ab6c584ff1a0793ba5,1113,205,1318
58e2c89305c3ba0a8b758b6facde31055e8eed32e56023a7ce02c73cad38d77b,1014,207,1221
be09150e2b30d5836530efabe0060941164d1fad7346f25ebdfe9bd6a80220d9,1316,205,1521
474cb17e7e1385c3f932a49f0b95f91199c28f082b2ea806f17726d91b7c09b7,945,204,1149
3eac822531c15082c4ed1065d24f8eb75388683a3bababd62494aaf70c7ca4cf,927,202,1129
212d1c5bc2bc789791e685a86c94e1dbd727e750d26b00aa91576b18b43152da,1370,210,1580
168ebbffeba80f4077c32902c4ceb372364a518dc9e28b78596d58a651b74ed5,1178,1552,2730
b5aa97f85563c35a4321ad41dc07f58b5b9567d8c95c5d816282eb7e487b48c8,2139,804,2943
ac430292845a9e262c987f0c8851ac5b0b5d34bf44de3fd84eb674de58eaf5fa,1353,202,1555
7d552c173aba9adb8ee20cf9f15bfeac212850fb6e86e617de4ad3491a520cfd,951,203,1154
c8cb233b735b354868d72a88f447f00affcde4c960326a0199cb461c238dd41c,1178,698,1876
eaf49f6fec004601481c41b65760cdead5fef877b2d05f6c66f74cfae6b3502a,1373,277,1650
1ed746cedd42d55148614444439abaa00131a75f27815545a525f60d14f28907,1415,832,2247
b083563df062be34d488ca34faadc71a05525322b5198850e730435718b648e5,1259,209,1468
fda9f0d73bb4c0e3608cacef901cf57bd1873ad51b262e99635f00a781672454,1286,778,2064
0378b419addf08dd69834cb83c2879be478843b52eec8f7ef5a5ed5a40588a36,1921,330,2251
3a809c27da53d395b708a19461b8cb61f6158481a05528e157a449c4b9a66f6b,1090,204,1294
b3b5b44423f29b4156e6309021832faf1acd40d7f3f0cfb13d9a3e4d78994f28,1754,1199,2953
6a0c089fad3e01e6211e0fb1c4e933edd729b437c02ec871206539da328851f9,1552,210,1762
5f3f5e2175338d5460d11381776876f29d824960253d3351db37b61761b170b8,957,210,1167
aad8c4ee06ab86b670599c311867a43d383da2fb9f8341dd6e0e409caf3e67ea,1682,323,2005
b5cdb323840d1c06bdc2afa1efa954815226a5f0fcf85d9ca607c1c399e23c32,1203,215,1418
f23fdb1b3e42707b6cb47ce1a9d4ba06b9c9146f679024caa6052674fa64580c,1572,457,2029
8259d10fc914330e9982e65beb89c0213eb6851f0aaf991721bd2d55e0d538f7,1504,207,1711
f332bffe6afd3104351a9aff1aa02588a3009b18c811cff08a0d731d02d4957a,1841,309,2150
4ae437fa94f18f01efd52c6a942599cfb8b2670ace28d48f834c1334ed48a262,1113,205,1318
b5be5fc4efc04bac6088aea4146e826321bcebbf8a591347aaf80a7af11d0860,1018,202,1220
8e5ea7045b0307e15a035f546465186ba880e847f1b209b2b761d45b79afb6b4,1717,535,2252
47704bdb53c28a0f165861f8e6b1e4c6fb1ccb69423e93217e3509c2272c5837,1459,279,1738
5529e86aab5035880c7783c3d3ca3cd85086cfe71cd23174a1cad5385015d060,2222,365,2587
490d2308429b227d61b50325012c3d9067b460d24c212e68a931c2effea089f1,1782,823,2605
591284b72b0c1e8e9c905e2e0cbe7c554e2c39d09c5fead4256393a840a2b188,1590,394,1984
cf26e9a39707d3ec60e26bf55bb44a0af184705c55e05f02318ac2d63748305a,1577,371,1948
7b9ca776419b3ea48d5c1fb6944e9fae8689ca623191f645f686e7ae49edf4cd,1054,214,1268
ac62eac0119102c0555b6c80fea901904c78e20db63a5937867bb21ec66846ee,1353,446,1799
9fdc4e0e3ab882167924652aa84a0f0f2328587329a644534986b3bc3410cb32,1295,983,2278
05b4b6b1f006f284076cfb889b00e368850ab62af37fb0c060d2e60e428bb7df,1434,785,2219
52c3fc1ed4817a68dd93c7804f47421f209eacc22b1a02b33b619694c5a57a82,1632,314,1946
e1609cffbb8bb95cf95ab3250229476d93080bc9334ec8a43832fab980b8d77e,1201,202,1403
6ed19ef210a475a7cbfb0493d4bd9a1722cb5bb89ca59a5e809dcb5b2cb46d83,1187,204,1391
6e39d9d28b53d307fa39df8d3ddd2a8f2c686f465e1d918028d47a4949029769,1641,1149,2790
1e679508063c177deeedc56191be97eefab92d13b97bcdcf0423d197486feec8,1451,287,1738
fef26513c594fa89e4c6df345367d0dd657090ec700903cca1d1e299c6b951c9,1563,211,1774
9d100e9ccb5f03d91e663a94a2f27051e3f5aab16e01848b2ab457bdc53b5467,2215,1203,3418
2b03d50beef94370da19943df0829ac5c4ce0f99626e95f35e32528fe1e61a38,2224,427,2651
c80e1716c05da77a92c9403a59e10766d96a2df53d1b46b141c3a2b56a82559e,2315,586,2901
eed22197e9867e397b9976143769f70ea4cdb375d8b7c92f7753a32bfa76f95b,2362,840,3202
ed59fa7bb36638f133606919e37e214c41989d23f639b7b4eabe2ce45ab73de5,1498,202,1700
1e468312ab7d3c09124189236c0f7ce8682e9d892f6090dbd269eda69f3699ef,1166,203,1369
c54ffa3e7d4bff0ed6fc505f6b51f295dbf9fbed2d02eb09bb46ae9fe861ce09,1473,213,1686
425324bd3eb2ecde0e05186f1092f5466387b0aaf646485d79851a2835fcfa39,1627,664,2291
787d22118cf7cfd50c9a80d9982603080b86db77aab716d91464569fda573f9e,1113,205,1318
5e9c68a19888b03480109de7bde11b38a92a3c87cf955907ef97f8bcfa9557e9,989,214,1203
5341af47595fa5e6f80b0e22f84997dd44255fd192086af2a4f9833f7b436b3a,1046,290,1336
70772c4774c20182f77065ef9bd063d47e6ef2ec165098dde9cfeb9f121c2c28,1517,252,1769
187574d5860fd78dbe156e70119cbf6dd2b7c06a5394bf8c7a575ce708819b55,1771,1369,3140
d36a36fde2325b1c1e4f9466460476eb294a8c5eefb51254daa4579a28eb3d42,2040,439,2479
3ab2cee5c5df90937d4229a953b7484b77304de9fe1f7e1737a1e9cdf9769cc1,2367,670,3037
d947731c2f3c1b5ac5e1fc02c43c44abdcfe233c158c11f3a37cea76aa06b933,1465,289,1754
a6a7cbe78eb3b57b31a661b7e22adbce6e146ec94458ec21971a8d8fbe58eab1,2332,1086,3418
149de441ca01fa18e21808003d1c60adc3c42df9d11efa2ffd16857e97585eb1,1381,447,1828
ba1739e896d5197a10bad6e5adb70737478047cec46475df72819b9db4edf82c,1758,761,2519
07ad161e8a1a5fb013eff5e5cba05779f34fcc5fa1fa96eacb3559dc46cac888,1609,210,1819
0e90b4807ad41d0e9d8970b0bffc733f5cb5f494439b218a95950ef836f3f904,1338,208,1546
9193a6670b62b23d2e24746362195fd9b72663883a0d25251351e8ee2e7a39a6,1186,209,1395
795282c9ad598f9224e29ed902be1a80a0e8f1163d46dcf5b1a2eb394123ce46,1475,456,1931
e0950a96e031c290f0d0c53e3e6e2942574c57acb121326c3c0c8f9516b3b998,1416,213,1629
334010b3be9247a80b710838e0a5a20d7f971ca8dd80b06511d53d4d0228a1e1,954,132,1086
0c05aa2d11e84259c28a5a45fdb49433b3d85f355e3a97bdacaf35148093e3e7,1387,275,1662
8163b28d0bc3a1a6ee2845db744b9016412a5970f30766fcafd4f7a10bf502f4,1801,320,2121
6d16f4f6f748a4834bc2a7b95591a3a519705e050c3457d13ef07e0604b4aeea,2376,2499,4875
6e69090a878a137e431052b5343b689baf095ff14e0ff43f81d3e8fecc16109a,1495,563,2058
9fa0b806a16a62d1b242a9b50398f1528d2e834751bfd4a46311a64d3bb2d396,2110,467,2577
7572d7e0c24e414707e9528a878c4d49796c68a82cdb83e3da7c10a4dc91ca10,1016,136,1152
f9532333c5a210515bdd18c8dd54cea3ba417b8ce390154281e4f078fc893dc8,1281,210,1491
e4efecf5139016614d30fcf2bd200d38a9285d64638173a7406b1d6efa2de277,1602,207,1809
b3c3c0f317d04c3b50865cb05c5a9c96126ab3311bf704ee7f9eb06acef882dd,1552,209,1761
5a801622afe0595de7ce5d6c67ff3cfd8d5435300157e5c49602840bc8a032e7,1595,208,1803
22f0f113982d83bf3ceaf8294428e8afbda54adb936731889d42b8fd25fee758,2022,896,2918
e2c76e3cc76136685b5e61e2cb0119fc36c9e41cda431ceee4def0c1fb9c19aa,1390,291,1681
3050f6157a1c87d5cc11c14fbf1dadb037530860ae4d0de7a52ea4c2bb50831a,1567,281,1848
118c7b0a231c3939a3ee8895b90a9b9a5e46f49cf372ef54b9766d1e96474662,1053,211,1264
ef21aee1873604361705b225b1ba2b0a62d066b80cf88895041c1d578ccc120b,2243,662,2905
cf59063ac8f1df6732c970590f39a53ac1934eb93e56b7a792dd4c7d093c1374,1701,530,2231
e02526025738da3e8e49475b0c565925cb57c9bd78925cfeef0be8acb0179dc1,2205,645,2850
997c9f71cfdca025c1862708c65c6487d7e9930f9a7f3d8afc9078e53832e440,970,135,1105
17d08eaa3b9ae87514284581daceaccfc40ec1a62be843243ead344638d0a5c3,1906,664,2570
4b5210677c2ef5181817ab657f1d9ba2d8cc20a72d92393eb461585488ba2a22,1876,1181,3057
8f7a9ce67a49c93671cc808ffe7391f59ff3a7854c8546bdd0e891c4b16643d9,1836,1137,2973
ab2766c1462b5866c3ccd8d6edb9052fce08f9ffaf3df019f43975df91a8272b,1025,598,1623
0b06b56217006ecdc72e0fdedafb1c7ed120afaf54325738fc7c02422e4dfd67,2039,1033,3072
91826d42206614e1bc0f7da1979953eec1004fdbb3bde8ee5f7be31fb0fc9856,1113,287,1400
f5cf3b8e2fc51e44fee959ada57438dd444f6977ebba4c85ba404748349908e1,1498,270,1768
519f07473f305ff49ad23b1c25c3d6896bdc811eae9a3a3ecc6fed9f486f507f,2255,1129,3384
c7d9cf063e20f1bad08bde059b1742d5e7c4eedb7135068906ee07f4d1de6da9,1764,1014,2778
b29d02c7e2eefbf20ad05d23d22aeb5c968cdba578bad38f151ec9b4d7e85b48,1593,281,1874
2606eb56b7018a6e6eff233b1f3247202c303d7610eda24036b6caf9a91f0f75,1409,618,2027
1d4975da38e7abd27a0be1af3ab8100c55c3f2057aa4c750b0db0a42cb5ff010,1537,213,1750
c1c35977a9cf549a3dbac17e0e4c1dd0806bbb330149c1646772e386e1127335,1565,211,1776
a6fb82c5e0626855947b4b2bdd5158c06889012b761c4f2ce7d485dc9c4dd25c,1642,544,2186
030bcdfd984cce682dd5963dab31c19b227d80cdcaca8570e41dd0899573fd69,1721,313,2034
9a43fca9f737da64619bd8fa45dc3dbae39af8d7fd3aa9ec76330a8141946bfb,1401,206,1607
7b7cfdf426a5b62161c16b4d1e0337fc8a1d63bf39108edfc55e63b637202aa9,1496,456,1952
865cba29d4fceede28d95c6c75e7a7c1528ac7443a9c584243dead2a31cf45b7,1048,695,1743
660f1870ff8a210ae9893383fb19ff600ed1f234a560dc62b35986c98e47196e,2028,434,2462
5be74756b192b000c27efd0b76159ca545502f192eda0d058c827ea92ce707c4,1258,208,1466
b02ef11e39d713c786fcd8eb899a38358c31a0f4060fbd69c77333439c32a8c1,2338,1840,4178
fc34f890da38af5bc6cfa0de8af2c7311c1655cdcd33f2c915ea95ea7958aa42,1109,295,1404
f2d76ada334c0cef87add894fb4f185acdf0a59300e6acda48ce61ecaafec727,1113,205,1318
2dd3adb50aadab668621d48e5c3776d7798898d12481f703406b6b8a2b88b205,2235,549,2784
1283f6588ba9d74b03103fc8d34b7f7310068586f9689bbcabaf34cb86c4d7b5,1636,566,2202
4637df782fe8a10f76a885cea6e7e33ce2d92c6f74de9c564fa637f1eeee0416,1135,810,1945
7270d27489a3be5e6b659e5cd5e9de202d65b610fde33ec38a1312fefd84fe28,1512,617,2129
2302ba0b88d37faef57f0d2581c77c25173004dc891f4a982418ec71311bf518,1346,209,1555
e41dfbe338b62b85a13b990d6a78e7772b1a276bb824629cd1bcea175b4f76f2,1089,622,1711
f0ae2bdbf61714f08b9d56428491245f4ca49010630be71f5e9bdd70c7b1b4b1,1329,694,2023
bcbc2c6aad716b493c28dbcd75a11036f78366a46a4be199f07c53cf0178a5ba,1128,855,1983
c22a8f6fc51d4254a677acfe7be22b3fd5f923bd48c935cb9fcc430234a7872c,1477,358,1835
0f985ed58bc55af39ab369557279e160b7a420e722ff2802b2c85868c18a709d,1163,784,1947
7cb367debfc547474632f1b0797e8209d82eedf69ae1ac94620ab28f647587cc,1014,206,1220
1c55a9bd418b098c3d0aae474ab2651e4593bc5fbf50fe75647e36e769580068,1170,213,1383
0fe14b3fed21c5362ae5ecdaa02c60556354598edba9d566eb5d44af38383708,1183,349,1532
79829332269a3ae7d2394d5af7ad2cf27b39065ef9469b50eaae333cf78b5965,2366,571,2937
d383f5e1e8e8c3f38a83e66d9de289d56be7ac8a97f2397a9bf6a4da1d441992,1522,206,1728
1acea063566323af11b239a2c1cd2a7c005a3f5e28593bd240d9915f5a22fa76,1217,205,1422
31a0b68c10d95ad94599f5f81052db539865e606a19851fab5710ebd992130b7,1169,204,1373
f471af0705597f579ef741ee3ed57bd1cbd10f733d7f567f12e5a166c0893868,1840,501,2341
93793b078305aec1a8652c5826f7ad3bdf4c6ff052f49318731f55de9ee38d79,1565,210,1775
210ab2309d38fd8531ccc70c907ef02e5d99aeb706aff9d626dee31a12ad979a,1264,209,1473
6fa0fc1e5eb2dce98f8c46989f9e98d088a4ab07daa172f8b1e7fb6ada80033a,1565,209,1774
67577d18e69bd9730f517cfad62189e75d941edfffd7e0dcedcfad505bede835,1113,205,1318
54cd3856d59fa48125a68f84d1dc1c10f78091380b06d3cec7f714db0505b41f,1048,211,1259
4ab3d9322bbc7df9268386bd83191c904decc0f7063fd3c43d040506fbd8e974,1558,359,1917
1cf7eed88af157b76143ac2040e823c64fffbef5a8b6ade357ade950c2a3e0d6,945,206,1151
d81a052447a4ad79f1f47325a905382d2e4cbebfc22f0bd398c544f9e6fe2c58,960,210,1170
60e871640ed6d5549af4890605440b374b7c36dd0e403d68f85bfbeb7020bbcf,943,210,1153
0fd8c888d5d7579708a4d6b6fd346b81285d6303799734f6387cbd6287d04b05,1661,315,1976
48415ad3c40c00c5980532a277b7dbca12413224f1f8c0377d8bdd9c4ea22372,1653,420,2073
c9d1c5f77b4d772caf6ce3327a64080833f78d0bee692421eb9c3381d92b641b,1066,207,1273
70ddc39dc8002200463c9483847fe6bb221e5d4bc1e2fe73f0a945af4ab3874a,1008,691,1699
276316eb48c98fc0cc099b3f53c78ce68af60fef7b17fbab4265a1ff29ecb6f6,1373,317,1690
01815dc1d004ca1e58d98031901ea4b39de45989bae819620e71423d96e0c138,1336,216,1552
032b033f887cbd7a6ead95eaff62605391116fccaa071f45936086849b2f0e06,1796,1270,3066
57bd50a10a97dc2758569321b12331c55ce2db8357fa67f2c3441437521a41f1,1782,1031,2813
82779f25898d180850d56f16f8bc6f897dab32a1d40f14029f13a477996dab71,1113,205,1318
8c4b1eedbdef5df671228585772956b7ef3ce9b53e72f232afc5699eceefd678,1841,917,2758
77324d1f568f8bc361bcd4b4349854726fedc9b6bb837dd73953108c497ce921,1046,287,1333
317a50577f52a78f1e2ef7dee579350d2a96be351c2cad7497dcda27d2085867,1515,371,1886
64aa6937f29510cf39218385a741e810def7ad9e09701b38f7430df05b3a60b4,2297,550,2847
88646e540102a1ef1c3b372ab9d9dc79ec2ff8be96f86d0c5d4dc5a490d7f7dc,1258,312,1570
27dfbd11eb61f6da4ce57cc3d3879729627d155b8887d70fb3e6515c38911e40,1077,218,1295
e6f993517c2c1c4a35da9a862653714f58ef893562611be03c6e2c8c5a1c7afb,1462,212,1674
0b4d0d1514095a45370437c383acf16670e6dd2418b175c888c4e56970ca6054,1791,316,2107
84cafe2cb13c0a36f0c312c99d36fe9014724c3d0d0e679bcc36d3ab33325e1e,2192,761,2953
05a8481023c018c6e0d34232b7bf60ef3248aa223cf33c4ba8bd5262321979c6,1078,207,1285
e0524131c28aaf85e84e45cb6fb0a0e1ec88af491c7faa1f7bd2bd471caf205d,1266,223,1489
cbdf8bd58aaf0567f83d45c934ce36f1a72bc8b48fcd90e315938e6a827a006a,1036,288,1324
e759b92cbdbc0536e8c8bd8aa6b6907afdf1fff92a4ff8fcd58bb75c36006ca0,1108,307,1415
02c054e1f1de9ae504ca78d9d230b82ba8f19e3a774aab9c3f288635598cc00c,1561,433,1994
f444c8f4d8a6a73ad2727e2d9864feea89e981abb67520257d6e711c12598a45,1479,373,1852
f7efb4221c24022379039893c916a16224d1ced27d5ee9579b7d0dcac0e43883,1567,211,1778
9c2ac4ea51e0caee5e2978fd327538106307d74d8aeb2dc193eda1d2682f11f0,1112,378,1490
54f0e5528c0af78ac69d0c1f1824e46864a621aaace1303e8e887272ec7540a5,1567,211,1778
8a0dfde5f616079cc2cd95fcfa1c75275da748476b349dbc6f9f2bdb39ea0de1,943,133,1076
edfc8ba6b95ae48ac9246c02177e203aff6adf4c9a439431b9897cc2f7c2f95f,1113,205,1318
e89b52cec03c2721c5be0943c85e7c4e4f453fdd6414206ae40cf3ebf6a80fda,1521,529,2050
9c1dcc7c85734676e5625ca7cb36789260b857b27f529f3bf29046e87ae2e778,932,205,1137
899dad7d4e793ed11b8132492564f9066764b2cdf9c61674dee161b7399bf799,896,205,1101
e5cfe12334ce7aaa1d93c6e0fe34403557e6a6175077582daeb642fa28ce4b5a,1352,302,1654
52ee549645a68fcc3769dc29887bfad8a64c56b0601ea0f4659faf2b29573069,1539,612,2151
a9efda55e2b2d84313a823e006b96a2cf2f0e5269ea07db12867d3376fe60673,1155,317,1472
af19788d48da6a80aeb090d472224aa501833c003496e5d3f26bb27d33913804,1075,208,1283
ad5082cb4be756087094fc60b2415d4cb41f54ca442f3e2f12cb42d1787d4f5c,1361,283,1644
62d1cdf556a3312ed3295351fed5cf8d0a57080cb0b456f3daa0263d13cb8108,1492,1289,2781
0291491347f529dc8c2a876d3065522eed175072f7564d21459a316b50b331d0,2206,439,2645
84b8e9b74fcd310a9bfb40664d4a7c82f33b8a1677e1f389cb6eb127b1bcb867,1452,695,2147
fff9a4ba2849692efacc89c17db9ab35d7662f8af6cc92795c09a9dc995bcfc0,1380,299,1679
da7d043571e688515c7e7b4e81e776f7afa0804fc586b3b32ba20a12594addd3,1385,436,1821
cf1cb18636200d6026429fa5c8fd25580731d9900aecb18a1562e07ae4ac2831,1843,813,2656
db947db36c6aa033af584ab6e7fbd994daff01dc2549c86aafe99aa2567fc1aa,1493,206,1699
dd213dd4ba8af85bde71fa76d9e6043eb5cba8dbf92c54f7f2a8dc04bce5c47b,1267,208,1475
629102d463d2ba96c5ef60e1f5a19413a2fc2948127be518e225788f87f9b458,1113,205,1318
f40df15db52ec277c42547400371c478742edfb88afb6cd92cb0b07ce2f3fc56,1214,312,1526
8feef026d2f2798b61b8f7a5a9c1ae3a84ff7d24304f49b754867e8d58ad958a,2245,313,2558
2be4514ab291767b7f11fd9888229891a1b4d6bb47eab41006eb20bf19e09072,1451,206,1657
83a6b93f097436402d0915d1da83ad8023b6eb2007daa7b28f33af07b5d9f972,2091,329,2420
5ad5f1b92a83b9062ff5003b4fb85b7e467eeacd16becabe0c2c0a6bedf08702,1214,233,1447
420247de30d9f7666a099d9abbce7f530f071770f94bf32c85d6817da8a95a74,1571,383,1954
8f2aeb747c8b6c5b4762ae852cb1c763eca81b40325636482ee9db203d6c207b,1976,1136,3112
912b48a67a76aaf5a734542c5433e9510ad1106e0029a5ba04729da40597f629,1098,208,1306
b528cc1f9515069897b0f2113e9f86069359a1e85df64283e788d799868ce9c1,1481,460,1941
19a97b8ee1e80563aa69ca4b4448e78216a61307cda655816ff984cb2689e833,1658,784,2442
67d4e26b18486660b2aa84f282cf47ecc897b9963604be8745d9adbf30bcd0a6,1391,693,2084
19ef728d373cb044ee6bee615005426695d85ed1be9326aa25413f4b21818853,1592,373,1965
9f4e446151cc4e6c98f95982551aac7907585d77268ed49b085b50df91034a85,1562,376,1938
3bda7974e6511a5a25dd43975f5ad243ef3aa4d5ddc28cf88fbfa499a1104de6,1213,314,1527
f69b39050207382faca99271425943abc34ab68078792b447418f0811bbd1e1c,1333,205,1538
f359dca12ff2bceeef0425dd414abf3a3e30c286b9e0da1b5b0446c3fe8dc51c,1537,244,1781
d9ae50ac2caa2be9f15cc1536cd399f6f1803f677693f53708fb03e6559e1977,2008,902,2910
b170f3d53dc55d990f7c81910806d03e80e8812f9ffc6a63351c1d542e3b2ab2,1564,211,1775
537720e95d8761275856353ec3c7d25a20ddf78746cb9befe61423147df16f47,1300,210,1510
9550c53cabca84258da30234d36eab6ea67b280a5428bd6197ce10d145301755,1067,325,1392
d3deda7bd21b54fec8c5577ea759f556d6525e68da87fe751d78bb0ad9d9c5da,1181,284,1465
6867e6d35dc00b28c5903b0c18fcb81bd6f152b182a3d890da67822c29e00719,1113,205,1318
1773eedbe0566ad760f64456ee1a6b7c46a28e1bd1d8fe285b192322fc5c817f,1263,211,1474
0d16ec9626bad0aec33a10621aa6a643987a2fefc07c851eba27782bac8f04b0,973,293,1266
d52f523c965f125bd79f33a92d0a28a85c542f550e20c26446e25641252f65f5,1505,666,2171
018718911dd9badafeb7b28f07b73efe9e89abec1fdcce834f48226cef94e4d7,1609,209,1818
9c53eef3dd281eb0fa82f98a3b43ad467345534465091123192a396015163465,1236,213,1449
a37af334b26b5d196dcb5fe546add5cafd8b74609a20cb4bf1119b5f02a37170,1168,281,1449
20d63059b5fef6790dc9d0a59940360b10a4ee8c272d06eb6e33b77cbd7b8ca9,1465,376,1841
0c7fdf8d665b4065e6d9745ddf118027ef65ba268f9d562daa01a70bbc7dc164,1113,205,1318
01ab1bbf1d1945e1adf955ffbe46b3c62daa0dd5848401909458cf6396f730d2,1091,297,1388
f42f08c2aeae67f192872f51f746d24bb0543063a796ac7edeb52b9623763354,1269,213,1482
cc339b698f8e9f84447cc88299c93684a96cca060e107dd2b7c899ae3f0cb73f,1630,1256,2886
1db0ebf9279f5df554d9193e6215651f0fb15e5b7740f054c0e223cef2f8b39d,1614,652,2266
21f62b05ea7133674c0e36863eedc9b2fb1200403bf8d81e85f0b718ea005b86,1085,291,1376
d4d27339c8f2b48913fce42bbd8f2300040c1f13276f899a049b0ab134497824,1541,449,1990
bc45c79d058179fe7d75b406dd6703bd8c6d6578c93fd240abbf54b321931b8c,1502,437,1939
f758733306ab74fa5c55d6b33516e85aacfe76ad7fce0a752507e6137c0eb0a4,1731,1707,3438
08fa4efbfd6b7e95bee32a658b89b6689a725920fda4cb66643c64678892af08,1040,207,1247
09f41c128c10ac658ea1a497f7a08c33b59dab2699113624a4b8c4c609a32909,1446,202,1648
582ef9463ac373be73eab4a7a35e0c4226a0f7ea6537f98159e62f9c7ff43d5f,1310,212,1522
03e726a2b88640501667747ed19095aea207a2c0cb9d0bc47d80894ef084d125,1328,383,1711
7cfbb2e373b45bd1c7568644a5d9636539da830b7dab99b3086b8342e43f26e7,2250,339,2589
55f2a7aa3ce3feee35c0fbe6da4ff56dfc462e2aa29e75e99651d63dedb5c76d,1071,211,1282
77ebfe1f9806b246379d07e42de7db0afebfc2f35a7d71c32341f8dd1c09ac4f,1555,203,1758
77f13ccfa7fdafa96576796139b31bed44fc18862231ba96bcb230b65b6aa72a,1637,314,1951
e82d9639d5f35f257be99e36c1bc0fb1b4c1b4f8cf279f25d5a0d35ab993ce48,1284,210,1494
529df9d6771c3e51820591e9242221c70c6a43b029f87d7cba5ec3e628c68c78,1358,208,1566
163b95452b03387476f396f8dcc6efc0763a25ffbb0fc5500cfbce337b812444,1575,515,2090
4af11fba6e842732bfec12b1b81c241dfe4205e65fdd121fe27c345f2cfbe50c,1533,295,1828
34d4980b6dd2529e6a999ba42cd66128c380f3f2e091680301b22399684c834c,1386,205,1591
32b46a5fdbb9cb91ba247169e8a40f4d3cbce2fbe527510def8f123cfd463c47,1608,520,2128
6e2f7c017262a597d4097d5b0c5604490d745d00eb6bac378472ecb5752bb700,1113,205,1318
eb352840db44bafe7ef56fb83c733b92fd9de99af63c4d079f0865ed47c4c3ac,1722,600,2322
ba93fb1fe9bcd9c5878cfa68e797781e75fc106ee7362cd3d9c2e57796079b2d,1101,254,1355
07bc3b8083453602ec3a48aeab323b8f7e26906ee4b7319e376152057e47034c,952,215,1167
7d4a5c85ceb252238e7a83e23a62f09ca3af550d49e9852d6a6c89d687c85961,1618,317,1935
cab20719a06d79d99685694b5f41fe57ead281fe3ec5035b8f6549bea57db3e4,1527,216,1743
0779fdd7493dda684f227ee48623cc46b43047a1ee06f8c1cd09dee8ce1dfa8f,1293,373,1666
47d872793222e1c5fb79d8ffe6741999e57bc5897d788c58c76cd53b0b3f8e77,1221,471,1692
1ed5686ec5f4dde609de41bd5b93166601f1b3751bf934e3de874a7ba7b16ca9,1440,1274,2714
f7bfe5624b4e81c4f2c292c00a7c3cfae53372f30adcf34dffe57c1b723db204,964,207,1171
a748a6e1b96d5869fe39d13a00b897f6958e50022ca0ee0ffb741a7e25b00139,2007,490,2497
3d1fcb83594b49e9dd99284808970b99ae5c28b75c35d02c76e468c6a096f940,989,210,1199
7d32ffa82a7f2910828fecb41dd735e00d6e0f6d709af54fc48f7f820ab80361,1176,1147,2323
18a43c90175c4f36fe6741ad16e1690341cade69b642d03b33403b8e5a6aa6f6,1437,363,1800
2208688a6541ed98e7af44dd3089714b3cd608289e6d69b1539e6f55bff56b20,1334,534,1868
f3fb558882c1acf837599d0e701d355e8377277d8c40203a1a5ca7cfeec7f48e,1256,203,1459
9c5b71c23dfebaababc94e0699c0d4dcfe39278197ad6d96ead7b1215440e6eb,1853,797,2650
572fc71b56b39931e4dd433ba36972d1daaf31996fa9634e9f9eabe590b76be2,1299,205,1504
8464ec05029731e523b6bafe5f3e262f9e9581a71de79f0f66c117c801241803,1114,205,1319
8b14ed008122913874cb728ddf5375ac93e1d2b221990be5aa6a0d0367d4f6fa,2378,1200,3578
a6b7afcf4e96c4f453ee5b27629b63970711462c45a5cbb3f0c7b86ce09a8fb9,2163,434,2597
0ed4f5a9b2c75fde841eb511bd31a9217e5a8df03081dd2d2fc7976b6308f10c,1679,795,2474
0a9c5a8a50f080aa81802fb57fab4b49adb48556fb338f6f157ac2122c0bdf76,1848,319,2167
3d7179fe9999998785700315c28de570a217b67a3da592c838b7a2cbe3efc2a2,1380,623,2003
0bfbd19cacd568bf63480cc2f1136e1cfa9cf151b59eb92d83e7baa5b41e54fc,1565,203,1768
26119534425016dccef6024c5f4cd76153d2b2adefc03e56558ce37ac35af458,1279,373,1652
cf7800bd8518100a3d31a164aeb6e5915cbf2457fbbe1580b6a82108487e6af8,2364,1487,3851
6c168f13c28bd155ade5d6c8755a3fde66b5c0ee6b397e80e10b14ac7813789c,1103,536,1639
3c849417bb9166b8fa124b79f03dad242f68bfd783ecab5e86ab4aa5823af51d,1114,205,1319
87c973445451df76733e828dd1a21fb3c5699a463d0b5850c1f68f0bf7d6fbb1,2163,694,2857
4ec2db8c755ffc47ca0d00da8eb6b8260e2ce13b83122dba47786e0bec22e693,1618,320,1938
91768181cfe678c16a1aca2ef4900e266f00c90fc5a0d7b0615d55d3e9948b24,1511,292,1803
3fc9b3ed770f981c8fc4d7d70b785baa7a02fe8fb407f6361d556d85487492dd,1072,204,1276
b651170bfe0b802a45a880fe9107cad1a63c2dc7237398ed8815762ac1ca45a0,1378,204,1582
089b6a9d304102e5d45f4866477713da27b29ca5f15a17958c8091317e500f07,1158,541,1699
e94e3a7a809bc3d03988ed20e0e7b005e5f585e617cf4375b4a09110b5c036a9,1091,284,1375
00b92d129951a96cca5d12ecb317f3d5557fea09887bd782956ae6e5d76f515d,1357,297,1654
c0ed3071059614781d39aa6983d500d79ed6a59db7e123c2847a23937b335af5,1216,212,1428
05bdc8c2c4b7f41c4eeefc3895e4a55d6c9aa8ed27fb579bf63f7ff6d5559c74,1855,317,2172
1a7dc0e7f8295ad11c4288d78394a2d508249f9567dc1d966f86b93d6c7eb129,1091,632,1723
9cb3d66ad7de9c2e21cf90ecd16f53160bad1336fb7e5208e02c88753d672240,1209,440,1649
f4ddebd43cde903541b3711fcabde51dcf429d20a5a4d2b2312962c8dc3c8beb,2273,1370,3643
8b557a410545430bb9863e0c40c6fad9602e3aa2e2d8b3a40582ead886f0db5e,1593,441,2034
62fd9ff9e7281ce5d0147e94de566c314af0b615a0626831ba1f85d0395cb877,965,202,1167
666ef979d9b132cbcafcad8892a28618a4214457b30fba2869d524d050cb93ae,962,214,1176
02505b02ae2c1521082b850df36d671202b9173b03227a02a78405a1d528b56e,1712,925,2637
2d3ace4ed4d1ec93f89eb3512bde12c40b70e99e3c761e306331a62746de80c3,1039,297,1336
da9ceb1b1f0fd625b887bea180d0022a0981c5d0d0ac958d7f7347510a4402b8,1164,213,1377
ae6f4217aadd6dd357358ade867d77406e0f77b292f53e49e31cbad8ae7cec24,1298,301,1599
0076bd15ef1b0bcfa49bd50790e170648b4fb346c7495ae340573c95b5f53a8d,1560,481,2041
3cecf33f5680ce3d21feb25f1bb1cb75a458dec095854753ec158af99c113269,2344,1006,3350
342dc535f07a77c0140fa107963bb58ff052b0b37a24147637e82449a0223b72,1114,205,1319
a0991af459773312773255684131eb5526f1ad1368cf484ffcba9c582797ea2c,1019,213,1232
773f34d7af207b66eb6b42c00ce2f951341d6d23898ba2f88f62307243dafd43,1206,213,1419
7a6d898ef589ff4c1c541ef5b9dea10593d55d878a0a8258088c871c19b1008a,2056,438,2494
cc2b323a7565563114d30d59b5058b146d8a4a75dd970ab810f0d0f216e74d30,1367,202,1569
b280fb3b50804063b79146e56cdb59ab2e382c8e77207254984b93273bcc819a,2244,418,2662
c8a47c62dca52056cf3a8889432a8cb94fbdf9b4ccac674d2cfe43feb4a6e3a3,1357,214,1571
04dac02f6ac4b517a447cb44c3dc2daa9c303fcb579103d6268f682e76ef62a5,1382,207,1589
f9c2567198a9702808dcc598a8e5ed70202e89bce9271d0c8dfc55c550d88768,1653,320,1973
7b46775c2061bc961b197a40dc794e9a475b2bce31dc7651bc8f70cb521a0365,1765,441,2206
872bd6649130ff8e2104f1e81b8d354af7f6a5a3c5e10dd325c826683c4a3ada,1333,215,1548
4c8dd6f535df2afe76ad9ef3c34da21f95d787fcd972a79229dc7b3741cd4428,1100,218,1318
d143feb87899062af2c1f686a4a18b23204bb6dc007ca5c751c83f36a061beaa,1445,375,1820
d4695f6cc7f40a889858161f32ec76a96e12fbb255ab1a91134c1ee250abade5,1842,684,2526
c1ea524e2b9daab0e9b5878405bbffb3e5bc3b5a6a2f47e18dccd22ce847ead1,1232,285,1517
4802577c6f3d5b09522afaf73d059cefdc5504bc51d35f27210224ca9c478748,2305,1119,3424
c54ada576128ac86407074e379199c4ea1d741ca031a45ccd061be049ed43ad3,1714,787,2501
7515d3d9265b4839255bae7f4703b8155ebb99011387960da210006b257fe75c,972,216,1188
0694b607bb27f5d69598ad3adeeb7db34f20fc3604eb5fc945fafeaab732eeb3,1206,207,1413
c49715f37eca50bae60ef4167f36edea93f2bbdbe86c7dfb2eb170a7ef1de010,960,216,1176
7a48ffddf3828212f7a4208e9492d8117059c52448031ee0f796a715670fc28e,984,140,1124
d628a3ae7ccee1ec5fce37acef28a3c1e1e99ece901ee70a94d3639225d95f4e,1114,205,1319
962cf7f993cc6d8e50918aaed6127edc7be2e576d344db58ad1744da27074fd6,1418,219,1637
6c00ea7ac8a572c5b3fc8f588d4b9019c2a79fe0497c4dcb691a3a3f3668aea6,1354,212,1566
a7aad9ff80647a199dc623b7c8254e5d861a9b8815b9d533400771a70f8a57bb,2133,689,2822
4b6e039edc86b47139e2fbc49b3bcfd673c7e4036e7c5db96e0f36cfc2ab55f6,2206,834,3040
3ecb99985c6c5bb1526a1137db0058e1e5f9a7c1d6709b7a8490f16aa8b25661,1333,214,1547
358cd4b0fa2fbd890184be0e087bee01f60d1877d861450f2bdc1e2ad0d5a353,1277,363,1640
0eefd54e8b65e8b22ddae57a9d0f808abc037e105c0551feded543ebead2ea7c,1366,608,1974
94af1512f1fe6b147d907bc159163383d19e7ee09a57d5944ecf202b742659b6,1148,190,1338
15d68cfcdb4015547f0586276eb1bf80192a5007b2de07b7f30c5f559a93c029,1112,213,1325
81e99cff120e891c6aad633ee531dbec263b6fd648ec7d7fecc40b450e79bc57,1761,520,2281
bcf0e88a6991cdeb750ba0678e84bde23613724da9b77677185c0ae8e1595135,1722,323,2045
bbf3349fa7da416ea48559ad725bfdb8f27340c801ff9a3a69e8a2e601869148,2280,1262,3542
2fb85222d01538853638c4828a6aa4dc020881b940395044e2492bd3892df9e5,2228,936,3164
244bae35b553c45615284af5d0c9248db9f4dd81d3d1d1489d39a0d491428020,1332,216,1548
a0396811c67d66e04c12fd81895e8911e256531599e6a1e9ae6b5424936cc88e,2157,1014,3171
c8c66ff78256e90f80e47287ac210c1331ceec65834a8add4b9ba99f2b60665d,979,207,1186
4a46b07c53b42d03180d79044208725bbb8f142e696d81f58dcbab8788fff641,897,202,1099
62d53bfaa3c3b958475dc920cc36a219301ef9dd18032a5d4be648b6741948dd,1567,211,1778
27bd7791c531222e61db9f50dae3a9ad6725d447fdff6df4cb5daea9de812ec9,960,203,1163
688881081794126c2c04470073f7f03335188431f7c44d98e0e0ee294023ab9d,954,203,1157
3ad0ad7ecbf93d6e09f06ee9d108380c25165d34c3dba3c04cbffe35526b59e6,1245,318,1563
9ebca79fb05afac7517d1675d5047eecf85c18c0c9baf2f3c60a400a5ec481f7,1445,278,1723
68de8cb6252d3af0fca281415abf226ace962f0d18d176620733f9f1196a737e,1044,206,1250
4d6498b07cb10b6627c02b3733183cb4897b6e03d9f0d530ce3ae695bead92fa,2198,1178,3376
e2ed571e442f989e78001281a8bdb24eefc4bd4d9c5a0d778a150cbaae320826,1285,967,2252
1290bc7cb82efc2034111f79583fab5fa4e49c6d0412155f6fadfd85ae39de82,1233,247,1480
5af1ea645b09ee06de4a5a628cd09dfff32b97f88e4e04a58e7bba1e1a39846d,908,204,1112
72fde723fdd28e95536563c109e84633c97ccfb22760dd54a933a61405dc5364,1848,900,2748
560d413417772b490cd4f4eb90fc29301d027189e37341ef19c473e2d7403f48,1739,366,2105
b4b7ad93308563501ee24870b44fdcadddd850c44f82d81ce26294419bf692bf,1495,704,2199
089f625fcead0fb62037553446041b895db92650d776bc0bca60ef368542f7aa,1424,568,1992
f35707065f247039062bb9171105ec751602a502e5714ce544f15d10c8087112,1943,1517,3460
dc419c9efb8edd6a81a7b129d8337b1046526935143b6f9e70eb588f612debcc,1779,1824,3603
3a15fffdf61d1805739b3af24afe1b7753e0e1b93cf465cb4e5fdff615796432,1442,838,2280
44f39f3c9098f155eb33d933ca4b8c60d2f94bd7295844295357879ccdc42442,1266,726,1992
fb9c2fc2750587b0bdc44301aa08458553cd0d846947185832e02274785590c6,1614,325,1939
3a1f992d09c6dea84a5b38f235127ac891e10846d741344fe53b963dca988a18,2317,1250,3567
