id,prompt_tokens,completion_tokens,total_tokens
b2ab6f6513be6b6c7cd88d493c12149a577e730def799114037ac0bf3a5fd52c,1367,210,1577
eee193c792613d503d084392c33ab8c1c8b76b4e203c74713b1ad4763d785451,1043,212,1255
027368454433795a2ccca1eaa02883b69d0cc97fb98ab3543cdd3a5361e0b994,1005,213,1218
bae6e8cee770ddc3fc9690cf7938850e34e0dfab12b269ec725a6ba7394a9afb,1274,213,1487
203aab64f53f1b35c0f1ac7f259fb99428f54d8a472b1eb82be9b114928e341c,1226,229,1455
b3a31e6448cd1184fb72911dc3122dd51d1bb9fc977bda124872d7c2ae632e62,1119,249,1368
cd1a5b1eb79238e101cb327e069c73fb8d61017334012091bd7b9231194b5eda,1240,203,1443
a2d42c17a9dc3d5990b40b5b04f49ed9d6c637b51c7425144393bb06d1b0881f,1147,284,1431
bcafe1be0be7c19fe57e1bcebdf2fc772387f56bb0d50f9d1ec2fe5219efeabc,1546,290,1836
58197cde6802dc23cd692a49a46888e2bea02fcc57e179b53cf6235d09e1a5c3,2000,315,2315
3d72c18d6ce0772900ee7d8a1ed1cb841adc8b0741e9f915aaa6fab729d76399,1122,205,1327
ce7f3ba090fcf2b90c4351208bac0eca8c7a639fca668b3c86eec44d8f91b368,1393,382,1775
c590b7355a9b2199d458ca244e92f9c7438606468a12a7ccc7081da0019eab57,1185,207,1392
d2969453cd0fecd5c8eb265e5e3d5bbd9d6a0cf3c3e66306791ab4b6d9461beb,1238,204,1442
0ed887be49218fa242511f16cc183a5d4ed46229d73ecd79b1d65c6399c8624a,1290,218,1508
d112f881a25277750d16cd8e3e901c6b829f4a18629d1416f3f17e9d3187ddf5,878,203,1081
2f08825123b1b9bcea256e3389af93788aef9db75d340fb86facf2f9a9dd2bf0,1555,292,1847
1ced71575bdb9c8879136ebe0dd870cac3e8a1b5591a1a157db3dfedc0c69982,1040,225,1265
a5003ec10513cf835699b7ddd61ff7f7d7fc07f3ba2cb769304296502009f385,1450,546,1996
82bc0791b4e16ef0a532afcf66e06953f6c0c205be69e9171c39eeb1e44291bd,1380,302,1682
7669c570a45c27dcca68c718454717bbaa15b14ca9735a161219d64e0c5c8c56,1040,303,1343
516ecf6a3bbad1613777a5e12f41d75df5b686dc87d68661c8863d8b0554bc6d,918,203,1121
a7994141ebad24193b90aa70654efc494253e994235869d6abdd542a7c3693c5,1185,719,1904
6d2ef2abf162e466f647bb49d7ba5de386b1e63fb7b663a06ea99c73ea1281b1,985,364,1349
0b41a21679e003c399682c08fb015e612a555d6482f482b3dfd6fa7ae2539d0d,1146,404,1550
1ff4317521c4449c9ea6983c37bfe0b32cb390d9f425d41198e207ede5f049fc,2011,783,2794
114d56cdb0e028b67535adaadef05dc7929ae8ae67b0b83c7af04f7946f70598,1167,226,1393
b66c36cc574dfe37a9ef864b6346d59d0fecc89caf5d01cf3496a1f69c43b99c,1317,363,1680
cd3c3fdc7bd469d5763812c9041398fe328bbe5422b539112a13de03f97e6841,877,211,1088
09e4582cf6af8d5947916f9cd4f8364c5422897f9bfe9a42cd9ce4f86d4291be,1374,451,1825
055d2d81e7b67c436785876b9c61a758fc113c0ce10f05200fbaa533606ffcbc,1178,211,1389
9b2582a1399d180c6a326e8af627afdb3ddfb555e307a250440074e288eb220c,957,216,1173
29d1c33586e740542982009766094177a2a5e31a5e9ad5a3fff13e70fe49388e,986,207,1193
2609433c2d3feaef2b1ce935d917cf5d478fa500d323fb6d4e7fc79d9ba1539c,1528,216,1744
1aa5f75746c0bcadb8af8c2956d01f26b5dafe6e1c9c769ba73ded3a0ca92f3e,1455,213,1668
0220e551518953f9349f22afd44e5a87d70bcd63088adc8101c3fe03d1129259,1159,205,1364
10898c0179b94d65b97d9ce40d78bd98e53dd193ded467f0401c965d13490070,910,209,1119
14bd4ea41cfd2ea13f89b6126a1a891cc527dc30d07f1fe79e584177bb5510d6,1120,441,1561
d401abd2f0d4eecc7b780b141b3aa908185fc8ae94c4298fa3f10b524a9abef7,2238,553,2791
fe3d77e667d09711ca1038ee6f81dd4f8028eb2314eed2279c1a71305bd2af38,1049,411,1460
5a3dc1c6669bb870311fdef76174c3b6d7e930c0e581bbca4e2b0cd157901648,1949,661,2610
baa1d00846515196491348f4ee127c59e61ee662ea8f5cc6bd9a3055d6fe4ff1,1122,205,1327
9b414a3b6dcdbf4434bb3d2ba6ec11537a1cce17400260900d6286c45168289f,1203,212,1415
775bbdb99be1023c12c9d496277b79f17749d0d74868ce0d9ad1c2084065cfa3,1051,208,1259
5e512f5f9f84abfa24e28c202482462e9cbf2cb2930eb6568be30b11ebd18158,1330,473,1803
6e2d8118ac91325635438bfc2bc05192c10957a60ce88daaba093876f80bd094,2233,793,3026
3a920400c50cc79ae34ce94bd612cbd0665a853d4dd3dce8de473ad5e1e3f608,1121,206,1327
8ef57817a31b8117c6879ab09470db7c583d91c56cb971e097d69f56569af406,1835,322,2157
19ac6683ff7fefc1674d87c2c11dc10f8c7a119dd5742b5a5238d74fe846cebc,1188,295,1483
a29b28127a180c4afc025f962bbc14cfb19e6fb44a00a11aa0b0a7eb836732be,997,210,1207
0049ba90d940c0ab69d4b365941b09b791627178bcb8349b17ac1058058f556e,2242,818,3060
4a481137d39756dddef86022c5b6aaaf0e15620964782da9db901f42fe0631dc,1045,291,1336
4da1d8f2c16eaca579ecf8056fc0f3c6cc77454e1ac7dac933e7ccd60d7acb15,1056,212,1268
761b387836b5314aedcd2f9e0d3bacab1a9bde2c1c3093720b8a292e5348b002,941,210,1151
74c0a2b397f11e623390d8fa457faacaae374c07d0c82dafaefa0d2a0e8111b0,1099,300,1399
d3d4c044f4dab638e693a9c8553c27f2adade12ee0d648822f89960c9e79e34f,1301,459,1760
6494b9e5b3f4fe261fc366d79b5bfa696eacbbb2d11b24ccff2d4dd77763d22c,1106,205,1311
c08025dafb9e52075af6d021c2819b00757f0db9a4dca0c13895b49a661ea818,1349,209,1558
e1639bd8b41bb1ba15abbe081d648c7833f59fb6064fe2ed581d48ad3732b240,1944,662,2606
c3bb3c3432c964ca680a1a75e1f328be37e601a118602bff9c646265602a481b,1004,212,1216
11355987da39e7ca5f787a9a32ac5e8d36dcbcf63e6980f7f52202b9d502b264,987,442,1429
9ebe4c7c785cebcf1c9f63a24f86b45bc145a418850926bc53011f22e5839e24,1252,203,1455
f39181170c3697defe5ae02decc84728654ad57895635696250d3249257ac65c,1236,204,1440
3a1fe060d62d1c8a56d6caf8cf6471820b8e25de516983c14dcba9c6c8989c6a,909,204,1113
c8d8c1ac88b332367d3c0947fc3283f672250bb922d4454ed2bc979a31baaafc,1573,204,1777
7d0b3271c49c2b97fc9b5b5c3cd93c85a0fa11c9fc1261039c9317d447194ea1,1001,282,1283
b25cdd4c06d7819c59cdea6640bf977a7315b4836c8629c03d46becf895cd34b,962,218,1180
790a799a5aa52fe5ebc02ed5ecb29022d43e72a1bf5cedbb61285d16fb82ed39,909,206,1115
c1fd6c6c60c47b7d95d21dce6d2d87532c061badf0c0f118c555fc6b0490eec0,2143,704,2847
31f1dd876aa6033920a4417aa79d567b934babbb77a600b3fd715dfecfd1dc38,1075,246,1321
f27bd249ce5d53a031ac6574300cac9da832fda5390591d28dd8d4956f96d213,869,208,1077
c8b562d0a5ac26d3859024f2b01774c0cc8d0be111ca7aaa75e6d30a16459ded,1132,296,1428
2047e2b0359b18e0fc8e7ab758191c2292c0f737404248ad201144edd962be9a,1324,440,1764
84222829b0a57bddfabb7217080b07cc319d0ed83325659ef56fceb701104a63,1038,204,1242
7e9ddaf12577cda11844cccd893b25f56eb1dded13f14431f882823554596a66,955,324,1279
2cf2eb698e15daf59ee15936cbbeb9a07172c511996e4b9f23f660343e0accbf,1365,369,1734
dacf14e8396056b667f758dd62862f3d273592d217311e2405f27bc4d70c98f2,1487,213,1700
9cf4522e4e48cbcfa6b780d6813b571c1b4ee2971ae1b2bdf5b67fc691b0c930,1242,520,1762
3316eee00d4106c7aa023c05a45ea95bcf75c97670ab2e541f1f6bfd087ec539,1158,205,1363
185201210763d4371790949c7a0f8f55e33005128c76181c273b0aa62c221dfe,883,202,1085
8e46856da6fbe81c8e203a18c048c46454f4da58d1b6a9afdde2c51d1cbc9a87,1239,556,1795
09f3be589e4ff947a47d5d643167efed1393c3f77f0a955a8b3d2cedb5adb3d6,2404,1142,3546
e5b9ad264cf6b6f059a785465aa48ec4a1ca3d24f69eaa8e8f580d1ea2bdbe88,1747,669,2416
289082cb3d7d2908429554101870072895eb083280bfdc92192406f2d9553ee0,1122,205,1327
0e8356f34c4a4b794a010ead11cff07455c881a3083d2247a14ef480105d9abc,1137,279,1416
4ae99ddb5fabc98c40ea02946beaf903165fe535d4347c9ad807ff4a9f1d408b,1516,225,1741
1d29e0bcf212564e93b6410897420b477c6af39b368d238ab81ee9ad97e1f5b6,1491,231,1722
9f674f41e0b6aef2eb6f6791a65b942077c097fdb86e5f5d5ff58b5e7ed2a82d,1936,554,2490
b8622e697b8d09e0cecc413911bf3e13b0d3ea6930830479c123e2a715c88483,1122,207,1329
ffc150426fa00c39f8e356587d2a1135e8b4a57a91f4d7993e3e4ed2b3d0e843,3316,1676,4992
1df3537ff8e38479b818dd96aafa0a7334c34b77e731046602d7facc6e6abda6,877,208,1085
c3de5766be870ed68276f3a7eac82525bb1ea9d8af35f7019afae88657246134,1023,214,1237
126cf5cfbba1d592246ce505002293e8c21c6caded07f6f9fad78bf74ea683ad,1666,784,2450
12c76d7ff247ae11079af44ce220f4e40028273387503e0f5c57a5a09e7645bd,1122,205,1327
3a4f981a740ea6f9bcc9322ae6525e015fe59a482db436f1844c52f219aa259f,1025,205,1230
fb80a2f46663d3efc4bd02721cdb7d4015d9716e059e1762250d2200f16bac59,1214,287,1501
b3efd908519bbc0dc715ca93d6a2235d20f3461a3516f855b4c5ee3b616567d3,1516,442,1958
788b20de256f332f86f0106828183b5b1022a40b338f7edcc77003e82a77606d,992,448,1440
7d1721de923e3945c2e497578d3d5b4f164a4c455b4787c0a7560df02967c709,1448,297,1745
91af4060b7fec3e2ce6ef1d5dd320f7cc7022bc45111d44b6027b70fe3533fb7,1108,205,1313
24ffb92491781a4d8407bd5323554741c1b94265e21b455d8cd2fa1af4ddb601,1332,211,1543
45602728fd47a148e752f570ed6553c9fcd1f81cedbd3ae2d11d820a4d4c8a14,1103,213,1316
aca893688ffe210bb94e8c2b2d94fb9bd695d8bc690380ecb73134c74fb674ff,1001,204,1205
492b5c4edec4375f64c2746c6e2c4b1ac9465ed9afda333166e6109b4f2f0e2c,1083,303,1386
f9cd21d2a89f70f7aa1ab759b0ea69318c1bcbee0c1fae3a4db985ef9622bb6d,1751,319,2070
40e6ca6ce688e3fc267059916eb50646c9ac82c4e3785ff2c3c2d5454e881d85,1636,792,2428
69afd82c2920eee4b487e264584bc24447d27e5939c9482448e2667593a195da,977,224,1201
08c332d5940c4b25c287682ebf220c25047a89b13a4e8e4e28312b8920fc2070,992,205,1197
a8b47805b9d00b959647c4fe2e30e1ab9c8ce92080600c000346777a8d22ab53,1107,547,1654
4736e57f48a2afdff52d078a962955ca220b5f9264e15cdd0d9c04c09805dc93,1122,205,1327
a1ea94ee1f6e107d06a7c3a61b14c465d896ac8381bc8176a57ad1c50a22ee49,2289,933,3222
9b930cfd5a4e45edf3501138f911d6177f0c6b4feccb8346a029077887c743d6,1148,365,1513
a97f1e14421fe109a450299e295e529bda5fcb9d6fbf53f0fae0595531431e96,1383,223,1606
90a26e433df8901e1f5d279fdb81b5b62fa091a83172a46a0a25830dd7dbfb4b,1067,204,1271
244c84abc54b15d03b23f2e5e995e539b67a9ac1409db3fb8736bdd51a1e166c,1201,323,1524
ddaa9110c1e7d45133a441b1e9f1c122810c413638a78af4f3b60aceee103694,1774,697,2471
09f76b5158ac0af7a6fe1be1f17ed14622c3ae2cc5127aab7090b7cc39a2c601,1258,208,1466
34e740a99f16e997f8928bf99d5f1cbf39e5c088e36907ff4706b570efff3618,1212,516,1728
8c02c84c840a7ca7c6bf0ed9c947cd71832b38012ffcbc741034c6bf5e2bb437,1003,213,1216
30b697780d39dcf0084853bb4e53ee536c0c4d4f20256e55947069448772e69e,1049,461,1510
b52c9f90d783d5621f64d5b5e152125a91d6b7d4105985535ace1cdfe2fb504f,972,287,1259
69e0e0c7d6284994d78a8c6497d6b41f33e8064f6ed3b010373907687539a4da,1038,287,1325
7b8c7ad6985f052cc72b5fa3e2ee38393a6412814e06733a1f7891d4d82c2040,1053,356,1409
0a8c59b9e862b13fe3d9f8046ed00a0f8aaca3a210c17d7c8c3f829c70fdea85,961,208,1169
9db7b7530de319a7f745d3f2b05d085a32da69847ca90d944025c6073b642ffa,1056,262,1318
640240fe8aa9a897e3799a8fe9f48182dcf5cc9cd1620c0eca3ee9c003dab0ff,900,202,1102
2cb9fc877457e238f7fd286c64d536ecaa1a390171f206dd94d35861b8992684,898,211,1109
2979353c4218549e0adcfa148791e5b8a9a84913f435a765aec9faececcd8c15,1863,1253,3116
f0fdad5ed9f96b3af31ae5421befa3b8cd9346964253361f2f03257966feff0f,1099,210,1309
433148e6d22c6c4fb93afbd14f740473c5c2157edc75ad3c9f2d96e890065fb4,921,205,1126
aae893a335d4e252802af54fcbd5ff3de1d307bba8c12deefa5d4ffe2e5f1490,1086,372,1458
5e991a755e31448f95550f1fae54cb9d5c1eefafa09087252146e38784b39c3f,1182,320,1502
9e2ebb961a95439c9d0f3e06b741471e79f56a4737af906ab9c3f596a3ded9bb,1562,370,1932
a6f51838af1829a0ec6aef1bece88f3af63ab342400815b19696879e123270cf,2272,782,3054
523347f422070a4dcca11c0d0f400797fee371bf37e1b890fc22bf529b001f13,1122,205,1327
74e4f8f6c25f2772ac7578e05f8a8f48e942117a7d13ec266d23b105033de25e,871,207,1078
ba61199ea7f46312537c6af4df81349b4bc315067849c7d9325ceb8c062cc2c5,1658,658,2316
26c08a0804641419b270beb51e2cf3fb9e0c2f5ef48c6e90e1b42ebfd88406f8,1552,329,1881
e6a77ecc9527d85dcb39138f1b1089490b515bc300da7a11c39538db89626261,1115,535,1650
8448669b0c04d8aeacc51d22092f299f4b785f1e6514094e64be4010cbb43c22,1702,433,2135
895f42f6e2e620a64254659aad4efaadd2a9b93cbd8037f79a9ac66c18f07428,1012,202,1214
23743e518379f8f016be73b70a830ecaf7b46c4063fa6f39a144aa169fee6b99,875,210,1085
37086d52a03d62fae8bbf343aeda241d3c3f4ea6aeb0539d07a56e7952cf540c,915,207,1122
31efa775fef0e045ff0177c5029c8ddd1ec19270a2391e7f020f08fa6a3b48f8,1122,205,1327
5556cdc9d8254db847a3ba21f10f8630fbadc0a9b7917357cdf8f534237e3e7e,1091,207,1298
bb1f398a5af505783e553a4aa0dc6a453adeb9da8b2408067f26da01dcb8ac61,949,202,1151
430e04c6dbbee9ec1fe00a5e020bc6bb60d374634812374f6fb1bd7f5e91fbe3,1674,669,2343
819bac4690174f0bd28a7cd79013f8387a867d492581d75af2aea7e933584694,925,202,1127
f5b1e3b68eae7d5ae2032d8b862fb9bc7869d94bb718e69b7b178c3b450f32c1,1739,776,2515
ce9caf5378e3c1d746c7d993d2b307e2c719fe13823b591444b9f24630b8ab7a,1032,211,1243
b6b7d6ff0227ab2d295fb23ddbe8c1eef28b583e8c785195c5b67a01f4037e64,1069,211,1280
fbdb465a3f6a230ce06e5f0c331eb8e1f24174dbb237156c413d11c88b247efa,1231,205,1436
a30c20780dec60c065497ec1ada9572ba354ced4179562eb395ea1f8d88140f4,1125,201,1326
56b75077ff4c6da98e4438d480ab5cac3eee486b834ed7df61e20b2d7211b714,1273,371,1644
b7f3d379094a12fbe5f3525ef89b39c27c4a567874bba89b796c13be7a9c4bd2,1233,946,2179
97ae0be56f2dbd4bad396ea6c3832f5523198aa269cb6b87d57e708ef806dca8,1283,555,1838
b5abc7e05c550bcc9c62f52067696a5be77ff1673f76c2d920020c6defc335ba,2191,977,3168
5343e8f8353b51e4305b8f92f09a0022fc429430b0623a92461be35fc90d7cdb,1546,216,1762
39baed29ce6cc653bb15d3482ae27a955b9d44ecabe1e75c9c09b74840e85880,1166,374,1540
187dce8e4f5db6011e32dbf788c83147a52ab55eea598e8348706d116d9906ca,866,210,1076
28479f5bb9229e805af096f711f76fd5809d3698db9e12122f32ea5ae32fafe2,958,253,1211
f8549fb8429e97e9ed62552b8159b087a1fb27bcde5647f311acd5b0e19d5c89,911,208,1119
7ccaebb5483d424aeba9c7d6a3aaf266d03852c1298ced414d6974078a56d0f7,966,206,1172
c2a2a5a571159feec96362c355a1bdf16a293cf73c89f9635157ea6e799c1c23,1703,319,2022
5a35283f2afbdeeaa2396c90aa1d5bcead2113d2b4428e85d747fa475601570c,1521,297,1818
114131408d9f502979edbc76a4163a52970b4c1a4f47182eda3aa397f0d45ef7,1167,301,1468
6c46b4c664316a0ca3e759a4b427c6334c46cee289e33b3e20737d97e9517fd3,1442,419,1861
1191b0d2d0d12f95f0badd7dfb06818ee8032b19801ac68365855644c840affa,1656,321,1977
1a173896377061bd4a7beb28b1623d50615b967abc727b9e4089be18b4e89b29,1437,441,1878
19cae82aa38dd50a42771a64e7d4ffee8dbc1cb2052068f8165da46a750a67c2,1087,213,1300
de04b206ecc79c13482f6e4ab5a3c6d8e2562200a777d3bcb6a75617d4220bc7,1122,205,1327
dc1530dec4312004f9ae4ad7175a6204d71f00f0781fee0e2b1fe5c712aa271d,1146,213,1359
bc41dc49b33113e6a6670f7f0ddc836ef64d19f51cd21c8445c32373172cdcff,1224,451,1675
27d7b4cbc6fd4250ab8b6c5f400fa9f5dc42b6613652a55257ad1e5e3de4362d,1239,214,1453
8212de2f608797d88c8f9100d9594f5bed975dbe55263469d9ca3ccf1fb82d84,1011,208,1219
55898d640f0795e481cf7cb7a7b9e14f160b6c9b698923038da7308c4f84a9e4,1143,206,1349
4d544e7c04cf90d545f6aa14aa6a2111e625cfa7c796c3bcd74a54d40854c974,1590,366,1956
c7792239a5ef573486cf0fcacc5cdc26e06aa03a8265d9f9a49f152a341d6a27,1190,375,1565
d15a39595490413174b1df3049fdeb05f6c02557fba92422c85fe2ece0014aab,874,203,1077
c5b2bf9d300e9b200692e49f0e8c71ab496f80bc0c4a86e27394b9743af320a4,968,210,1178
85249138606e92d59305344fec3844c4f4d4fb876ff7a561ba64c5044577d17d,1036,214,1250
23ae2d71d3e9263d773ee5f66c6bb5530ce926c5b9925e011d418116ac310333,1122,205,1327
d4fd9a968d5b126dffdb63eda055ca8792b10b9743ef71955157be07920b32cc,1105,237,1342
37d1e9ae48f72b34d70c1530adcb13010f9837a81151593a75829814f01b80f3,945,208,1153
fd3e545b6332077dbe196cb618333206249e47c42473a08ebc0bd9f697ed670f,1049,210,1259
033d8d1d53882f1944840d4b8da6936612d724588fa47dac483de0165eb9a710,1026,257,1283
5024f18526a8f200406a3a864f8db38a8b694db0745e01311a06f23012450f34,3037,1226,4263
5475f608601ae1ecebab66423c859e0d5bdebb33e24ad276fd2afe0df465d195,1175,217,1392
db54eacda534f75077465fe92e952b6126c384c3e9a98db24c075989b1862aab,1122,204,1326
973f8127e8d398452b84f2376a4f0a80f5711450eaffbb7bfcd449c39d6a51fe,1248,451,1699
fc9d9149c572d637d1d6bb8e88d806a85dcdcc1e51dcc475606fdb6ed4d8458a,929,298,1227
f9a571c25277a43b341a53b88856648f80346722592880ef78d1e2ebcc4ada6d,994,212,1206
70bc4c16a24e04198361fc211d68717515d0aa947958eb94a32a555ad2490445,1613,210,1823
bcd002a43ea26febbd5d417bab3ef4da6ccc8d368c935b88e9a1379388ecd303,1103,359,1462
de8ac83a33b99c500dfd2abbdc8bbf051d2233b09876df92da7b8c82b7c32469,1231,215,1446
5163f71c410c920735239ef4b1e3f56f4615364289693146b76db06106b24ff7,1379,390,1769
de203b2f738e0c7e5549876ce21e6c49438f40ea42c1e385a04b561679006f17,2225,432,2657
59fc138289f549dcef883c6596343f745d3f4f47e7654f96b4532ed7a6455862,1097,382,1479
505c41c91b7fa3f95a8b9d93254d7df8317224ca9d06030f6509a98e44fdec65,1253,363,1616
d0d7e391ef95eeaf782ba8f00e4bdd214152171c5adc881c598e2e4c73fee078,1735,554,2289
927cf74c8d8ddc422244c8b280ff37d9bdb88c0241c415f839ad71462eb4ec06,985,211,1196
2ca0cedec23644b63e974b782622e15cb5f7ac08d858eacbcbb7239363102204,1048,208,1256
67688113096115d400f4122fca15559a92f3d903749c47e1924b05b22a86882f,1122,205,1327
364dbd1fe2c3bcd8369afa80f342917c7f9eed4f883f40dae508c5e39c6fd72d,1217,205,1422
26287bd440896578f21fe98041f02ebb8a1e07ea621c99e1c3971fe312c7f41f,1799,313,2112
4e2705936a60283e0d22ccb748f477e786815a7159ea7d1b4b8abdd6d8e6431b,1247,518,1765
5272365f53fcd948ea7c4890d555412432be182389d3d7ef8dff28ea80ee4239,1574,199,1773
3540e73e03c5f9d491e906a8557515c36210f197bd16aa1fe3bd4416e86c371a,1112,465,1577
ea420b9cc7994d21ee309b810280400423d697f094b39a69de8e4f4a974e66e0,1139,206,1345
1724ef0ec8ce9a00d2398f03f360a1495f06fe591d86ffd5d27f5392a3b662d5,1076,307,1383
ee9aec6cf0a47c26b2c262f8f3a990f065d2d36f742ad6c35bd8586dc31ccbe5,1593,433,2026
4a91030bc80f622e462ccfc1043bdeaefa65b0b350c65dc70e208b06cc231b6e,1314,130,1444
afda48c0bfe6098ceeb54b7ef05259f8d7dccb9d762007de3a5bcf46e1ab9937,1903,670,2573
c298b1033a309de7b791082e635bb2c2ebe14f05c37f43967cc3473643948de1,1283,257,1540
4f5a94fb4685a4bcfa0ba34e8ca8d1816d95cbf40e9f18ba13704837c03b1a8e,973,217,1190
4ed70c3f12792730e1c9c243096305ccb3fc95ba2b6d8d5d1029dc3bcb01ab72,2163,627,2790
0c87fb6db2f02a1a9d6e274e40bf29f7d49cb73e0ea50e5c9e8a97f7bea9aec1,1174,211,1385
fd30f1d651580253396ccf1f92e63569c5e9311a764f18c351a8fcbf46087537,2227,692,2919
2d17ae48c01068287db18749c7c273fa75dd94e24e7ee86f32b1769c9dbb0871,1173,217,1390
f8446472585635b3ae3421e3586041e0a759a50aa2ad0d5ad40543c9b038e7bf,1093,373,1466
7482bf879f9f042c5da6c77494b9ef49e7743490d5f94a6ea0627c0334abb528,1326,209,1535
bedf2b0fa02260093c0767b4551e8c9f90c2f06cda2a274d40e7317025e4f494,2245,1018,3263
6a2b1e45fd98a25965ffe73008682582fe45c128e4f3fe40dd7770dfe0b7ab32,1132,203,1335
d9db32c0062b4cb9a8f41f6ee56170c7b650483317746292a4fb778c0e9906df,1176,322,1498
500c0e077195ff89a76f59fde7c680df908f75c4644f06d9cbf3e34a66ff04b0,949,212,1161
913967d96a51f1f434ec9646e582850eba36eb30e40c7af41703ba30c3274f5e,1447,354,1801
85228a4796a56d9513e968a47f77c11b6378c55ef034b8e8d11c84f148dce134,982,210,1192
a9acd42889056ded47699c5acf26332a93b57510abbfae4b1e91bb2c53adf3dc,1782,321,2103
ca69859b8a194515101e5732456e514cd283a6135c39e5b156f5c89e2f374097,1089,214,1303
6f5b8a5657b685ba1b6bcb180a96d4f6f3a143868f440369303899a96c8b25ae,1333,213,1546
b2d2840cbd50045b6a38f38112e9c461a56cb63cbb32e5d1a0f601f8442fb039,1901,431,2332
c17b0cf6737df4560c76ec4fbf4f7f10c11ab02f5234df5737ab4733e6e5b3c6,1189,291,1480
4b5849762ba0311f33f1ed504cc82688bdcd5be93190d2ef4b85085d08a60277,946,298,1244
f253ee307290b213bc23fb89ac3adb78f2cc971346fc71e4b0c367645564f355,1270,554,1824
52ed9e54c78d08021295ce6d7566a90559df830803f7a40a83defad8043c3fb0,1171,203,1374
d519b2358dfd59943b8c85050d0b522f8f3f9df91c2da1c8016ee9b07f3d9a8d,1697,675,2372
410ddaede68d3970d3a2fcef183f035da8cd01f6a6bcdcafabc6d550d37caf82,1145,212,1357
6536758d297a2f7fbcf17e07debde223a7bc5ea8b427660a98d2a917b202aa9c,2118,420,2538
1720298903263cff5e36f08a7a75b63223ea78654df29c79d66afb7ebdabae1c,1211,207,1418
8502b12ae723a0a5d7a5d013084c75d23fb3763ba23dc554f8b47c9a918b4aa0,1124,205,1329
8d108ce2fc5b267d491add9293c5e9c2351d5c77bcd06639875bb83073448918,1036,218,1254
c06d61d707c23a70e31c57334b45e41420be85f0fa5ffb8bd5c2d0625fa8747c,1630,315,1945
b96e373a40f7c01f37db8ffecbead0dc9595b46cc521b26f5b1d4dc136f653fe,1623,708,2331
2b2421d951a444c330ba1ae40518f16195fa93d796f2ab0486a97a790ccc6a97,982,213,1195
30cadb9fe08e7bc78f8ca669c106ac9b4e61935819b8d0cbb30208288d9dbb92,1134,285,1419
82a2920d81ba08a7488cd375836b3e264ad99b654c9ac82ed3e558e685c5ab0a,975,202,1177
11a478bf4915e1753424ce760800744122749ec9c8843f6196f7ebf3c9672c80,2155,887,3042
4c990943b42398373c03cf219aefd97c64129cb2fb6fe0d84857cf4036cb369b,1941,550,2491
a9447007c3904e07ca07e46b4886c63bb3f7d9bf28201cc438f6861a6cf42453,1232,209,1441
8a11646843eca34869ce61d14cc75505991f793a72a7850e333a60cca7ec0879,1462,293,1755
0aeeec09eadd3e0bd8e388f2b1bfab81c4fd1bf564731b502986c599a7c58d47,956,208,1164
df62420bb178f2edc68b2858a15ef68683a9adb09b1f109f5bd69946adb99d0e,1098,206,1304
63a22f09e7988ae1938f9d45fc6d586a70d5fa924aad627b63e9a912310efc80,1170,246,1416
cbe3de4d7c8bdcd9f397144da70450c0d7ff846ce9d01ac4731d054c5b19a9e3,1046,211,1257
de4be03566661bc15a2a625d4f40e7b27fb2f89838ec783001fc29020b5a27f5,1114,209,1323
5c08e5da064bde40ca0d2e08eaa2147a3a0b8dbb5a2f00578f745c83c50da551,1292,213,1505
8ac32669013fdc79c94168283a144e1cf822dc6280c55f2ae9589022b6dbfeb6,1577,208,1785
94a35b899cc7cf7d9cbb2569b59d91cb0ca2a84ff888f2af317fd553ba338e7b,1822,543,2365
cfb0cf4ad5e84836b1fff70d48f720ad2f9330da9a83939bd9a63fd02b332b1e,1198,219,1417
fc68e8d7c8a623dee8e372d7d076b9543b9bf3b7415ab031d851677f841cc441,1124,205,1329
574f3d18bcaab8803b2931d00783d00827eb138eaf3e269b84c0bf3cc8b20a76,1229,585,1814
f1da3987d69e621ee29c5d8d77cf312e2d584e0dba3e5b0671c4cfdcca1f2dd8,910,213,1123
eb63dca5e1680471388622ba1b84558cf0293be679ff7012c2dafda1d51d9674,2190,564,2754
bd4444b74140b03ebccf6f42c235a13685d39ec01631d86e6b5ccbf70cb9741c,1257,274,1531
b869ee04d5a7fe57c5346f53cb8975a7536d2def1dab46a4d4ddd1770edd1a25,1228,208,1436
ea378e81b05aaaa360f9d06235deebd3443cffdc4ac817554916849ffe163d3c,1020,215,1235
62f8ba0c5cff52e89cd915fdc86515caca2e301a5af1a75928e29e9b44995b32,1353,664,2017
75fa2fe91f8aa5446f00ef19a082ee0980e15ad1a7bdeba044095630db6ee313,1111,457,1568
0ede9a46aa55045c9c96511708ab755d48af44735d5692495a596a411b8625fd,958,207,1165
06502a9ab82feee95a5f474204f46dcf782ede6e3b489c26ca2424d9af7d4dad,1009,212,1221
8e4f092cb540c04f05d907ed84f194ebe022d875952173200e71d2c2c1641947,1208,217,1425
4ec722d71646ea56b72fae591efeb5b7c169abe6e6c49a64529647f6f1b23aa8,1762,316,2078
a314775d6f2bc493094f4693d424a57de9e0b2bb3aeca6d61b1f71203cb09767,1921,364,2285
72a26ad5ac543ce625a971b10961db27a9d433e4891daedb28d7930c490ed370,1254,208,1462
673c160b5de445a75a80b5070b7515ef83796685b5e838c1623aded6bc3719c4,995,211,1206
cf9fb640ff7a815e84b8b61387af1618db94d89d98b2531b8187318077d31931,1124,204,1328
967f85b29235703d3b5e047de4eef16b876b6b011577140d6a6b5b494f940999,1252,356,1608
1df9664a28dddfe57e660b1c5968c29e1271db0b82574f2d3b4c349f77913227,2237,550,2787
9ff23311b99cdd64d7cdcd93ffd705c6681c127082bad9b350dfd4ac1ea2c83d,995,205,1200
5aee96ea124dd679cf7c9981b988d08d6574a0d568b1f5fe6e9835bd8bcffe07,1671,312,1983
e6bf775b38b49a0b650f7d16cc10796278e5573ded844a223de187b37d08ea19,1723,434,2157
548a24f3ce888593ce22f85282e34c7aa68a1f30c10d785cc3bb63234b0e171b,947,204,1151
8f6e8c0c9c1ff33947b8331439a22679f329dbb92d33f5d1d9d9dcadf58c1ac6,1011,201,1212
3078cb685c0cf9c5825d09779fdb62df89884a785887e1241bf4d6d15aae336c,1000,288,1288
6a8bcaf7607b89851b2b296761cedce0e534d722063a2959bd9cab844507d06e,1124,208,1332
757e709818cf184174dd15dbc66c0dd5af017a1d6c06942c180a8b6c6273cf13,932,214,1146
bcb9283ec92de42686554bc353d763be6bc93ae4f08bf88095f7bc46e97cff79,1144,202,1346
fbe0031d1334bf324d24f6e659d1fd992dc458c23f1b65fbc4a33d571d24b195,1231,648,1879
fd10ccfba014eb06a0e1071ad6bbcafba1aa190c7869bdf7b3c4d82be1c518ba,1456,1193,2649
93e47530d60381f33191fca061198c434d73a5938e041c50f0dbffa3b0ff84c8,1016,202,1218
e0c462b6004c35bd50bf3e44a9ea6a5d76d06102cbe9ce5a49e4acba80169dc5,1033,209,1242
25a007bcc27467793b86253f98d60ec6ed4c0c4e0bbb4c623ad833dcd2598907,947,205,1152
69eeeb827fc31d2ca582ba39060e5da140cd1b53e5185da57f285be0d5de611a,1911,670,2581
81883da826fa86f172309d87374e866ab61cf2a788df1f524c796cf4d2be181e,2036,656,2692
ec7ccac599ce2f375e809ef5c72da381601f2c615f4d20c062e02b143bb64cfe,1930,322,2252
bdd0b15d1802721170ac3836c3609800e3b7d55a9e36f455a115d158deef1e7e,1124,205,1329
7da9ae3ddc1399d12c935e6cb0204026a7801693d1ef4e2d5f2e92d605eba94d,969,220,1189
0859ec5f0d83b0a9242d7b6a04d4f75e50fea5b225d6f3c431ecb8c86f28dea0,1476,205,1681
51bd8839d396c004ac53fcdb7e850d36efe540cb13f988296338790cfc368026,1149,209,1358
3b995a3f04a9ae48ee0292bbe815cf56fee631dfb6b267839cf861d9735bd0c2,1326,464,1790
ea128a9fd7299bcf0bb8ecf86d547c905a277059774fcff03b3e21cceafa81e4,1081,222,1303
72b4984d4d6beb4356414cedb8cbcdb5ab43d8488286eafb337a59f276cea661,968,214,1182
c4bec09775f1f42cb1c9e0e5b792edec3d7296b1d13ace3f1f254797f72a8baf,1082,212,1294
9a316d5eb747c49f06a8e4bacb76ba2a0e833cd376b71de41e601e128be2d651,1265,213,1478
bfb01981185833ab2edc592e4d1a021daee83377399741f5b858fc972c644a39,2227,840,3067
227ab579ad981ff75cda86edf55a7a6fcae1a73205c01e1db6e67cf8a0d83114,1043,205,1248
8053aaaedc9c05c33b177f523ed563d42ab6c30bf27223bd523c3e544748e210,883,328,1211
7ab08862d3944814f1332b2955d3f3b16c56c4d993ca7fb960c384dd7e73a31c,1126,205,1331
745a76596949b8902f31b627abdb7ef6a4b6e46f5d0754b9d6cbbae9b6999d1a,1692,435,2127
14c5fd381596cddce18ae1b310688341b48aba5b3f9cc48cc35e7ff7454cf4de,888,206,1094
5c5650f12c93b7443a01cc4ceb38c52cb242d753ef7450bc994f7fe083911789,1190,385,1575
e8ef264337bc66876de9d8801156c9cb36e49cf54347b42b7502cdadc7e418e5,943,282,1225
4ebf2cbe8bed222afe51e9b0b522b77bc2268ae4551d093b95231921a9207279,1222,416,1638
080173e93f58e0e27a655372e50a4f64da8ebc83549aaa8f4a538bc9052dc298,2225,1489,3714
7d29bc022081f27b19db4a9ddb58750c90d49240fa5f09274c66c95ead340679,1284,205,1489
ac211eaddac39f261c64f1abeba62cce4648b6f69f727d482b0fbc8439c29f83,918,206,1124
46354a6f2ed5a90f6bf45aa4ea73aa8a7e469408eeeaff43220a55716c6fce1d,984,201,1185
58f7edd67878d8e7bf7754d4d60a80d4fd01f6dfe6937a7e43de3e8806f03392,1009,205,1214
79aecba5f481be4e4160da1c9fbec72af1564aa3eb201cfd08653aea71bb6b9c,1091,213,1304
f3e125179a89b1aa6d29c57a42d079122a7e5b22e621bb808d5464d233c277d4,1567,771,2338
8a125b0e440cab2d364a99c5d711d7ab1a7893e377a4a9ce849349d42965e38c,1098,367,1465
5ed1d50ec7beaf3d810ac73ab0e9766c84fd122e412d7f739a7f6c231037a197,1501,210,1711
0ad2270f16812f2d99a1158a2b94e49388efef85f3f9a1328b77a7dbbfa0a840,916,211,1127
e736cbbc449cdf6bfdc8b06180d8cf6f7d53bfe247f32c7b59db683f8277296d,1586,217,1803
fa6a83f98415d3deb5d8e399d0878e56f504db4bd8aacb52c61b9fc7596bafcc,1601,205,1806
aa11ec2d609996ec45f1dc7f1ddd75fd051ceeea0d9be57387ecc79d92591787,1250,543,1793
925c86f6bda6065a7a2333cd25bd2ea4b124877e913b821e588ccf848512287a,1575,584,2159
dcebab1c3345bd6950c7da75ffb9a7593d00634824dfb2def52d6f4f563e41de,1183,205,1388
a2decc003b6f24f9ed3f6165e5ad8dcbe8029fa088bee45e4917a95ab316f24c,1180,310,1490
25b7e8e6539356b37c6ada9f7f3d9a9838b9580ddeef9067fd49d000e7202611,1270,205,1475
8b549aea541b889aec2d3663bd4ca4f4a70094fc0ba6986289cc2a7c74e99904,1339,214,1553
b94cd1b34fe004504f88fe0d78935345428485bfba592408ccc97de310f8a437,1436,801,2237
8f2bf12ec73c880f4088edca7e6ad296a92571ef13a5e38784fa3de673c7e032,1368,965,2333
5405c3279995d2b0fb2c82064c390e72b12c62f7b61cf07bbea1fdfc21778431,1165,309,1474
8f4a6a5b1441f51c795b35225b0c10781cbfa8565376ce8686d334a2dac379f2,1139,291,1430
77253d5d16eaa97b45027afd2a68a7f3500d6504554c00e7c49297a6212eb122,1546,203,1749
931f6243b51212ff682c9a92249a764fb7d5f1c83ad7af5c13fc58b8e730d556,1461,211,1672
e7edb0a88e2ffac9b71532b0d162164989f4e588217f93e1b22c257a05fb898a,1880,322,2202
968ad42db81404c045c1eb86ec6436339e6552dbb076428b90afc21e11e2393e,997,205,1202
74162dbd101dd34d761bfeab5d29bf50df20dc1d35fc3fe2c13507bdaccd601b,1550,539,2089
c11492f487885999459b26446027815de0a0bc54aeb50df314483e4615ed2d8d,1063,571,1634
c56efcc7a7e22e588ca92e0276316edff72c4f28b807e282f884914f92be2389,959,214,1173
f296b200ffefa7eaee71de9293246a9bb0713b532486e49d4bc6ad32ca8c762e,1018,374,1392
653e9cabb804bb137228e851f88b8dcab637a56f213a139d218699a58b345445,1484,204,1688
ef977958f1ef2094623556f25c2a7de0c43d0fd37933e4667efce576de60db26,1410,252,1662
54ec9e00ea36223318dbec8124304665be1620bb6af9fb5e937e4e8561164e7f,1264,205,1469
2c1d3361ea8b56bd331d7934eab73934879c581c6bc3e57f56471f5ff82a1028,1124,205,1329
faee99549d9060026b4d82a706b6e7729ece2563cdc52368f7702b2bbc3c8033,1746,317,2063
cfcf6ac2d71d2b96be744aba7b257a1a5b8221da44523f77c152f587ebe16095,1916,311,2227
d7a20a53ccffc6adabc9a16e8052a552988a6af8344cb000b32cc8d2caa3e494,1028,210,1238
00c2c5845923578e71278063b9f14a4517cbde616d6c643f9cbdea653f91f10d,1196,210,1406
0b171a8bc6961943600970098776b51b631cb79a309a065bf21fea930634e0bc,970,202,1172
9578ede782bab83d8337ca3eb727c66d8116a7af60f78a415efea35bd3a10571,1873,326,2199
5ca1790f00f4122831075dbac94cd9874afb952c3e2f3edff101c530db0fa3b7,1124,205,1329
66ac9459ad4e9430591a0f38342cabffed33d9df356bc8a77d4618524f8c7407,983,205,1188
bb7c11f79b20b8af5b04f90386cf8b271f7673209d00ab3d46ce961e717462ae,1124,287,1411
1e2ab4630d3cee6cf726b91949568ce015915cd6aa484dabeba4530a6559ba92,883,201,1084
9eab3e60ea55fd97516cd91e6e4802e44e32abbb5c9b55b61d0259c57b176cc4,914,219,1133
1e426759bd00b3b54a2c476dbbbea44e4c0fd9547e31a1763dd01f4a89d20a58,929,287,1216
4b49dc618fdcc4c11d97620b8c3a971aa2d1b06eeb5a8838da4cdd691d5c250c,1220,207,1427
b52e3810734a162af0cc10e01d2382ba60f873682dc98766c4ea72e70d8d96d3,973,205,1178
085873632b58da7cfa884c0c5e90fe429d03f72f457fff4ff71511e11e37c8ce,1330,205,1535
f2c89c64042539ff18937b2bd7c3d3457f89df695e96a16d68970929c7e02e58,1238,349,1587
cb55bf01b5a516314b80d15bbf19a42cc71dcb98534b41cc5b28414db8e0bf40,1775,313,2088
08a9aba6402858515f1cadafe20de695becfdefa006bc75d043193b1cc552c4b,1238,366,1604
5bd14a8dd76316ac2d5f15051090c8e006febdaf231c817498f226b137a2d7bd,1278,245,1523
695d1bd4d3d6c3a616b9fe02b88c6aa871563a97f82e568595bdf831067ab8b1,966,211,1177
4a97cd32f8a02b9ae0b32c648dcc2e6e193da7d8391f2f215cf5022c159af1ca,1279,454,1733
d284ef5fc2f0a7c6103747ec2b57f2907bbd0c1f2d382cce595a3b5b841ccf3f,1952,312,2264
06dd8a7e9fc859b03f364377c4ff333cc727eeaa5525a6772d3079d7f47402db,1579,526,2105
b30dd992b027ebe8b96770f56547b7fabe4c15f21f0e89b6abf6122790b3075e,1395,377,1772
8771a8f9c2ca9bf3ba5d057127b7e32e176f049122b08f25a0a470567c64f2b2,1855,670,2525
093c88c25df029d3939b0a4581288325b8a4f8100b852b5804c0b7ca7d27abee,1076,293,1369
6661193957545c8355516e86fa563e1810c98ba0374e227c4b8695faaf1f79c9,1804,1061,2865
46d0e0eda23f7840ad8f24ea34e0488089876aaec5cc743af674a0ed89980d07,2275,1402,3677
505187719500d94ece5a2aaa0c281746a40b2b292c16c1e9ac97ddd24eeaf88f,1123,205,1328
855b2edca953d46211bb03c9b46510baa465962a2ed0a5b0b4ed7a3b2215db07,1048,217,1265
d64dfe61306161a77f253c4f2a412c7f808af633a22cafc4ab52b3b7f7b12339,1034,205,1239
b95f1aca877a6ab0f3c176a8c1fd10a2bc4d3f8b736a38d5772747546207dba0,1761,677,2438
1b88489955ee513dc892d53835c6fa42ebaf413d74d2a8865f38bada6172c06e,1136,480,1616
081ca4552c4ce7522e88660ae239965c91f72125e8205ecfb23fbe8c3e2da8ab,1761,435,2196
9e072a5efff5b5434c7ed00d84dbedcf949fd02e1b20e4f64114d85fe7d7c94b,1097,284,1381
2e754ed8262d05f36b7dc1f1408118e1e2f94bef44806d4b6ccccec484a2e788,1577,457,2034
852af901b2ddfe131e58577094047e4c5f796f0fb9605e99c017183a2d71f79f,1574,205,1779
6385518fa1ac304de32ff037c605f3be4627bea3fad81c0d45dbc252e50e0579,1869,340,2209
57c32b06134e801328a5e18e41e3c0e60abf6333694c4b1dd08c320f0b3991d0,1067,294,1361
ade69be436bbbcb5eed923a28e7b49d0059ede08c8a2896bce14c22234f08883,943,387,1330
61ff3a3305804aebea750a5e4a8b658bdb75f758ffc8b9fc2cee924682e01f6e,1040,294,1334
2c73fda8de372169bf74e1f9c6f48d897a3d937fd3a077d10dbe1bfea43072cf,1650,663,2313
3e6804a10838b10f95245ed554691077aec44a78a49c1beba5dbeac20bedcbb7,1318,220,1538
2e7cfeb62d87c0ce872899f8cbe4bab10e4cddfe9fafc9806e8344b117bd981a,1931,548,2479
7504092744b9e0274f1c8f8a1b5fcc3a00aea65f8b189e9033b4491ed3e8b685,1124,205,1329
f01d6d88b72656cea1880621173d64a39cc337dadfeff977ce6bd7fb6b0a5c59,981,212,1193
114412cdd739957079b7ed7992e1ac8d5f74d5ee09955820543f0c06cb13737e,1183,472,1655
c6ceb0407ec1ccd6e28a3785ad52839ee21efab5ffead5106acf35095efe4514,1111,217,1328
0d10c41a36a0913cf32fd270f0a28eea9eeaf6f40c465250093bc2472f6dc8fd,1475,204,1679
c4bcbb32a9cdb58e4347cab557a40f6a6cea85ad8d4979ca6850fc9b377539f3,1028,283,1311
61e3b877be2e34e04c451f67c53f6214bfb389b517c7dd34fc84f4091cdfa676,1334,212,1546
1faa2f4e9580bc63b8f47ab433a0b847c002e6c74cbd17192545e2c4b32a5709,1387,384,1771
851d2c6bdc620964d027d9d42463ed18dfeef64c8d6e2a044fe5b0520a6e2969,1327,205,1532
f1e134e01c14aefdf0a8c694cd3d35ecd9b40a39d7eb26011704d165b29acaab,1046,212,1258
4aa5bfcf7a5a13a4da57ce711a39d011da587bdd558173785a658dd13bde06ed,2264,670,2934
befd332ba54aa7ad1e0d0d72538621091a8ad9d3f9aedd333be6a5281ab6e0ea,2096,678,2774
5cf1b051e7fed81f1ab6a22560c81b430f3b46606bf3f22220c4a3625d4d34df,2209,801,3010
b4ac998b67371442e9699cafc9e5e02fe430e8839b60dbc2a914c97e53fd313f,1405,383,1788
7badfa4b45f28823104cf6d41a138d274b7c0dce802f88261d5ed18c1fddfdff,1354,378,1732
d075491ffd1942a087d2a8d1b010120cf6d142eb0a7afd45058e096fc32b441c,1041,283,1324
b18d3809dd321133e0f9013515620f40f86288d84000b1f575e8f8fcd6379e38,1092,208,1300
97d2803cb0119df70f87748b12b2bcccc953cea238f22fb472c5a8ce4271cd3f,952,214,1166
b6cf4d0c98b8952f872da2b6fee67b799161dcfc557fc72f817b2f8c702ef9e1,999,214,1213
0a66548eab18f0e8a063e3ae27a9143a77d23dc9eb33b157204ec2335c568b56,961,201,1162
f1dcba881192efa14030db9ea1bd068de6c16eeb1bf33ace30b7b7b1d4d033da,2313,616,2929
50339020537129e8039a0dedeae98d6d6e924feb233e1a125c129678f1769c1c,1068,211,1279
d3e6075133bb4b22251d7747fd01e56ac1430f2a73cb8ae728ff3ef057041bbd,1636,1013,2649
9ef5552b1837b08e0e57b7e9026903ff6b4bdd7bc71e04ad65c2e9a68ec88fed,1250,707,1957
5f99e92521e8997844ba3d6fb149e0e6433840265fffe1738b9fa2530e3e6cb0,1008,201,1209
9410261c8c874c095ea1875262e2e56cf100f6a9afd13d6b029709e231a40779,909,204,1113
025c4c66c40f7a9df211ebc922ab9c52f7bc74724ba90e1e3063c15517149f4c,1106,205,1311
234e67461e16403c607462fcc140d0d86a2cf127d7d8ed884ed0449d11e7847b,1056,204,1260
4992d6bdd0cca44acbc2d0469050c6164e778a278ad63cd041ad9091a7d7e6aa,1447,200,1647
7313886d30b4b98276f5ce5fbcf225380a8b32905ae19ed96fcce18784e31971,1413,210,1623
2480ba26065487ea85d4a60434c87e4d7bdd4a97c1f78c81c08aad900cd4759a,1662,537,2199
4340bd13a30338fc1d26c8ee2ab074aef3a38339ebfbe9fb80bd126cb848e57b,938,213,1151
6adaec09124310bb5ff231ff6e17d40922e4a8286cbe1c2f1d2b40f6f3315592,1871,666,2537
a383080446c3cca9d2d733f74ba2ad31a7098706491f26f541805e8e7c8357d8,1214,211,1425
caefce93421b694cd87d8fb2b7929fe924aea67b2bd16b4b99b975b55c32d1d6,1207,210,1417
9cbe57324f03063f71c5fd62ff1f36a771e18bb27d2bc5f5d17ad70099f0c455,1056,521,1577
54d63d3f996905c06b94c53704c548eab09866ee78a3e23c815eac1f5ff35114,1063,219,1282
f528f59385018b48fe315b2f4b50fc0901305efd34b1ed4794b8b4fb3f612278,1012,205,1217
e8feef7d3bbb96eca530d9e2437365111770784347d3a0a456fb8e0316cea878,1245,210,1455
6991cd36c595642bd2ceca3fc2e4da365210cd1a842f752561b0e2f882055e29,1222,294,1516
8629bbce9871527a785c7c51b3618ff33107f0174f86e1c66273116b39021208,1126,299,1425
1e22a098cafc77377504e583bdd174f0340f4ef2be82aed630dec9c5bf67f6c4,1091,203,1294
a5c6cead59105ad97b5aa6b2ab493df4162ce7e792441883b35e11be87444e44,1146,664,1810
30dc1dffe41ea5341315d9f01e58076f0ac30a06b4569b3ebb861bfa7ef541c4,1280,214,1494
c779b53d4c66aca545992f3ed0bacaafaa78d676e5b346ad36fde4bca592079e,993,206,1199
7e622920d0ffd92b64f97f0d04258c47ae6bc72fb67e0527857fffe1103e1b3c,1595,373,1968
97d27c31471226a97665a524324e745f2e7e188e6a3352cb7a469504e491b9fa,1019,476,1495
a6cf36dbb9f714c743bc0928271fe80175fcc13cc03205c601dcec8877a8e282,945,295,1240
063a908030fc8bcd1369d1322ed2ae54d2b6a20863aa3669211e9f490891060c,1086,446,1532
1cc7e71320812ece571e51f27376b12045ee9291dff3de5c8be1808a6410894c,1143,221,1364
271de6029f09aeec9ada4909569cfe61ebc6b15e725f8f999593f61348fd4dec,1062,211,1273
7e49fafa1e2201f5eddb68117ce6a35d85092ef72f5732f53d83b9633dddb617,1226,215,1441
862ee2500a34a9731457a008d4267b05e17a430255d86d94c6ec233473b7cb8f,1081,373,1454
d82996a0365cdf1d2db9d481dbaf99a80e165ebc8470e3c5baaa763d74b83de7,1082,221,1303
5f0f7c830dd665605034ee4b6ee09e038bceb690d321b6161db9b1ca3bce7f56,1002,217,1219
897eaf4be5e9abbf64774571e82461a9c5716ccfdfabfcbf5fb8bbe60f220111,1603,626,2229
d3a582a48f85ec983714efdb6a7625d30d32f80cd11a5c650f35d81129c0dcc8,955,208,1163
221c4a0ecebb12b8f0b3d6a8ab3264be7df5fe6dd1d4f765ed40816c2ed49e9e,1061,217,1278
017369b534172f46a6fca1567df98292412a7d2e13a6902a952c791f14a9c908,1010,205,1215
7818759d13a61092a409abc7ff13eaddb139e18c8071f751c731ced8927c1f02,968,208,1176
e77c7a7d186b587aa5b0aeb3e8f17bd16976e274567d4fe05dbecccac963262a,1100,525,1625
ec742e0984593dd1811fbc21c607bd66675baf7c5df8cb311ddfab9e7fc47fb7,913,204,1117
21203a5ea3fcfd26f33bce38d84d09e43d8b38aceb22e32e729743048e72afb7,1979,310,2289
42ef37c049db47193b3ae4cc0bb2e9761bac50d26a84e80d68e8485048590f61,1429,296,1725
9176454c815bcfb241077d1241e1af7e344af4f3c0cf0a84f48db2e4f2d70c4f,1089,212,1301
03315c6ce3ce2894b28f358ffcf173988ea9014e1ad92762739ec108074bc547,1010,207,1217
2490b40b67e23d2e282dad2d1425194f26656e589f2928f57ebbadca138ded30,1121,357,1478
6ab08495d7d5947b3c804f9ca65ca6c48a99b7a1ecd134a8f18a1f26344c03c3,1845,564,2409
6dd3c21b204b07338f02ef979ca1eac4d8d3d62d5c3f4eea2599fac2df4ca14e,974,204,1178
08ca33991ef48ebadc45208bdfdf88b53766c1dacb6f3d56313f1061464a8e67,1029,312,1341
9eeae515632cfa080cfd5862cdcc1ecbfb85bda9c769235c2173172caed2851b,1925,317,2242
ea92e8c750aa5016d649266a3e639e786a67eb92fb06446f407e8494b4b69616,1226,206,1432
497fa84375cf0ccadfc04a02aa5942f9d7e2b7e3369b1972685fd1030ab6a007,2255,1074,3329
375e7e1ac4aea293cf5070e3f48aaa0d099d90cbfb4c60a43eb8227a3a34c8bf,1748,315,2063
067c06a7ffd59656621845219476239b9f9b7b69807e82e8933939d798346912,1452,462,1914
bce991a6f12fb7924e6c62f460c157f87a0daabdee23a2a4ab7b59893cba0606,1050,443,1493
4d1625d2a310ccf699b6cb694f1eb4bcce09620a46f9893e1cd0055eac09e441,1246,203,1449
2ae80b58690fa449a9a76441c3a09bdbc8b5a7164e21d1052729906126627e28,1777,669,2446
eccb74b7f0ee784fa88706a048e5537000e64a9391aa9447a9bc53f8320b475a,1105,203,1308
0ed0dd5a2169dc229ee3ec16bb4820b17589523458e85a006c37918fda565235,1545,209,1754
b17dd46b8aad2cb01902f6f37e911d3200ad44e473a1b22d11d8bf7785bea615,1124,205,1329
2fa3c5939536ccad9126510c495f004e1eafd4887f6bfcc956c22a0c881d7096,1428,212,1640
fdb1711e7dae919efc28904220c4d27fe772605939afa0a21ab73da805fbb7e2,1219,375,1594
32c5bef0b49c1b9763b8ccbeb93f3cb937b80d643e512c1305dd11f1eabff4da,1762,434,2196
e1a2b775a06341811001366045703a56d8a4df5c0d24da4240ae8de2a55db165,2085,311,2396
471aedec0fbc32a0f7644e0fb7014cf71f9314d3c204757d7ae9a17fd153d7f3,1297,214,1511
1dfafcc7d84540f0a2ed6b476f424b6f1de16e0e402993e70b72b4a31c876d23,1138,205,1343
e5e0689bfebe04e3d5a9141d7eeda75de2d2d107ebd90bd52b454e89b36771e8,1214,201,1415
6f2817b5ebb4c771b551b4ad97e5bff4444e07a75cb6234f12868deaf5e97e4c,1140,244,1384
79dc54c86a9761477d68a06644ee082206762e5acc283187e5ab314f45d76e05,1127,205,1332
9800f0993ff36455bfd5cb619bfe54e1c09242489471834a657e94081ff6651c,1645,419,2064
889990fd3aba7f482cd579724c5f07ebac89de54d53c2420161a7c94b4b55eca,1535,462,1997
7cb8e980a22378b28d9af9e964b60faec4efcb4114377031d31847edd54ad02d,2002,439,2441
9c325dfb46b10d31bf4af3874f188d60bb9bed445ed131a680b34b9ccf8e8b56,945,208,1153
aef8842d16f8fa2d77dc0448ff61e6076a14f9ff60983ef6af9e3bc999bedb57,1076,378,1454
4f80ddf42a704201860cf8a2bdaae7627694a5b1abff5da7c73562fda153e46b,2075,313,2388
27af4ca2c6f38eab23742baab26e9768bd02737024edf7b50df8acc6b901260a,1040,337,1377
0ff9df55f3cdf60cd705c337eefb4977626cc51672a775de98d1e081d8b3e238,1081,210,1291
e4fae2bb7cfc0ee7e1afdc602d4493a9019f698eabb2a98a6244f5ce89bc343e,1031,213,1244
70f25c42cfbcb0ee26b1f07a296e3abd7c7aae2d10054d6c6508c538057e985f,1146,237,1383
6a648d5348d4947ba30ac0f1fa727c7f16fd68660fb042cf82cda5c7eec0bf2c,1124,207,1331
299c58691b102ffce66732ad7023a4591a3288a4c41758a7212793790ea6ab88,1546,584,2130
57111f3a21a7106c44bb03d53c7db9c94f67ec83cb4ee1f3f97a72879bb969c9,1783,785,2568
ff0ba7bfde246b61a531cd59715539e26d01c648c2dff262c96e7b121905b23c,1055,214,1269
3d40f0e950b78141de27274ae8fe95898d3562bb6a16ef8da9aabedc6bb4b9cb,1123,214,1337
25b3d29a8c1bb008c8b2182d10e44ff68891869900a5aeebaaa22733725ac23d,2180,321,2501
262d4ac05462535ddccc32068c7d09d718c17d3e8a000423f33414efb9d79a41,1114,527,1641
5be6d7cdc7e43690feb6d6f6f75f1cbfd9d1aa642f961935bccaad8037da7351,987,308,1295
0f72e0f557ae05a63f2df4eb7f1cfd47e0a6c92aeb5bffbf7333796cc3743396,1105,205,1310
4f92f86dff4eaa024bb9eaf7dc3df8d33c3b1c215dd75a3a64c7e554a1a6df67,1099,224,1323
e6438470770deb3a4585e201b50991e2e15952ee923aa32c9d65363ad70c6c74,1698,310,2008
e00e6bde05d1bc86439520ee290ee6c09ad1ed3cbf68a0cce3980f3d5e6f5f9d,882,200,1082
85ecf2e4ce4395ae093eafd32880e1b25e5fe9d3aa01eb602649952ff65b93f9,1217,212,1429
9e500978d3d5d0ea874a731e18030648954e8930aa99f416c82852578b1292d5,1294,224,1518
a446a930e970cfbbffe5e3eb395bcf66446969a4df23aa22133526569a24fdd7,1250,248,1498
9d8eeb408ae3828646bb549e1d3759c2a34a0ebae7c4c63694072dcdd38e7854,1183,251,1434
02cd2624b87bd306e496ccd9b7f2a39ddd42dc73ae49be6c7c44e1d116ff76ec,1657,576,2233
c3fc06b1ddc0f11cf55c3ada21167c706d3648fb8b431c869596a67b3301bbb0,2178,443,2621
8e80f6991076d81338ae3c4bcedce894fe9ffcf2275ea4cbffb6b3511cd28fc0,1907,321,2228
e100c679a737c9bd02223d6692922ac83bdf5a183dcca0d53124175ead664715,1597,535,2132
dacb83dfb8d1e6477371ff1719e0aa11817c24e2336eba13353d0c8a392793ba,991,370,1361
d7832ff4a77a6797e27a2af6a21257246004828d1b222f0978882bc3ca3af8b4,1226,435,1661
da3b01d1488bd356f4dcf4a453dd871271b3f2d7a7446b8d111dba9bf5366615,1124,205,1329
f0be7fd34a32fcfa44e8f5930d8bbeb171c1cb6ba8c6ec2bfc8a7966519222d7,2107,313,2420
ea2ef03b792215adbd24a416702073e145b8f438ebe9d428f298d8ea7537f101,1135,201,1336
bbe4db9297dbee7c5b63679c43ba1f857af3effc3c907eb2bb6cb46bafd63216,933,200,1133
518482d429b4f052287ffaa88522141b294b04358b52847f697e80dcbacceac7,1729,557,2286
43290b3b08481078558b5e398f5e6387c5a4805cf7b70be813a6c3ddff26b041,1064,281,1345
38d02293712001499464236c07a0c7a3b12c7cbfd48da240a846b8fe8a3f47ee,1809,775,2584
1af56363385abfc5dd08c32ec51c7fa2d0757bd1c6189a4c1ec4b93f77bf13b8,1537,199,1736
4c272f8ebe7e703848a8820bf4560ecfb2c361d190a5c50c5467778faf91ec74,1210,215,1425
e1c873a3da17352dad408863fd2f15f18914580c655d3e1391fee78e9ae571e3,1317,204,1521
883fdbad2117a042ad36cc6b7e9fdce744b0ae06887e4ee784e1772f830ff5d4,1626,322,1948
ff86b337382cf8a899c0db28ec8d6b5d68480c4f17c1744545b5bb1efa074790,1012,309,1321
3069e53d840cc59a4dabec2a1bbf1834257c8537b31c3bb4ddc9b4e59fb4ddbe,1201,224,1425
44528766f7fa8619fdb6e12248b6d2192012940780f81c160d32199f83b142f0,1100,295,1395
f3b1c8e79496544e2425ae63fcdfae184a1e368d617ffc55a7411ac5ffa03a9b,1569,466,2035
92f69e4ab780403e3e9b44601f401f678a07024cf5b11599cccaa60f89b1be2d,1774,321,2095
08a568532fe3f8c9b21ce0c3c01091be9d4afad0564c3e2d2e5b36e065313587,1007,285,1292
4aaac4294ff178348321603aa1665c5fd272491181f41716b63e6c0012544e65,1159,296,1455
376f338d2f531149967e7166c8996107eba451a8d6ec3086983cd612f1660cd0,1731,538,2269
5ac0685e75bf1f1311ddf6f42e14bc327229636bc54bf61c92ec942d0aaaa6cf,1132,212,1344
f3a40529e64e02a81399cfd3bbae16d47484cb0fd55f01137969ba5be467d56c,2303,969,3272
c34ed1b3ef9d55ee183edb3d85cf42e245cf6d9a46639f0d774ea820ca5ae216,1161,776,1937
9b4c8492b0a2839bc1d3d0530fa49e4752062166f3bc7d6128df9ef0f89c4661,995,383,1378
6aefbfcb9ac5f219863a4a9e960e1aeebf93595c619942f9052079dbef8afe71,934,203,1137
f953dd35ac8e8a872b3beee10b158fb89573f8ec35d87b3bf24f04aaee251c29,1124,203,1327
c51340f824e2c4c44ead537e5cef5c7dde718db4abe25376c5600c4d24c3009c,1124,205,1329
7cd7eeab7c07820c8cb64b4755f0372bcdd575f2b4bd554e9596fda437325690,1068,291,1359
7cc6854f8264c471dca94a66a8970868c16bffcb08f6705c3a7632968645234c,2040,431,2471
c3955625e28b124f35c729a046ca5fa4af5374acbf859b68bd509dca0e960511,1658,315,1973
fbd7daa6a06eb69fe50d4bef94200f06a6826d2dc8b1ca152f834460382d881f,1108,215,1323
86cde1f2cf77b49152fbfb1f3bd917cc7a02b80b828a4151add312729b8592bc,1400,205,1605
73df6b4b09cd4ec9927c6444e151e36c78ca5a971a58a5dc785a01bf945cbd63,1118,495,1613
fc7465059b393a9287f7a7743508d32f2736295b0e19897043700193e159333f,981,207,1188
fdc277691c7ed12d92268a21df9309fb49a574f232b1850042bfb2ff5c5889fb,1422,449,1871
fec6eaaf53f2e01af6d9bc380678fc2dc352440321f9881922af6e23127d0b16,2223,551,2774
750535e0b1faf5873c725395f3b60b98e74fbbf31b13dbc4c9bf445eddc4047f,1008,200,1208
0ae94ef3466fa3758b7d7408e2fcd3a37f1fe0578e1096fa41a070877b938c57,2239,318,2557
99634ddab4d3d2ba71f278ab96a306ac5d64baadfca5fa2d16d97c7b9ec8de88,1334,353,1687
0fb7228c52c48e6bed7d0da05a9e70a063588c8e7d4e7c17e46fd1549ce0d73d,1882,322,2204
56ceb45b19df1949c520010673eae14471a82460f82b15590112e14521658b68,1019,369,1388
d370856f08a7f1297377af0f1f1c0010dde214efda4ace87b8984495bfc82ae4,2254,669,2923
7bc0061bb2bd528124b73180c5fd436730ad609ffd0ad34918d4447b819e0cdf,1773,553,2326
cee85158e5fa9d3bd6dcc1fafb9f268b7c22a68977cbea19a0a443b43022277f,1365,320,1685
a71fe4a6cd9a5bc8af5428f7e0ae3e0a6c544804d3c81cfa1df46da4277ab0a9,2240,817,3057
77e592c56d7b43e169209144a51ba2d18dad8db480200029fa6c9ad1ee278f11,1261,204,1465
d46a35c551e126c9c368a360bf6c3388dbc10a7a8c8e5a913c1e560bb53ad5f4,1223,204,1427
714e0548eccaca57e0024e95876072f1adab2b5dc718bde300b8286d3e5026c5,1245,204,1449
5e14aac289eb41a6edfd1a29318134aa006795b53a6c2a3c72a4ed30f2082387,959,320,1279
4c3d6db085eb66c9b3cc281ab4aa3a63bd3d89f7729e8efefebfcbaac61a068b,1124,205,1329
cde353df4a38e09ddeac6efce1963e8e3fc5bf5e05ff967fc0bffec808ab8b70,1355,364,1719
80ddf3d920fbcc84fd369abb18830b01ab029e97cfd21d3ced338cb17cda8a5a,933,205,1138
0043d7d5e9ffe5df305bcc56f432ad2fe59dee70e9a76d96770908a24444171d,1511,212,1723
b93a37c49717096b4307404e5c216b408c9a9f0a7f083e4d53f31475176ec6ef,1226,420,1646
268af7adba8bbf4382c3e7d3a0cd91de3dfd9279d1ae0f5cfb794ce0819525bb,1025,209,1234
8ffff21749bd754efa17870fa46efdeb506d47ae815bf872ee309a12831eec92,1044,211,1255
fadfcabb2b55258171a10f716066b104450406733e119d8050d7b78100098293,993,445,1438
c98c4536a2557c595a007cfa09fa8f3abbba73d38aea27b32c6ce4b72f01de14,918,369,1287
8bf0515fc029a1e1df10d219180d01cc0ef89d34ce314a99418e0b6a8c3bfa90,1322,202,1524
68411a09b9b6961bc4fb1f1e25c5580cf1f92597937581858591b44696e38423,1594,740,2334
b2152277ac18c5f4969462610e6edc8bc23d76eb0b7a4dd2d294e92359b51515,1455,423,1878
9259bdc0afc0d4a744e37977a0de95b749a87796413f44962a73690126228e96,1071,214,1285
dafbe1ed3d1235e4b2953cd0176f184cbe6cb3934455a535bb62e56ea740b28b,1162,314,1476
81a54876e7f50bad9ecd464b7543e41ccffc0b778b9207bbfd8fc6872eded07a,1100,213,1313
a804ba9af4418be78ee975520328598be5ee0a4bbda59d656c45ba4db26aef65,1058,298,1356
62581eedea455acac2c062f4a0d8c60b6fa71cf2e2acb07333144cabf50ff658,1124,205,1329
5d604379ec4b5faa74fd75bc9b586fdfe6eefc2faf6b6c17ea25cf796dbea56f,1071,453,1524
4702900540a51c9a08a2f24d3fc96d4401bb5591d2244416b7053ccd07b96d7b,1668,775,2443
71ffcf93002c9fe70aba95934645ec2790b77116d98eb18d96cf2a8721ec61ca,1208,454,1662
3a91e0cf70920e6d43da8b5f19bfac87286b898a3789df822ba8326992c2f27f,895,211,1106
ae69a8f956ab6dba42fb90a885c2ff95f1090854be6efb74877bd550a6e44bbd,1272,760,2032
1efd50400ce57649e291d21c2220c95ca6b871e2befa3e20ad02e9e218f51690,1264,211,1475
bacdc26fa0bbd11daf58bdf9de2b68d8185e252bcd745767df49f0bdff20b65a,1150,677,1827
0445b85b9b95a8124c6fdc939a6b7ccecb65bdcb8a0f2ea1362b800f3f21c538,1070,293,1363
0b9f8cb9b682ee85482d88062c7c8dd53e6a7bc495d6fabaf980d0eded3e50b6,1523,291,1814
11332feecb21c5d3088275ed7a113c980e5a1a3e7161ad0564206c0567f52a99,928,249,1177
81ec5678a3515d7b9865d9f14fff78cda9f0e1a4a5555cfe592728d78534cdc7,1466,211,1677
a003fbd85a2203f654b051f7a0fddde9be80dfed11567452fe8798823c3644f5,1503,209,1712
80391ab9d4945c62d90e57f415ee7acb31f154292e6d923ee616f34136bb07fe,1242,379,1621
4890a08b92cc334a0217bc57b2c592fb3c675251cfb0917d71e7cfc89a03676b,1265,210,1475
d67fa9aa6995f2789d18a8842c9ac6df6d5593efd8cd0e67f94aec296b4a914b,1065,210,1275
e7eff2a6de01bfca6fd4a00d4688178b36a469832b26257d4e218b38ffcbd1f2,1041,365,1406
6d5cf147c4a9e79219b4987dfa27467282e5b341579ee839e3bb7cf1a0353af6,1174,207,1381
6f24a5f7eaea51409ed593cf07c878a7b92159193a671b1d3aec34b16e60c794,1250,292,1542
7ce96bbe870817c19c0f263c8f8c680b16f851178096dd4db25785140440b872,1872,317,2189
315e25cbece55a381d524056b67bbe8d7bff46a3bc86a451401fbb92f84621d0,1248,726,1974
01c1c556ade60888ffbbfe7a1322983c0d274165641ddbe73215d8edbd991ccb,1083,210,1293
df177c8782ed1f81d1bacd9bffaf88d566edea497d5c38702bca72f9c29304ce,945,209,1154
9923ba794413e69e275ae05f096c938ce8d62eea4a7fbf274435a474cdb4de9d,973,278,1251
9b75836aa28a6ce5e1cb024324c71885a024460e438292578efbe4e19cd4a0e6,1702,665,2367
83e7ad15c6c51982b1effb30be1ba32a9727b134ebe521a2ec62821066cb3b4b,1312,210,1522
eee1fe6c23f0020659171b67a6fc8c4bde178dee652bf3fc18d9776d1f62bc63,1252,211,1463
339b84c31d13d309d455e548eaa8680e315a214cf200d2c041c81883bcfa5ce9,1020,211,1231
8355b43e83df3fcdd88e58a7ffe70029f5526554752ebf55f99664a6de1008ad,970,210,1180
c1a6573468db9f7cfad92ba6b83964e4a8e726d3b8062a758cf5fbbe066bb93c,1252,779,2031
db1b5df704555e49897948a82256ad407ffde2155222ccde212a5defc11ef3fc,1060,295,1355
1bd71e48b124fa0b78c25f1b3894a0733eab5a3575438f1dfbe443eacb3286e2,903,205,1108
f1ef1085fa887f9632f7d47979dc96f34dc1384d9728626744ff4a4ef1af0912,969,288,1257
931928bfe9fa6610de29b229746c5ee5c328f0fae4938a03bd3a4acc191d33cf,1143,503,1646
0c2d8f4c01317c4d6917ad758e7897b12cfe950aa1f001aefa1750b23f39f8ff,1236,212,1448
1f84ff4e40460211c8c6ca1b378fffe90dc9d745e153dc535ee32cf7c932e8b4,1248,204,1452
2bd1d66b7447af0bf59fdb208f9931f2f6399822b323ee00f8eb63ccd0eb2f47,1682,871,2553
37e308499b18499a72c88876fc125a7c98f27eb2753267d752cfac6b747e1624,889,210,1099
8cf2dd4b8f17e4b1284f21dda3c865f61f886d862c68c343058627214016b425,1016,10,1026
7b42f0cfbd90c2e3c41dbf9f6a8e740fe26b5bc909d879c0e6bdda08d6ab7e9e,1657,121,1778
cad66fd4d2593982131ec8ca89c41d8f39e4ddf39ea877becc5c4059974b7f3a,1059,308,1367
c9f8e0600743b08f3b70d6b4bb547e16fb0d019e16937a6f24913c0887221ffb,1160,261,1421
f51f9c1726f7a1cfcacf823b1494132b56b659759e1d59eb7a24995f649a9e1e,1420,450,1870
4b4ed007b91d699c2473a0e92f4361eacee12ce81ff0655057fafa93479bd114,1989,317,2306
a7f4a77e91195c49c80a87d1cf5b47389e6a0c2808706f9edd992901299fd508,1871,700,2571
2db69f04b21cac8f9ffa417e5fe6ee9f4e3c5aea7c4bac682fe45c3c76c5f5b2,1268,305,1573
d5dcdd0067f6c3764087fa886f452e779504311ea26a0b3a7a2db491e69c3a91,1610,209,1819
b03ccba77e7e5fde113015fc1f776a088b730f079dccf2a422d47ef9eb7aa6d5,992,205,1197
1178fd7126b5c531e84b16b023657467e9dad3b9b14d3f0b758d1a15e588ba42,962,206,1168
7aca7f411d91b27bac44231bca131c560f321968d635b9d4703155d4daf05b95,1304,210,1514
45b5a1b5fb0c7ad3bcee8b29bc2c06e580668706b0dd55610a0a26f356d7e1c6,1194,213,1407
a8fd003ac7ab793f853c1ef713e8f5855570ca107b95ae5c758e2e3b9e60c215,1465,203,1668
b992d5a0465a8621f232ad7ba38705395c7589d64daaf9b95473401032c08e96,1124,205,1329
5ff6e2c3558c8046d849e96ab5062d75554ae24e21be2096069e67ed00692fe1,1147,286,1433
0224827918d6839f8fe4a2072990d8fddfd98f3d0c9931119bb6ce0eb9338818,1010,208,1218
9af7aa846a1277f1e906863d4c692e1219cbffb12a4ea536e4a001cac08ddda0,987,214,1201
340f48740810db3848c7eb215e536e3f064367617597ab0a7f27bdeaeef539bc,1596,371,1967
906d0d70bdf7929bdd26cd6194263ab8ce32efa1fab4c991a273f7d6cd591880,1754,442,2196
3b219602771bd0f957a3e6fc70357195ae33869d3917bbbe36c11af06d8e7076,1125,210,1335
6e4bc94b11122d994157be465781b56c1497372f120db80072e8bd7b71b3bd51,1152,458,1610
0dc36c878146855a966d4a75c9f678f3e5091171e46903789c427b0772ae2bba,1005,304,1309
2bcccdf1444b1287b2264be2587ee25cd2f62f001f017b4e93a016dea531a9d6,1495,205,1700
e323613f38f0d4191e32f263990993d5c0c88985ee6866aa5e5ca615bbca12f9,1239,218,1457
8f7159b34e855b4570b622d4d68016db275785f2b700c212a86cf96f8ecde7f1,1144,204,1348
654012e7da2ca33dccd58ddce921805546a5bcc5c47e1e3a939b878f3f045f2e,1268,455,1723
9115ebeb92f99d2e445e8aa6b095e861c168a27be0b00a4c8e94e14e9e37c2be,1631,673,2304
fc553f39af50005617cec20bc59237386b338490a202849be03b56a25d550d4b,999,208,1207
b9647d62ac8195e8231f62ecfb227db855ebc6525c91a77b898d9e655c35a2f1,1280,214,1494
b92d968ed5d96523a5197b856ab6035d9c7898c76f930d222f2300087c921970,1513,295,1808
79bd1c58b032ca49a0ac0cad2bfe65b75165c6844dcfb9e5ffdc52ceca7ffb36,1200,216,1416
6989a79ac9b31fd906bac89ee7ed5fdcd9e39c3039157685654aa52dd136da78,1034,203,1237
25cba91c6fabce313dadca5ceb82a5aff14aec5b9930b4bc8d58014ea60e90f8,1124,206,1330
c224ce8f82fb09ea190d8fa5ee7a6be9dfc52fc57ddc2270090cc68f1d782910,967,370,1337
1af1e0ce8ffa970738fdf02db0d358a42672df96a141b3917df3592c7a86dfa7,1089,234,1323
bf9870794547558a86356d793fe1f206ea3ca8511980c5442a2f51f4ffd0384c,1904,664,2568
d4a402b90cfebf6351e8fd004f11427ef727cbeaeeb02be707902a9803377442,2331,711,3042
c7400b416c0a1a627897d30cb693f260bde01e258a6183bbc9e3dda468df0e05,1477,620,2097
1343fd8e3fae45b63da0e825072b9537b8a2bf7559a365d9f9f36b7b4f986605,1098,209,1307
0bc9547fd169e9dbeb8313e85acfe5e8b35f78fc6ddd6bb67ac0ba8e847b3cab,1132,208,1340
afa15cf25dec9ac04a17e21e386a984638867f1912534334ee01fb700ec72771,1409,212,1621
8b96055dd5f213cbeec029683ae5a25b66a15f44c1ee606eaaa8a43ca63e8f96,1227,328,1555
362c23c1efa03c94540c58124f55c0e8a0dd8a71f01cebc6bb6d82adde328d41,2051,320,2371
873a470b048b16f3c50bc8a27f49c49ca50be65f2a901a2be144ee89b2f0212d,2260,846,3106
d9745e82228925fc75ea6eb6283ff35bf1153ea7b2c705cc1c42b9209e39ea0a,1309,256,1565
5eaa1b433e2288ee75b209ac7d2381604d8dd17110b1580a996711a5ea43b9f3,1728,322,2050
bb3e999c6fa8cfee975c7884e13c03ac18a0dda2ffd09b6d8b898cbc13bbcb24,1203,544,1747
0d37cb7199a25c9f98c01bec1c29fa48e08556867e56f058d1f23f89cd9f75df,1625,673,2298
5398faf5bae06beec2c4f7a255f4e5535f5fcd9d76eaa23ceb63cef06096700b,998,205,1203
3368b89c230e2f7209bfc5632916ff2955e5d85dedfc5dbc72c49908c457e0c4,1444,284,1728
adf8679557c0216bc5bacb9a5fb5401275d434a02125913f06579ecf507c8fb6,948,213,1161
7e1ffcea930fec72953d61e8009e554a6647284aec4e4df0c4232f47e9abddb3,1017,666,1683
5fdecb87412a3ccbcd00d000ab87b8fdd81b0f744b4e95d6d5247b5275a9ddb6,1039,284,1323
226afbe09964e7e1f11036b0282944d98903347780a4769f5649af1d08f51f03,1409,215,1624
574013b2dda11a8cd69c6f444beb17f1125f6905529a270655c199fa83dc9710,1255,452,1707
7adc6bbc1188e67bef747ddb45291d044cd4d20c69f8880eb3cc4dd81803762b,1131,386,1517
8c972d9dfe2dd31883abfd94a5372838a4332d6d35d53d7b407a9962a7ee2bb7,1718,322,2040
4d774f9d61c3b661c175e5dabcc7cfe458735cd3d8ccbd8e62f882bbc37cf7ac,1046,207,1253
fe99c951e9354b459159ca0b69a89fd38785e025c94ddb0d8d31d924aec81196,1200,218,1418
119c41c21ca040e76525643e19aacb8cb95c6e5fa17ea7ee82f2de03213cc010,1124,205,1329
e2f246ae6451b2819bb6846a7a71f32f7cabce47c667c372a29e7cab7ee5a71f,1278,284,1562
5a6fcba96f5d460cd015f18308bfb39ce121b4844cb20f5959a1ea55358297c5,923,208,1131
3f06aa0e56a63e9924157286e5d9a26a090b62ae771d582512bd785a1b4a5955,1442,205,1647
587a0c97847fb6f4c68ea38bbd33bbda11c3d99e4dfc934fa4af0cb11a71a83c,1104,281,1385
bfcf10352f1bd5a8bf8b5511665647d37422f8f5aab20468aee166fe028cde51,1562,847,2409
9e4fe79aa18c7d2b302105a3d422afaf0d60e4dde49fd1108a0a0e783d03119e,1257,206,1463
e73f4f79b4fb9453144f5944a91ef9f9a59a4ca5b29aca9c79574fd3d1c4e811,1333,297,1630
1074cd7d89c304f95eeecd3413e83165b96d163a047d4a997c259e210937c311,1000,211,1211
5fbe6b36381883594a5820b80ecd5eb7525c870b854074cb2a0988a61498a0b4,1127,222,1349
a696c55f67f87b426883ae93b2f7e910774dd29676b5ab807652403538feaceb,1245,309,1554
91d4ec86a3aad8c78081853e211205289e88e696b1d2e9b40465f1b671f406f1,1677,662,2339
d6d945a082144f59787692dedfc4d92941d90904978a961f391887a19c737383,1132,205,1337
79c9536563270c0435baacf204478dd272d547972172d19a0ca13c010d689069,1286,443,1729
5b5a0d88b8a7f8f4470393475e454b847406c66949d213ac0ff26be7d6b05ed3,1025,204,1229
9c31f031ff66d3be5880f01aee8cbdd81ab060e2e2f0fd5c27de15e3e063765a,1124,205,1329
65e6ce9e45d34e2e545e2ca416f2e810a800deb3d06f62eeb145597a1c3770b5,1508,204,1712
331e15b49004abd99d161aeec9ed559ddb37c602fae677ce0944ec58e3750fa9,1351,205,1556
0f52b9d9f189c2364d6b21bd06569b9dc56d5c038054c13e4ec5958d1e9a9c2c,1516,221,1737
a1082c609c579fdf8467c0ad21c99bba638ce52a5fda0908d044c8968c5a1172,975,212,1187
4d4d8c75df4b72bdac04582a42e00030a75ad31b3725d2a1cf7e52abfe133a52,1226,540,1766
fa1e7e52d672b64ec7d5c9a23d78f60a62fa0fd55234ef43a66b8d0fd9a4a16f,2132,319,2451
fdd8a2fbb2d20c0ac9b0ccc610f5c4d95f53f71d5125f800706c6114aa2fe73d,1187,204,1391
fc52c88f0e91d92c584864f84f02ad329b4f728bbf0314443bc1199dc4dde510,966,217,1183
88e04d5eaa06de087cea35ae6b22a78a45947a4ffa276c597033096a78782a0a,1303,209,1512
c69c0628f056363d33485f0fffb6f6f63aa47bbf8ee7fd85bf7ff1e6c7007b11,1073,242,1315
3ac7fceb90a28b4aa97b48a2a6201155bb9cb5984a461a74bf49f02ba89f9cac,1334,206,1540
bdb093316768154ce6842813eff79d7a38e2204db4149a981716afe902fa75f4,1216,204,1420
addc5fd283316b175453882b9c1f66231ebf356bd11c9e854a4accdeda50decf,949,206,1155
348423d3ea10c178c6772ad4a131b90055546e3f18a8b41b6782cabd8529e236,1290,666,1956
aa400404f9078d32acda06e61541cde935a183e289260ab05cb714c60ae07e5b,988,206,1194
fdd593b2cc2706924b5bef8db3fc56d62d8a922361341f44c8382f9e43161527,1076,206,1282
474a2782d8fb2f1572ee8775344992838f01169709a5101243321ec86124c68b,1001,205,1206
96c71fa04526272de879702874dc7cd9c1c2b2146253c63ac907dd955ac713a9,1183,205,1388
054a3b638e728f5f5201bf60b5cd6ad8a36070b22aa480d80e2827eac20504a7,1776,320,2096
c61ef807ad28e3d964fe528f9a96c8ec0118a9bbb897ef5f767bde85fdb05619,1732,1406,3138
a22cd9e23eaf517006af3eecc798e180267d14353ee0e778bab296097d779add,1381,450,1831
e521e65a78da16b220a2d92b958e31b8ce32eb3cdd11f4d4e6c618203aac8cbd,1228,205,1433
a1585f5fbc55de7fd949ccb621c01e5c55915235c33292e6003c159d6ed11306,2144,1684,3828
fa967b830602df9e56f25d203ce5fa323e737b3581a38a496fd77a3301380c3d,2303,322,2625
40ffff46a6c8e81de01b4d227deb3d72825fccb74b844667374aec35f8c11957,2234,670,2904
ce3b2f01ddb4b2b3d58ab1235f244e7c97c9db1cce810699f58f4f87eb98ae23,1139,204,1343
6d4b9de74bc5959eda0cf901f17b7edfa04bd3aa9190e2fe933f030824561025,1680,781,2461
e04d37dba4a3c732080cef58644ded6018ee20812443c2df6cafcd0df3127085,1034,204,1238
2d488843c1fabce95889ed9d056710f8dbf4d5fae7c0f00859642e5e90d6adf3,1089,204,1293
ca7e3bf664d2d495af571d78b66c6d5c884ffd2cba93c989aeee6dcedc023c90,887,205,1092
4e8b028fa0fc7f88c1c5841173cadf0699e0c9e75dd97677c2534875a2556508,1108,317,1425
ffed310652c6f4b8a80ce800ba2e1b838cebe18ea291186b8fcac87f209dc402,1394,290,1684
85a5ce3c6922734c57191ca2de77665677a95bc2a88f3dc0ba4bacf5182363b5,1124,205,1329
189723abb3d125a95d68753fea8cbe11f0a9af183efaf30ab8981071f25bcfd4,1615,208,1823
a341f42d06bfb03cd42f878fad1c21ddb74621af46f9cb3cc97d80b55d6c5b46,1093,209,1302
7112f3d0a64aa29bdb85351c93655a7d7f70d907a557302e8f138f06b8b2af83,1079,280,1359
c80fd919a5b1db367c2fe91ce7ff1351a5d28ae70e1346dca040248526dbe2d1,1000,204,1204
872797b14ddfc4414b96637668125c5e14e8f8ba6ff7e856bd1129dd16b1f968,1500,440,1940
aaa43bff0185ed9c3776f96c749cb0655afd9f490ab56d6d94540252b781fe35,1081,205,1286
b87aad39c53640c27e249cefeb921ab0a95a940d561109c8e0527b886f745e00,1292,210,1502
4ea15de58a03123b91a26b230e2b200625c3d353c82fcad8a3eb9a6d7e770234,1793,312,2105
61695bf10951c8e47dc9e89359c4e52ed1d5eac8ae143e177c8033997c981c53,1216,205,1421
a8af7601f28653a1bb7f960e068f9ff94fe2031783d42925fab88629bd1c348e,1955,556,2511
3392abbe9b441dcfa89c27abc807bd6b1b4cc654fb26cd202cf822a1473bdd52,953,209,1162
058da4da39935112dba79ae367cb7f30c8a78ec7110d5a8b37ecff91a7c23a03,1079,205,1284
ebb8129e68dd43d28a9325d8703b34767bf5171e9fe1d5e83ef6c952ed2d718d,1363,219,1582
49a042ede1d254241e757e0138fb832376704db6b8bd46e7d6f8d4cad9504faf,1540,203,1743
355469a661952c54f161ad2131654d799e49702c7d61214fec34fb3ceafa1959,2283,554,2837
31787f4083d38641e1571b7e350fa34d46a3e825734f8bb48661e1671edfb5b3,1937,318,2255
0afae9b139b2118f2c28c1a4e4b155c42ae897b23e4610cbba1d649a642b6c66,961,128,1089
f5bd49a7f8bbb28a6581b861a4aa439668c390b5ea3b4c19e944d756c3b854b8,1177,543,1720
7c14aa97544bc093640a4c9261d302733307235d8bce48f2d6ba6d670c71747e,956,202,1158
586dcac274ca3a46394ed215a56395362e497c99612be2b4a2f63cc5fcd6cbd5,1541,208,1749
20d678ead8b157b8ed6bbd2b63f63aef88360cbf4ee2f2137b757d8f3253bd23,1246,248,1494
1a44aa5b8cd97e38c1eeea6f53f2a683d086016463e8167e67b21c7e17c1964a,1628,433,2061
20bf854cc8afa655e3d7f72f8d59497bd607afcabaf90709dbdb6567b8dc282b,1062,216,1278
6c63ab3aaa71c3deccdc02bb4cf0b57abe042a7534039c7c9815f30b5a8fd2c7,1370,209,1579
06c8d1361781b3beec1d16c5fe2e44fcb92b334fdfae8776f9851d54d933a895,1853,204,2057
ef4462deb34e76e207265f1f14d42431373fafba69c4c77e94c500bd45bbd727,1889,439,2328
83961aa4979bd5a18ff66d6fbfdc3354ebbfbe194cb3c7e3090c4032cdbbca21,1055,204,1259
208abec12b2b02c7618ee6ac413166147df6d272aee9d90b41082cc71db4be45,1183,657,1840
323c22f4e11d191a99e64237807e44e0a6a227f9807345369311d561af38cd4f,1190,424,1614
86c9d3b222256ec10ff3fb7dd3cb78572d3f900f6a489b33b6591243d20fcc6a,1107,213,1320
89b5bbe7751b69436775977a9481b0519cce043f90550d1db865914673984e6c,932,218,1150
ab2cf9cdd5db86caadf20541931e828f27be92fa7fb5d711e2946da2aad9c73b,1081,253,1334
cc8e773fb639cb357e334064589dbd7611dce1af2f5e9bd22da892c3dcb093a5,1124,205,1329
0556bcfafd5752d2e925c78d8e3749179fe75041247b9517722dbda6b2a19f1b,1214,309,1523
da7f3bdf3221d51fcaafb21f918a0908af2f2830707171acc653f2a49f7391a0,1176,363,1539
353256068195664e0d43f0af75e9d9c03167b75bde413164bc9442f9aa1a5658,999,215,1214
17b4bba0ffa7deb23e062d42f7ee0bc9c5b5c332643cc3ff02f29f72ec0b51a4,1034,205,1239
709703859fa3421c481b452c089ba91a41d532f028128fc44a9f05ae830c1373,1124,205,1329
cd02efa93a1621bc8c1bf35be6b5f0f56eeed35504914c6f3b25e278196bba64,943,297,1240
6d4beb106d5cbd4ab67835b173bd51ddd2f451a164dc1df60f2d0875adee9b3c,2271,313,2584
810eaa9a90dbf4a72efebe3f0f9e92ae46face982d511b5d618c5a49a82f8e18,1140,312,1452
57afad4fb19c404337c47837601e4065e449e11db57755e518f77266e56b88ed,2239,679,2918
a63171d88ad25a45b6eddbcd1c5b91cf39420a298c56f923290c37b9d60f0b32,975,290,1265
da72150e73cd9eb7f0c5e62017e8c25c667c0afa2c41e73ec3e833152eb092d2,1121,214,1335
d73651d8a0e8d3a0174ec10184294a21e53ff88dbedb76eedd6ab8112a89a5f8,2153,566,2719
d4e978d7ee67650b46d2e372af325cce8422590d211d9052453d0bf796e19193,2185,572,2757
cb75cade2242ca2e79d40286ae038df261e0e1d152d59cca63b2710ad560ff83,1532,206,1738
b4adfba67d26e2e5ff0a6ecfa970dce612fd7b3349af10c3462231e0e28dd58b,1124,205,1329
c92f209e5cf3f8f3e26b19e22e730525bf5c583218359f34c2413fd54f953c9f,1076,353,1429
83df2b5f3de08f12d8554b45cbbd71fd9b8ac08da3c5ef4bf0c1650b97ee5c21,1250,448,1698
1c4a95f906348bdcbd686173a13ac0b2467ede9c9cf48dbe052fa00caf8cd585,1143,278,1421
a022a450d93d19ab423f6f7f3d33d1b82c7a56ed75704b382162c3fb99fe418d,1685,771,2456
226ad2492bb61fe621c3ea56f051318c3dde9343453543c6e69f67ca2d0da2e5,1255,204,1459
802f31ec0c2981a38800c9282db4bbc85a0771f3e4a2bfe501d01028ffc3f495,1303,210,1513
8ad147b260018b3fe41fa9a690f5cb02f687b35850cb123d73dd44c452919757,1863,432,2295
91052bdd325f100e96ca43ae2dcd4186fc625943402951dd3043646f1536f5c3,1163,204,1367
de3b6cba2c60e095d764751b4d9dcb91b91d8b831d8affbcf7c7877ab04d97bf,1878,553,2431
ba23187bdbdad16bf02e6192c15687561aa16bf2786de94e6baa52ca8da91755,1308,285,1593
2f186dfa7d90be4fc65e678341ec24656da4ee21a7b8c86a65b8539f0ca50630,1194,312,1506
ed1cad414ff94080bd3f69aa67ee28ae4639612f594e37313094d34e6a1b6c11,1447,212,1659
f47102b7129a3c37d75f5798cf72ccffe6f31e88ca1b8e2f9ff7b54664d46ef3,1021,214,1235
b2722fc63cb59e948921cbc98fdf40b0570c084dd12b65aa53b21622a0608120,971,286,1257
46695b2d4dcb04df4e0e657c7fdf0fa0b1a479b7cc70cc07a38bcf19ceda32fa,1227,292,1519
407a833e6634ef96baa64dd62faad19f8dd9124f521d301b1884c3b186a0385c,1474,210,1684
23dd99bfe2bc5b22202ef0d5f972127485d88d69ec70867d02b9c2866b3b5f11,1918,206,2124
c0a6e6f7af56375178ec1a98684944717bcdc099c4005dbba7fcd39627f9354e,917,205,1122
3d2563140964e9f5067a87b227fa8b218624efaa6af9b8f2a40df3e6932a3058,1001,212,1213
f51dc38a2c9f30ca87f7a98be655cffbabd536e8b057bdac5d62ddda6c73ff02,960,362,1322
bf05bc7ea1393203e497792fc419e460e07ceae4acec6e4b49694fc8c0abdfad,1254,295,1549
a8efe29168111b05a06584bedf36da24209ea3445d39f7374bee30edae15b96b,1080,221,1301
7fc4ffab259077473c4ccbabf6fd6091827326ec115b8f6f1f12fe1ebe5bb42e,1019,202,1221
6d6966dfbffd27a641aa3786e4aca9ee977087bbea36ee3695a7dc06c3ec8e4d,1530,252,1782
1ba0028bf9c406542decc1c3f9ca2058452d51b15ade16e55e241069f99177be,2140,316,2456
bae321ced6379bd6d1881c38ed4159fbc657d78f92e4f1caf30fdc361179d088,1041,213,1254
22f088945cff979491301633e74b7b2e8aa749aebb032bfbadaddf76232ba2f8,1088,208,1296
455ec885755dcb6e35cb56b6fbad2df6faaa138cc8898607d3438499a2bb5ca0,1124,205,1329
480dae774b90a6dc1986a38d616f7c570779d8cb78b8e529b380f92de342a439,1042,210,1252
39e639aef329ea741009953d9e54a932b60b31784d06ac74adbd685ac4c1ffb6,899,211,1110
4577853c36bc60c66eb0246a4754ac7270349f716b19ac9b52bb4be87d288738,1605,220,1825
b9b7367794190eac7760f67eed817957bf892b5e450e138608972060486ca181,949,213,1162
cd6fbf63da12c25a8c08997a4868ead55d71077449bffaa3684289678758335c,1011,210,1221
542d7c5a4fb010f33e2b8f94484fcefab37feaf58a23145f8e07cbda2c0f6660,1130,211,1341
5e062d37dbf65287135dc0e0d040cfa93afc19b42092ec09acbd92746ee36b47,1124,205,1329
eb69a23bc38f3cf9f29ec3ed5e5c0af64fc3f9e42516f832507b1a02f656c9ab,1335,633,1968
90456b36bf7eec4db5bcfce2ac2952c1d7557378e840f0c8de33c35143824ccf,1330,216,1546
9164213befd711851386cd7cbab1f51d9e07aecbefa48fe5eef96e67eba20dac,1018,210,1228
f5e43023ad728f4a09c9bd83b64f86cc2a9432f9b2db5f975f1e0d8e8a79c224,2122,648,2770
c6703d13023795369fb5f18c4297eacdc77bf9c220c49bb20059a1537c64a467,1115,250,1365
0aed1c8d79539a550d7b500ed0f985732e7dc288e481a5f273f99283ab8aba31,971,377,1348
4e6bfff827534d69daefce65edd1b12f03d768de2ba3248e0aeba6278d44aef3,1753,556,2309
2c560f96494a79d33dc152bd75ab4451dbd6f050ddf5451c7e6223ae90747424,2293,1378,3671
eec85020f048eef443a646fa6b972d520d763984ae17fa2b35d3f38213e7b43e,1124,205,1329
16b4ad5f6e8a09cadf3a9bb10cd3d25d18ea7cd5fbac333637d53af11ef77893,1159,314,1473
833cdead3980ab143bf62653f644220d93c270008e5dc7d3304136a77d94c2ea,2074,889,2963
5d7b7b9cd002c74b568fbd381c66cc5e10914de6f178d17329ae1aa5395beb0f,1512,444,1956
77633f26ead39256b57eb52fcfc7d68e37c4325814f7ed6f66ef086dde9ae863,901,203,1104
ec3dd15271cf365184c7cf2cfe2fd5a6d2d619b9aa231b4f3ec4a59b6bdf7ad4,1789,318,2107
b4bb6f8cb0da43d2fba4122ced0a43490c916227ab073df47de7f546a0256a53,1384,292,1676
2eec9c8b6e500c50d54fade5cde9877bbb37cd8f7a98da2b1fc165f1cf546fcb,966,206,1172
3a4e6f0fe23a40a3b97941bf1f30a5d0862c8440f81da6ca7714db2c47b54591,1008,201,1209
1b9a13b2908b8fb6cd0099b7322bc1e059941148e4d57325ac6fc597a4df1a84,1315,390,1705
ee607a34bc9ceca7ba20d16042f482c72ad54a4628ac6497dd61b74db8f716f9,1206,213,1419
ff588d0b1341370fa16ad6eeaaf9706f33ccba81e183e67ddfc5c2e3dfc9e114,2166,665,2831
0ac09ae6d335e02f06d57ffe594ca76076dc11e420a04adf4085ffd05f0d457d,988,204,1192
2174e14b7804c36da4bb852432d436568cab7ad434e3a138e25109d37c844ca5,2406,1142,3548
4bbfa4d08e1530cd51a92df74dca7611ff7e5a2745a82579c211f3a1fd1f5bce,1696,314,2010
4a92547036b49be54851fbfe68b939cf9963c8fbce7deffad55ab98ff0608716,984,203,1187
905fdcb6951ecefc230c193f41df9ca5a5aab3970a3c6f38fae114ef00479cca,1232,286,1518
ace705dfc22adeb40894183cd4b6c118a07475539669ad8e36fa4414b07ed44c,1158,313,1471
3dd0a9e25ddde6ef4148cbae151376ad01febeb3b449f906b0af5184d64d45bf,1040,219,1259
b37f64b4db62769f21bb641784ce7ba745a0e262a8d47df2d28179290b62f929,921,206,1127
4171e4ca4f9ebc562f8ceff573276b7417641aa05e10ab8ed37f7c2114cbbf7e,1022,214,1236
35ba47524146025cdb6b5fe18a414c745693815cc2a0dcd099de0e5c59598a29,1213,218,1431
e0ea4f835d4d109eaa5ece922c58a795cdf6e3545488c798c934592ccadc912b,1247,552,1799
f74bcd4c59f44f46a11cbbbc15df14eb3a81127214efcd6349b95ad49ee3ee00,1531,213,1744
12488764933bf7ed2e85eb07c0a68052716226e2d94ad7bcc51692c8f2b42947,1095,204,1299
cf538e8348dfa84f246f05c2b6c8a3e00c285d8e5e37c098933812cf020b8b6d,942,211,1153
627bec5274ab97986a143e480ca8f8bb819da092f02f0837a7e07cb52ffbda2f,1253,233,1486
e9d96323bcb0b1827c7ccca817093f1fe5caf59bf148117d8fe8263165d525ba,1380,533,1913
9e06f765a16b29574118bc4bdabb8c887838a4fca2229ec1cbe6ff3aa986e222,974,213,1187
09c11c9a205aece3c7a79c6baa4ad92c7f677adcd97e3ce54657f8d89e4ddb8f,1288,217,1505
73563399873766f3a759e5b86fc14be79571908eb604650c8a4e39bf8bae75f5,1096,212,1308
6d764583e29233f3b45b9ccfe450113d29def045ca1a016c56d1f92c9511497e,1283,396,1679
e2b2fe0d6a9f5dc3861963204f0d93a67caae808a33f2ffcf612a781fb1c2925,968,212,1180
ff4296f4c74ea8225122cda01c491a981af2127a8278046ae1dada99172863c8,1318,211,1529
452b045fbaa847defb26e8cf08145ef28240fb48c9af3524e6c5808fe291dd38,1667,775,2442
4ed7949593efc680add26b2240be69f0da2d730f0c4bd033d725b23257c1630f,1146,361,1507
293b057e6476bf57b1a3e32dc08e0c0f32ba4ea79dd3152a1862fd62185fcaa7,1311,213,1524
26330d0fe15e09147716b30b1ce5ba39c10dac707c9ebf8e3b52748333e7e81a,1007,325,1332
7ac8d416c157d37b9d2bbfd294558b6b6b8072e81943f6843406e92b6db679a0,1093,1109,2202
65c775802550e5b674e5fbfd99fbda4e0e443e89511679c9ae7218db6471e6ef,1106,207,1313
4ef2119f40c237986535473cbe58715ef05afad59cd527424cadee79975e1281,946,208,1154
2c734c40ee5efa3c52c3576770b6f34b553d712d3fd0aa39d3e797960bca337b,1204,911,2115
3a8e405cf09a721b2710735c0de441d7b219218d43bdb43136af8d0bf41719c7,946,206,1152
9591a8fc95ee6609f8aaed4d5c86811e5e414a0eb43fee6d4772b8c1a9452e46,1198,203,1401
39e8ae39d85a5f9cc468aed52b4918b8b24b1d9b07c0a83bc4e5fab8add592ef,1225,205,1430
37506f1e755cf2b37f50682951b27c52f9fac37691f88534119a8f5000d37c01,1462,532,1994
b9c4ddebb3cfb7079de279bb0286a60ad1d8933783213ed0621a450dab914d1a,1079,213,1292
08a1293820d44d18e378cb5bef8a95caee8de517a2607ad9b92fefc144ac07b9,1367,211,1578
ae1befd5d5dd2f93bb425c688df6b202a315de9cfa495686743e3fee784cb646,1124,205,1329
0cea99f45a21be0db5583f8319d8fbcda99d00c4dbff389f7f5cc219d949a87b,1855,320,2175
ef4218964e4126997f3d95f3ba839c803443251e9fd2c663b9ba05c473cbd7bf,1208,212,1420
a966d332b1854d4c1cd4c850eb4f687fa2811c5bfdb42fbb212dc4e90ee7996c,1420,213,1633
3f21509ddfbf709350bcfdfc3929cccb9c126bab015ef7c3cc094367b71db3ba,1292,210,1502
acb52b039b40544bc2aab97ceecdd095deea3a9332542d23fb10979671e8c21a,946,214,1160
e2db7dfc8e01718111f4b2cc9ba8c28607bb03115ab61eb2d6afbca65b82fdb0,1572,349,1921
6a17c366e157b1cafcee77bedec71343615ca820821e64d4cf95fa2fc9e7825a,1053,457,1510
1d742f8a27c7df995950c38df08b838321db2d45754f00f78eaeeb91c94198ce,1719,308,2027
47baae87faaea55347a2d34df7cd229358ccc74f8d24a272423eb9dc1b791d63,1312,281,1593
71bf35bb9dc03ede61537b3e40267140c7945d0ea13bdb38256678b5bc7194f4,926,207,1133
273f5023cfbba07d05d53704251eca6064e6735540163b88f548f6bec2f342dc,955,205,1160
90faef86bfe0d815756ef591f6cb38f5c349c3af2e8cd1ebe9bdec1856d6442d,1124,206,1330
151d6048a079be755463c289e80b89f6bac277c29f91048550ab5dc8fb7a862c,1569,460,2029
8ade892fe7fb3f83553840771563be9c37fc6aa2c5db928e9c50b30a7785f306,1020,211,1231
cf81f0af77666da15ae38c53e45b6e4f354d2a4963884da0a40c3ebe5eda26a0,921,214,1135
712b682f25b1fc977bc4b723bb285181543b00cfe03e39e09d96d93415ff924a,916,209,1125
1a1d1084cd964294027006a6eeef5906faaff2115312b1f4f58d9172c3299e85,1609,211,1820
d1f7e4d0707d7646d95237d1190bf40a1800eae1f206b4d0a20361cc0e7c6aa9,963,211,1174
e613c81488944d1867c5dd13d06c6337e19d86493b62f26931a84180dade0f6d,1056,293,1349
5b03d5b8382139dbdd32b5839f5676b0284ded7723571bb9de8a7cc5d6e842ca,1823,330,2153
30d739b8c028c1c0d936542ba27d80291ac905fb4dc354cd5b29f6228d69cbb6,1024,202,1226
c05f0e163ddb66afed13e6023d73cb82037c76b1adf3b0b56791b1e40fe4dc75,1104,203,1307
b35af18816de2fa8a4a5a8c4e47f6d429ebdb67197595c724447fa6d57fd4fa9,983,292,1275
8b8b5cf4a8f122ed1e1ec7f0d1ecafd2565dbf59cb1951b781d3044f8fce3cf2,1135,206,1341
3a1b976fe3f1d1963d90c4e5f49d86e377246259d985f06b22bce1e4f2ffcf18,1008,210,1218
8f964fc9e536666f36d263685e48615fc01d3be5f08805889ebfce1b648b060a,998,140,1138
78a9e40a89db6e75ac990f7f0978791175f80b19a580a916024fbc03396243ab,1080,202,1282
02365e7c37b3d9085c39dd6736602a5d85d3ecac5b1e250bef9559b9beb0f955,1443,213,1656
1433c2f367c46f1fa7b4cfc84c9c8d3b107d7c928fa9dc66c537f4ccfa58ddb4,1309,214,1523
aeb5c440a5a8af92459ae5486334ad47ad1e82b27b19fdcc4d6ecc8a66927c2e,1695,698,2393
ed06a691b9be97aef5dcabd63eb660edc52c9c9717fcc21a999b990e67696bbc,929,296,1225
8592a853d8ae3ef59b4e2d169d68d43d171234a6ef201e1f134dfd71863eb243,1032,207,1239
0335c1f98085a5db293217e426d0a11c83710ec7e4895ce575658e89f19d425e,1031,212,1243
d026e6e44a40d414e278612bb1a230b8f56f3904ff98bd7814688e7eb663c036,1065,521,1586
ac6d74b35f45f5a5ddd20fe26777f09d0e057d01cabc5b1b1e87f0b403c24425,998,211,1209
4d9f1e12e1e86a6c46d21c7c46dbf9555020bb94e913fe0699e0a01d9542f221,995,204,1199
3b5893108a6785f0699eb9c9fc7c4ad8ee244ee7ef8d4dc763417db7a6fb2279,1867,562,2429
d6dbb591f32fe02a4a3da0b187cfd1e02ae57231e043f5f48c0a4365dd988b1f,973,212,1185
425baaa15a12c3bf93c617d918ced3f8eacbe9e173c4465e19f7d610f408c7ac,978,212,1190
fdc2567dacee442be92b67eb4246e29a7c5fd737e1887a1805b5e96155da9f53,1322,621,1943
732f46d8970c113390230abc1540b8bc0c267aca6fa8cc5b56cc1f59d2edd95a,1085,455,1540
a65a29456cac9ddf324b3a330dce568f4f1fa94bbc83c3e9ecdf1a22bce31504,1633,608,2241
a03a310999121838f2c50a4b6c8991da27f441ea137a9f961a55c9393288d614,1074,252,1326
246805bf4985e83090552a9ff3898f88257cf7d11bfdbe7c762ead0309e74386,1232,208,1440
1b9887ce2d58c4243ec73f96074212abc47aa106e583b4c0b2335e354bb498a5,1496,300,1796
0622a87f0fa5eab8ec0f8e70fb1ec8f382d0dc4ad7b9582cea75bd0c00b2dfda,2227,820,3047
54e63ff10fb0986273f5cfaf627f4261aa7bb26d9947ffec01aa0be9c74c89d0,1157,250,1407
0c8e01189badd98acee20a0fc519f5abe6331a779b9eba87e510076e2de86bda,1254,286,1540
5dae940d0ece8490c9264ddbbed0a9d484072359607a2053b3e3542b95153017,1031,214,1245
9f00068c05a1f60ad7622d34391afe9831aeb0e73badb2969a7bb736704eea32,2019,311,2330
95c4e9c3a680977672949ec277975877993d4c6c00a63ece9c6a07fb16dc4bb6,925,206,1131
7a381905d1da3a8d99505f2ed9e0f98f5d5f94d5191dc48b47f4c4037aa6af4d,1350,1077,2427
d7479cfb7f649c37499e7735bd1245b109017c1d14705f5170d3291926f1662d,934,201,1135
97ab2db1a41f7eb7d9100968e9d1a443875749367ec0b2369fa3c7e91b4a4612,1272,207,1479
6ab31c21ff5e7fb326b75701b70ff5a37a51c1254084788f84e35001aa1436d0,974,373,1347
6dccb34e812490f0ccf46867efd40056775f9e0cf2299f3b590746a0fa058f1b,1124,210,1334
78d06adb589980cedc92f0731a6d91ad8e55b3f04eff2a87f2691bc5df1d7ec6,1054,208,1262
9312b35e7a7ef6742c4730b5e0d743404015fbb606ff887b5312e52bb148075a,906,213,1119
48d60ff5ca45d72a9ee90f824c6706a802a04ef6c98ea9555de961478d82bc09,1177,314,1491
d932c52f72ad8186b121f8736a93454cab2812c3ce5656c63cf9a7a5bc511234,1075,204,1279
c7865699547dc457d09d17ef7d6690527fa70c7f42174fb3adc6e3bddaec32b4,1624,316,1940
be44cb2f8c9cc4aea06b4375052cc0278c87f377bc73c1872907284aad052739,1062,446,1508
24728d2671aa2c26e51ea0046cba9a10bf1bbe762fabd8d42549e55c09dbad44,1813,315,2128
1db473c3033c5cec52d71ef153f6f11d01b283485930dd02be94812d9412bf3f,1329,250,1579
ab129c0bb2f7f7a249e8885a8e16ad6f2e2717fd515edb9be1ffd8a717defef3,988,217,1205
db4fa61b5789136aab6829485c6ac798dccab2263b9bc30d20fa89f991f6f76a,1121,246,1367
5706257fc2fd363022d7e6bcc82fa6aafdf9e1199b692046f294faf3788ce47b,1258,202,1460
654a028937d1995052e2f1c0eb0ec441f855ecea7db6ba59f7544b78bcd5ffb3,1221,213,1434
15e26e36dbd234ce2b09cf592d4f36002e42ace4d05cdf8ff0945df7f2becb23,1124,205,1329
c0399a97bee102e908f60049bba0761943e0e74cddc7231327907a07dcdbcb91,1088,282,1370
d635c9b2da77f97a18ba71c4bd89044a9b1eef570c399e99b4c1f65a321cc797,1178,295,1473
7cd487bc392bad4fa4b2d4ee3fb15eb9dee34e88cae97ed45de339089eaf544b,1295,283,1578
b87e2ff3b108d797ea0dc9c5f9fc0c309ef1c42037ab3d7037c090f589c7e4ce,921,290,1211
47f2f33ffc74f11554702898d38a49093b7ff1b4fc6c238f4ab5c928baf1a137,967,215,1182
e35032c30cc411ebf422940599eced1b034f21ac243268e5c4ecdadca74e9f0b,3141,1483,4624
41f1bdf07127e7ec6650ed39aaa4cbb21b9d43f9763c092217e94fe4f4ab5ad3,928,204,1132
968463fb04c5f0f40c8d63938f35bf194f8a58d5c89fbd6115c1fd6e666820f5,1106,214,1320
e812ae4a94634e47da0d067ea44d63c0b1cc08e9803531e0fce78a58b18dfd81,1124,205,1329
fdd7d04eee3b4f7f14eaeff71a48e80f3ee3ef179f66e476fb5e5a9e3bda4767,1098,206,1304
e076b3bf8ed031f16d877d591c82a810cd733488dd13866f142e213c68fb40cc,994,205,1199
f915d3abc6fb89c8604b7594ce6ea909846c7d0dd5d65fc305796fd3e816378e,1160,283,1443
d24e6ec5e606c4fc56c53258faf39892df499d7cfa626e76082a5a6f03401ca6,982,213,1195
ea3b5a77f81e1ac2c9cca886ac080f817f7d84f9a0b8ddd410cc2fcae6bd19f2,908,206,1114
af00ccd0650ca617ec6bc561aae93d9b734159e75547638edcac048e16c3d57b,1891,549,2440
cc955bd849176ca52c256f881d62be561695eaea13f94f8ca1848f26b121db5e,958,375,1333
ddf52d1b6a91262511cd6c2f1756817787722340d358853ea51e0f599d560569,1170,209,1379
d6907e75084349abd7658179428af4dba363b74dd3c5949750f608e48340b7bb,977,139,1116
be1b137ca688df54a702801aa9afa0d2dbd49adeb19c7af97d57cafcec6c5257,1503,205,1708
682c9503449d9bc29f0c9660026b62685b6aa9fdc7ffceb220b161dd48ea7919,1221,227,1448
1375801f57b12527aa55eebdbef5c398ba3c80776933cf803a7e0aaf3a6cbdd2,2381,457,2838
776ab7f2bf26cb930c194baa9259474738284c510d3090af6001193f1d6e9360,1084,211,1295
a2fcc003a65b5835e56d070d2f06e207e4a892269e797626e631509e1b62c552,939,213,1152
22b727bb1264ab07cc0e513b3e45b8d5491e96d2a1790a5c2c62dede582e3547,1050,131,1181
52d3afc8c2cff150ad75f5e576455065be105945b19a6f4d710b30703e08a1ac,1281,210,1491
39cd6c192b797377ff20d0449f0d94987a08b590e1ec3fd6ac8efe6065d82e81,1025,205,1230
c02406da698c864474a408d641b9a6cef4ce1ee42949c40e53b17f9eca25d1de,1028,311,1339
578b327a0cdd98319563375d57cb3106fc44b17709fa720118cf81f32e2ab7da,1382,202,1584
83d35a93cfb56427d9788b47f2e1d805990cf1dab1de4721b7105e093e0ca420,946,209,1155
9d0f4b0b0e9707a96f9c6b195ef9d9da4a20538392d942eae10e223c185fbac0,1225,205,1430
cf4ab6189e959fe24b0b8c299af4c447393fc63f6ab2cad512faf986f0780d97,993,208,1201
cc5f65d6396abd62b73e96c748ab3f9c3a896f794d69abe79e36899bf3dc6cb2,1204,423,1627
24e21fb72243c0bbb64f55c18e8873bb832030b688bed949d029fc0cbc63e05e,1148,613,1761
8d559b721b0c041cee1f0f4dc0286b99e517943537a99cf9576d51bbe9552b15,952,206,1158
236bec7b80cf9fec3c1de418e043d1f089617f8adf07202b9921e4a09eda0b5c,944,203,1147
e875dfd0352cfc61b238a316c3b2ec8cee08d7cc219dd0e2ff6ab49fd6e9e401,2185,945,3130
e8aae6ed152f3c92259487172077de8231f14e90833f99e9cbf0d41cfba7eb2c,1080,210,1290
576f928ede69d86f8b795e03bb76291c88cdfd56865de31fbe24d9b9e5a843be,1802,549,2351
9e530b388f9fd71e0824f013fcb6c2af1e0b149c99f94d4c9ffadb6806309f5f,1265,295,1560
66fae56b62204f969488e548d4bdffb8a2fc03daf2b4a2baa3f828ebda03f52e,1727,426,2153
93de6ffec8c8a58e352f664cf0f8215c55d0ac26bad20b25746be974bf06e596,957,299,1256
4124f37f05a250d4f33776c73d0c6598e8b16763c06f0752b6f486320b772912,1237,365,1602
b158f3cd02895e33e33b8bf0eb958379db18bb3390615d6b8ba36b30f45447a7,1124,205,1329
483ac52c8fa49df142e852d40ca0debcf96953e5041fa9f06df5a90578eec1ab,977,204,1181
94cafa570bf2d2d9e78f9b0ea5c544fe66af049d29411bbf1fcebdd06874d02a,944,208,1152
48242d27bb415a0e034510a33ecdbdd058b966a1603c8439d28429589ae5d53b,1044,211,1255
2b5cc67ee0f17660297499c8a4725d10e7edf453fee835b65293545160f44494,1637,681,2318
1499130c2fd23b264f9828f3627b7fdfbb2349cbfc461346831b17157aa950e8,1046,360,1406
f49a2332443fa3d1885b56e71b4dcae63b0a495cec7fbcfefd01ad1c20f1e38c,1526,213,1739
564c191c29717ae099a8b4530a5da1983f087bdf517071593ac74a949f5cc773,1539,609,2148
6f512ce99f57b657f9b313df42d1b54459847adb123dad1d1de8bb1c5223c4d0,1187,290,1477
2c75cc632bed3c3ae489d33d650d74c3025c8ac45e623d7a6aa490284e9ddef2,1383,209,1592
21318d45eb607db0367d8cf250825b3ee4f81437de037d5a14bb19fe0a9c914b,1115,287,1402
4d88f3435e601dbb1aa2385101e802350172c4e232f6697bd8d7a90c96465845,1054,247,1301
4bd3689dcec5ab8d12387eb21ea3da2f8d08e0d14bb098022455deb18bada8f3,1124,205,1329
370ad4d17d8d3099591dfd39758e743c05f44e9fed2fa6fdbcbc4f97ad83fa49,1074,291,1365
b30442241880ddc3bc48e0b7fbe95b283f6b2152776848328a5b59f9c4d1cd57,2220,925,3145
5b5fb0a4c3abc16a90ba0065415fee7ffdc9c978768ab2d3cbaefa112d36d7c2,1168,209,1377
9c0438c3d3ae1c06f71e4cf2e844667a0a9c01db9849bb526245151174efffeb,1146,318,1464
e6eda8950506e203520872a60f602982f590e6613c601862f2d4c7ad1ea36855,1537,293,1830
ba56c6e9b7d7038de721fb31e07dfe5843a0df0db5ebd4f82c2612a7fdfab8ca,1272,303,1575
bafaf32107fbdc7e73c19eebc92df8544f3623496f7163c891c982d4cafcb3fa,1093,705,1798
c647608c4cddca51eb5a5ff53dc328c6594a75a37a4ef3ca87a0fdf0c5539911,1367,696,2063
3096baadaacc01973756f36b1308530592b7135d5192622c22b499bd822dc0b6,1004,440,1444
52a6e216e2dc59e2c13df35dea966c8c94c04cd9c5a2dbcc3aceafcb1e34350e,2362,1375,3737
3ab235a3fbd2c17df8c7900a68362cd7b2e3366fec37cc9d7266cc0f96f215ab,2163,1515,3678
dbcbad81a1eb4faf6ce8a7445d8dbb49f1bd6468b5384d3e8d142deddf5f4b8c,1732,766,2498
