id,prompt_tokens,completion_tokens,total_tokens
a591c21eab670af9fdc8e4ff6c7454b31ae96b6949452ea6eb3190a41fe53796,1211,207,1418
e31f790ee518b81a03ec9e357bcd6ca81180d92d718700e8ad3da5a5c2a28aef,1029,205,1234
0ee39d7239347d3eb706b01959cc5011387ba06b8110623e18ce67ac3ff03544,1061,205,1266
bb2c58a1fdad3943b5ecdc33c777ed23ae80738130c762555877fff4ed4a9b60,958,205,1163
1d18b793b20539e043814817cb5136a1e93239ec174c164c6e87ab22559346bf,1208,212,1420
35c1d6ff12f0e6a2922c4168bc500201d320de5c83cf8a09dc2be60ed925c66b,907,217,1124
69bb70f7ed32da10ca3e2b2e8d55e1c8eab40b0ee61acda23bd66b41a5642d82,959,214,1173
946473719abdff1cccbf67b2565fec26a830808edc96820ba0e33392b24a64f5,965,214,1179
c08de60ddab0b611a535c0ea3faf83c32a88d1f652a07357f3696be814c5cab4,1121,286,1407
7a65e720bef50837a722d6907637706f8e19003de888e6a056676f20f0c2302d,1105,205,1310
0dec9ff96067eefc249e38ce1285e2c8450e6ddebdf672b0dbe954d750231578,1538,206,1744
ad142c9381706af1da070ce1b6b7b74413c80697d1d26439470d7e4afca8f2c8,1236,211,1447
2edc8f56e434ee3b7e3157c0ab26e407a5f37151f7962da0c5a110f2e19b77df,1181,218,1399
3a9e5619f9f0c1c51755064f31cd9f5a96282e8f9360b75a3ddad648181dcd96,1100,214,1314
8b10b464869122a6ef2e5634b6dee385b58287f0c48388da1d1c5615045dde26,1017,215,1232
0952bd55c12a4403af1d3baa057b6222838bb905b3f7a1f67dacae16169ac730,1944,437,2381
d0b115af9720bab13a41a971bfed27175d592a69c626811a22e2dc2e8778d933,1069,451,1520
244fcecde2d1bde0bef2d68a2ddbfdc15fa5afe04322429f1870c51c543a470b,998,284,1282
16d5c178f56e744ab6cfd15e2bb5e36dee4a64cc0d98a22564a1e95f3569eb85,913,284,1197
2a5e62f0c84dd0e23da0002f2bad989fe55a09719a7a0be828a0beb6ec5b3e30,1430,299,1729
48833ff11685eb4d6665b54e1b0ecf6ea011c9eab1bfc48921dbadc6dde3213b,930,203,1133
23b46136c7de360a8871b677e54bbb3f6cce05d8ea7c6ddbd47455625d93c4d0,996,208,1204
195308a08c02b9b9268ef441f6a7df32ac123d9a53f46732950f7d735a739bb0,1255,208,1463
90d5f764c59f4523cc6c9c806f5c0d687bdbf2eb573b2893c98d399036f4e558,1303,498,1801
eba9368d8c9e73ffbe5882ac1310fcbf5155196b29a230c8b19a89168991f5a7,1216,532,1748
7066f9b6b1f33b5acd0b1c3c5835ee3dff1bf67a99929f979d4f0204e989ee9d,1013,224,1237
d1a3f70af8ecf04011a5138fd6122a607e15e5a869e7d9436af0cbda442884bb,1300,214,1514
a68b36d66bfea1e09a62453896f76251560095a98a2c30244c08d0fc3835f7b9,1194,224,1418
b08dbf5e083754db6855ff4c32a413a5338bc44de9104769afa9d56d1bf6877b,928,205,1133
c8150c649f1817cc1aeda4408cde827711bba19dec8e1fbae89e577058a72518,1087,451,1538
45b338fa30593473ae8c4bfe1ef7878edb2d2f2672b9b74ba14830f34b4ca120,1054,203,1257
fea8a649d1f4e16662966af2d1105d8595604601f91db1b24f69025367844193,2063,651,2714
4e2feb7c737fde66b5452e9f61a40f8e6177580ab348c2865e6338ce44d7b662,1006,212,1218
3a75a581635f009073a0a854f4dad77abd9039f7f0b30e2feac3df40b3377dfe,895,208,1103
8ceda52877663b694840a6f90e6c7fab82a001d72c8145556f6d3c3deecf9820,981,204,1185
e51130d77386abd12437fd0b92666dec8d39b5b8445f771e208dfacb6b020d5a,975,206,1181
02570ac5eafc659015196d2486d518c01925d184c15f0586de2c510231c50505,1225,210,1435
40513056ee25f0ff536980472d5bb52af2496174a3216ded644abda0614fedc7,2045,320,2365
b382a232c8b25c56ffa0b111bcf2a41cd5051b885b37f2d7d5d199383f0ff022,1577,281,1858
2a6bd5240942df0933b2882d4552f73a53b92350d77b63b3e1dc2e25ce1f2d5c,1127,369,1496
da623a1ea4890632317ca436f32335aa074365f09bc3966d57519d921c6327c4,1213,204,1417
8a38adfb05de6f7e661497a0c000784c8deee843f35a95679afad1be04f3c4a9,963,215,1178
c74efe239692cf8db2ad3e3ab3ae7d7a776784788a154a2216cb4603008880c5,1342,260,1602
244cae5f064b9c7dd84ad5d5c7e01cc000ca3563545a7137eb073a461664fedd,934,289,1223
89c42cbf2ca75db1f974935864d7c8cc78e878ad790bf21b8589b0059a97333f,1847,671,2518
1fa08e964ca8fe6c6131bada406a6131e6bbd704162a0b27b0f5c0fe91079be1,1114,286,1400
b680f7ff095afa3fe5ae2aa03f84c245f7181950905cc1e33b8c77bc4d501067,883,210,1093
8e5b89f80295d071c4b06569715e908715251f02b1b47a0ea641d171cd59e9d2,2256,1044,3300
df613525a8c2eb60a3188e4f7112fcce757c4ca89c641071e30f57f9bebf8971,924,205,1129
9f56cae60d46db8a8865dc9aa25f3993b17427fb6ee70b4d107ebfa31f079061,1382,613,1995
0b42379d2969c02e22aaed7de6c32e01e83b56d441f5963cbca918902dc3e967,1149,293,1442
d73f348bb03544fde19c4152466d10297a024e5f1b9ee0bc1a629135c4ba5876,935,248,1183
9f6bd8deb246854875b965953944800a7b62c43ab051561b548be747e0f5887e,1276,214,1490
b1d3be8ffd75549b771610493bc6e7bd8d9e97c982126df84e559092228cf2c1,2135,730,2865
5015d09c392d1732ef47a6e1ffca537c60b3f95bac82bd57524ba33f271766fc,1150,216,1366
c605fca94b68a6d53d82ebbf62e458ec65e1138ad1d7dcc837f748d0051a33ff,1030,220,1250
214580f9e63f43e126d4b2117bdb309a9fc4b1335d52beac3a81509a94f0eb89,899,199,1098
03b6cdb601a3a289c82223ad8371b9faeca5314eea91352f023f7bce39c950eb,1338,296,1634
b2fbb06db9220ff128f214d93b928c91188522fd2dc7b515552fc88d64be5c3f,1125,370,1495
069f3024d13b44946d4bc244b9f3f0c2f893f14015582be3c73dd44cccf4c13f,1115,287,1402
1c5cfac0a66629fb5eb140001fe53b69d9fe0535b9498e33460aaeb747348005,2434,540,2974
590dd62c06c0562b18a3b1625732392e3070dbd923d968548f8deb4d56f9ed02,1255,204,1459
84da8491fdfaddc3944996aa6df146b9414fe462bab92871778934617408976d,1391,305,1696
aec0d0b0114fad63625ad7185e633119e63d0ea739ba4bd0d706e8036bc5ae80,939,204,1143
7b7fb1df3f850fa27c6d60c661190765257d2496dad904922fbef1be77394566,1220,295,1515
012e93d2e5786224161390539217d4b840de06f5b03f9bf57910ba433aabfc1d,1209,206,1415
9a99b2662974b25636aa93307140b7442fd8fcf9d6ae4b9c838bfa04e420e9a4,865,203,1068
5a0d71850607838ccb462d65d8eaefc31657883a35de43ee808d5f2fed29cd56,1516,694,2210
b7b5d10e864bf6f01ba4276cd40679e3a58325fdf67bc16600bfd9623c606bfa,1086,373,1459
525d9ffbd38a5121bb6137b56c0df718b716e2637555d341d095805864f64a57,1605,598,2203
224ff7abd76a2c11c1512bcca7dcee47981684a5a0a9b73dc3541df70241d92e,1085,207,1292
3732b81a715319c0e57da9f9e592f002abe56d8478fcbffbb85c52a6fcbd6754,1018,134,1152
875942bd63ef294cf4344ebd9224e8d6f5fb7e23fa1ea4688d6c5a790070993f,1144,201,1345
cc75c8a5ef875d49750033249dcccf12b65b520c194e3bf6cb1da3caafd903c3,2065,1096,3161
7d1d81a87b951b2aac124f41318f7f430b96f81d29488a8f801bb3e629a5d71d,986,671,1657
e0e995ae80c2f5f4dec6cc033e7520c9073d335adb43a060d0cdefdcc0b573fa,1233,371,1604
67abbc2206fa04a833d081e2f0b9a738a7b6a63c68af72b0eb2c97c1da12ba8a,1177,548,1725
a7819b9f7b6c7b1fb5018a24010570e7dbd505092d9d1803a3b0e5c6bd926a95,1104,213,1317
730cf30244ae4b4f7989799d60fcc1b5f98797e30adfce740f909ab2558a9a6b,1342,374,1716
d488bbe13d865a25ac8d0fcdeb5883772116353a0512e23d356a65b60653f156,1252,207,1459
b38e2946f68b698082cb548f817bb886a197d0c6d61bcc4fa3290d0eccbc7717,1420,370,1790
2032dc3ab14eba899fdd6d73a1207d885c75e19b9cace6d53593e6a30b4a3a1d,970,204,1174
93a4ac1b503fb8acbf8e01aa768e63ed328485d226036339994cd2beafa322b7,1067,370,1437
f35334bb70d486aada5920c0f594a92a0f88f8c0161ea7b8695333817e116c7c,1324,211,1535
5f83a100cef5fe3c71176b1ec8a55ae7a77b86a69104a766d3b1424906c0507f,1205,425,1630
4dae6603aac6c66aa66ed5c447a21c46159e1c07e9824f9f0440e7c544169713,1046,371,1417
e18932626069183ed07f996920fea293e0d0884cbb5bd5bc0cf97555b333f70b,1075,284,1359
eb725381e672fff924555c1a0fe5326c331c235b9aae390519ee0bbb302096eb,1123,287,1410
ca7c81612382fa50c6020f44d6a0ab6fe0a58f170180996aee51d8979350e671,998,286,1284
fb9cfd2e09665d504fe5fcd16efa40c33a02bf661231b44853087f57995bbb93,1016,215,1231
05b5e25d0073948c80f9447b45c58ac58fa3e08b77ada3472514f2d2df535c52,947,208,1155
21a4c879266738df5c1eb7d61248ec9cfd0d1272c9c5802bb59c143bc0266b29,1628,442,2070
fafb45acd89824bf3aea123424645f391f0d1f276f9ebd4beadae8a7d25dd057,970,209,1179
26bf7596621d1fda05590818ad0e8b933e83f2d809cc8b2846e38df9ecbf9454,928,211,1139
087a78b4a176741b87e9bf72280e7e74e6e76074c05f6c298d837856ec6ddefa,1011,212,1223
d860de17992988aa3480d1f461a9e3bd30c835882a8bfb86e4277840f7b1a706,1326,210,1536
d4fb240fbadeee58bfa797358799fed19959ae35f829be7c342ad203f7f43122,1225,453,1678
5f4f22dd299890922faa82dad5e1574bd2fe010129cf480c8ec18aa8989f0d42,1236,684,1920
db8c2a8a3bee1ee5726e484199b6c4503db51c85bfe35bb00806deb6f1c47227,1366,210,1576
939e60b75dd91fc2948525e9f775beca051b57d696ff8188aef7755372157696,1234,215,1449
f1987c91728913d6e13d490e99038b301814f5050c6e6fe62c8845aa55c59f6a,1330,370,1700
49afc2954e33b1ee99e5e75b7c2628e57e5a401792f704b5815aaa7cc33025a7,908,208,1116
ca9a277b8c9d4e6c46eadf21655d528797cfe01648e3e7cc557128f01591c9a4,1016,219,1235
95efac5b63b4172340dc8bd57947bd5e62edcdb2240e603b7f5f81f0cc65ac7b,1042,289,1331
3633e8719304b07f8b2d150232cbf7843755243bfa7b683dd335c3829d2ea94d,1330,202,1532
fb603932f2bf07887b8a9e7fee366021521fc41c24a98bbee5edbd3ab1d2e9a0,1219,443,1662
ef7205d687a86347d28f592c3b9f992f7cb8ffd944140768b37f49258e0042a9,1306,297,1603
86e02a142df016d0d81f219ff972f81687df1f0ff32906702f81e4c6f0c7a601,1107,474,1581
cfcf24c7b50ab2e668b7a90a046be15300e3da81ebc8756382d8662e08001c32,1082,214,1296
0b938761eaf188f337ffa943282a8017e03a7518caddf391a512e88c3ef218c0,2201,1305,3506
efaa2e9a475f9c7e6d8bd3cdd8ab99a6c256794d8494342ed4191407ebba5399,1357,388,1745
a3d9f95e3961bd7d0c6bbd58cf91a9939e90866ca939de454554abe40cb9e128,1300,213,1513
4f928beb25b1c2fbe70bf61b94dbce38070902ba4df4a346809e95cb81f9ccf5,1255,282,1537
6b59f582714cb61dea855fcc286fdfc295d7ecdc66d07ff3e850de6ef3e3f2fd,2015,993,3008
4a6ee4b4cf804633495194d9f65bc7d2463283f9073978657a18060671220c3c,921,280,1201
415a28232344481b7e03b44a2e1e4460f96563fe82b84f85a6eebd25c96f90c8,1349,354,1703
8edf15ee7c78160b5e4fe2e2fa272e591c231ea7dc66398546d287f311e98650,959,208,1167
bd2cfe0770c1c29b4cfc8ff72b5251a7c4306f80f177cf2993502486a7834bb4,2087,321,2408
148a28dc936a61fca93e3778538b2eee78806166f96bccbd29f64f074b9ac09e,1980,370,2350
c9a2498c680a369211a1991fc12a41f593226f9a3c6292a47f133711ab020af3,1596,207,1803
b1abfee36e81372491062690d10c092cb4342ad7205efa2453bb1e85e77aa13e,969,206,1175
f00e678174d46d26027b1997ac603c210250c8dd9ac9c8bac204f0f6cf823fec,1132,291,1423
70ee39097ca89dd5c80ded4fcb66aee77268a5578340af5f33cbb7b30d9b6499,1440,202,1642
4ba8451ce822ec92f5753ab832c2b48b0d20c48fa3495cef78440a19400b7bfb,1069,204,1273
db9c80cc050f905de814eb175fec8713c572352a74d3ffeb65b985875b50a6fe,1268,371,1639
8f6b56ec8d3e06d46603c52bcf853ed526924702ebc01f3b215f717c7e91b48b,2130,772,2902
69261d11651130264478772450219fe3f6454cebf684b8f57487dc38125914b1,2105,583,2688
4c7e28d7c5e958a199dac43978fff8b384382edb685669b586475516ea6d79a5,978,216,1194
b7e2a6e8a637a6facbb06fc7f523b25961e6176cb6cfe219396aae1178c1948f,2008,327,2335
ea0e4dba69acc89da897580f9ac893ef648ffa60fa17ed3d0494f08b54790905,1479,854,2333
95717509733457d01c57e8c98a2536c6fc4efd727d026405f3808b578ca898b2,1078,280,1358
16b532144ca067262eac5bce2bfc33c6bcda96616d4ad8b6fe9ed8e4d6b91d07,1092,370,1462
1e88eeb75edf5540f717b90b5917d2a6a0d7fc6f207c31afd73071ad82876a09,1058,212,1270
c3e20b72c901549c2969e7ca47e90606512e507e84bca40fa47b2c70c438b347,1220,465,1685
3ccc3f723f6efa8bfd3b72215b03c21f00fbeba39bf9b277d7846b9ffa71719b,1069,215,1284
72b96bc45a81cddc2cd60d0d86cd15932815d1ac03782b44620e1e288546ad1f,973,278,1251
f11c790f61e79bedd02d62436d61521f089e96d4853b25d5174c75b6e10db315,911,203,1114
c8bc85cd75f5eee7f8cf435fafd12a7510976382d7389ea953982f76f6980a77,1196,208,1404
ddbb532278ba9088d440a8bca7bd21bcc7c33c92ffd74183a81dffcac4950e40,1023,202,1225
06496f3aff340f8a924fa7b605e58090bf53efa0f8f55cb419306daf292fa779,956,208,1164
dee6ceb3d07c9b109c7170c3aca9e1fc6cceb73bd7e2de588b5104f51a2da833,1465,293,1758
c1b28bfb6c53371fd7bbe784ccfcba9ea71ac16b83ad9328d52b2dcee35cf113,1115,361,1476
ef859d376992a403922a9b22ea7c2abe2737a8ad07a7185d747338ff4df42ee0,1305,472,1777
006aca583d8024f3ec2bf46f268b9a5a133d5a7b5aab6ea7ceeb7ac08096ae8e,949,208,1157
e96d146fad3665ac25879732fae85ecf9e40be0d143aca311985178c3fca9db3,1122,211,1333
877ecc692cdb49563a32386e2e650c86f404e2fcca37260eae84e51b77d9b419,2371,562,2933
dc4e795606b108ad9122d68b6c7913801ba6a5c8c95883d8b21fe047b3745c8b,1682,318,2000
c00ed192ff8eb5d138edbd1026d769b4712353e72a4cc9fa1a15f7eee2be1332,911,214,1125
22b353b1efb0296922c1218bc3e3a69270ddcdf8d5561c8fc0c33b13792c88d9,1423,208,1631
475bba1f7d6ab88ee14e73f5b54e6392fa9a228aae2dd4e6f6316db250f53b3e,1277,419,1696
837ed18e5fcbeca1077b77ebfc76573759f99d7e1191c2f498bd732b4bc8b3a9,1197,257,1454
9926eaf31fb3bb84c6c9d490a370ca649aa421c2f405fe369f94ecc54fb48483,1384,373,1757
64fa6e99625af1bfe0fc0f9477a55816d9b7170f4efcc79db695170bd50f0e9e,1390,373,1763
d1e0f95ce824bca7299a3343896a81508af3f5f06afef3218bc342e68fd00eda,1269,301,1570
bd8ef9d1e15e288dd4df180d61fcbbbab19de3fa9b9f6b2046c7217eb07cdfa3,1115,511,1626
2c82b228a8eedc76a0152f402e70c7749400bb77ff2f4547823bf5ba73a67cd2,1419,209,1628
42bab0c4ee43efb9692be84f610494c7e5652c5e66594584b5508fdab6d4dd45,1256,204,1460
6539df588656a8e3e6d9ba8bfb7aff0444a86138587120b222bdea5427102587,1326,461,1787
3097b3950f976f359127ab1084a4add1083e98f3c95a1eef8bb16d591ec338ec,899,215,1114
cef8f598c0a5ba1cb462b00f01039139a15d8d9b7e2f82ac5508c7af1807fa7e,1306,286,1592
7c01ed8de5aaaa36fac27e15bb55b665a5857b3724328dc726bd0fc61ad1d590,1156,278,1434
25bfa4dc7673e326799d2d4f7daa9714c9431e3eef22fb5c84e8d3629d7db278,1699,722,2421
7411b1082a9353b66c2b20300f4db56c0af2a7e363f3e96887c7afccdc2bba11,1051,279,1330
9597953c08e2a8a4f7ef61712297c1d12d781c425ab420a13e705cb8dbe5a642,934,204,1138
0f54d78d5aa7068e8760cb96a8a450da07e66ede570e9f7892120adf998e8943,1772,326,2098
07f7131da082cdd4b90387d061b0252b4eddfe4e120fe640f2d71885390960ca,918,209,1127
fc05e354145fbf6c33735bb93686a31996bd2a77dadc0c26c152a09422ee1054,886,209,1095
e554e8157704fc3e4ffb2d480497d9bf8ea08145a50eebace0b0488934156f71,1545,1019,2564
7dd9ef82e99f8cfeb886a59f1ae0c6c83f78bb1cc2db2d14570a8ad3fb80e4f5,933,217,1150
ffdbf0c2efcb71944eb21c4632f78d9401a3b84512b5e5aea15b2775e6bf0184,1102,213,1315
d9aae2d930cbf2cc1fa146d6601649e60a9cf3665cb7ca3008c06b702437a81f,1324,335,1659
9eaaec819cb2f5f2c6b366abb6041e8f8843c3948d6d66cbea0d6748776a33d3,952,203,1155
c890f7bfa8b4c5faa4f116ca8bacac7ff905c51d65b7180c216e5a1ec344dbd4,1798,318,2116
ba4ad13fad94183dfd78b1b2d69b9b260d8552afc9cf0922c2a4d80f9a04f966,2200,802,3002
cde79acc50a866099ec721aa7886660f26ef600517f001a219ae1e4c68bf2afd,2168,683,2851
5e539ebf716505d551e99bdf7289a03b1d582ff60902a8d82bbab9a89ca1a8f6,982,218,1200
62f37eb47be7f711f5d971ac9651af9d8377757c43377076ced3986a1925bda1,906,385,1291
359d8105cb4e771943d339a1099d9e0e18493ac443ccd9fe79ca280db5318a15,915,205,1120
eee48599745f209f6b9cf34c6ebb5e471ce9bcc0de0874271fca016555f50eae,1078,365,1443
6974b30e7a78e57382e8785c691e760dc37b09ec34176611b49bb2bc2474b303,1425,368,1793
ac54cff3966b85b5fd1659b4a2f04e9dfaf6f24a64383806dbfbf1c803f2c49e,1036,372,1408
c719976cc96d2a0ea8a6b2ac68bfd6abc3bcc4f0e35e56dd6fe13ec10bffaace,1341,295,1636
4d53a594054c396765c5928e6c22db07513e4d85c6db172189d644fa7ce73cf3,1113,205,1318
0bd6e1055cb43c6813f1dbcc4ba7431297c88312afb1ac97d0148f9ce449d7e2,894,215,1109
9e110dd5d1697e7d82a22c63082d4d0288bd7fb728a80d26da1dad70f548f17a,1504,363,1867
385c9138ee9f602b8522e3d9f25269cb8f9105dd1cdca27a901d8caa1e637820,1411,203,1614
9672f179f3a267e2301a72d89b09f38796f28dda6f9be688165d287aa7e70358,1636,430,2066
81ad7a6d1625bde65d64d8286f30ee5d4ac3dabd3e6d3c0173a6d5b3febd7679,1685,460,2145
487c62e7180396fd927bcf285a1cf621709b024cfadada6904cb93c213e275b5,1209,331,1540
e1b6764392fe0cb13b0f335f383791d592c5eb2efb03ee307f47b3df8e81b31e,1145,318,1463
527af1c9ba843d8baae4bc3f3650b1220caec2d4ec7cdfdb0cc268573336ec3d,1280,227,1507
64dbb680f749da587a847355f0e99d5d33072c01e439774d22d4e24bdbb59c8d,1153,441,1594
5f2c06a0348923b45c09792dfcfa59da89342393b6f308fd84b97f7ad22a908c,1060,212,1272
ba7c1c78ab25467026fd8e8da05590c4dfaf62f8817d01519d9c88e97d527608,988,364,1352
4b2ce5a2ce5a4aa5027210370e6dabffd75fef871ec822f26c146fb000485ef9,1359,285,1644
61d6a63523bc1341134986fbfef7fef14cb1a9b516dbf11b997d6571706091fd,991,367,1358
0ebadc91691c1eecf4efd4a94ce2a7ae3112aab3b6dd3cfdd3768aff4d1780da,1725,325,2050
ae5e4f1f5a8d9ab25dfda247b87a2c191bea02984da5d74b7f79076bbc41c135,1243,204,1447
df81cc44a72a7a9f477ca8dd26e68f2501fd3249904b4b342f2b00a7ce2a947f,2063,536,2599
d983d74247b4d01d4baeae9dc2f897685c82ba0b03cb1c285081227397f5781d,1036,213,1249
3216751085503eb236164beed6484a0ceea74f205d8e14920a8c2f0a5c53e4cc,905,209,1114
79ba0ab0dcc759f8c5aed6e8648aa804c0fc94614b3f65652a3a929f59a05e7d,1026,1685,2711
6b8121e7f978777afc8034f01a09760c860d380c6e07ea8adb0ed8cca0dd185d,960,205,1165
cbd5dcb31e231cd7ac8f0efe823d80a4c1880feeec7f5448efcf956f43e11c75,1272,295,1567
46e28137e61bae2bdc579c76845507d0577c68a64bed28cd4e270b9139e335d6,1013,215,1228
416fef77dd2b931f011b35cd6178924a656e374af8805baa76356e9f4a94bbeb,1427,393,1820
2fb48f9da96d03b3466860c4a1abc5d8cc75cfc09126bb65e7c6de487dbf04ba,1092,208,1300
9ba80d3434bb6c203a11d5d636398b92b39d94089a310cf4df7b0e08472d188b,893,215,1108
4bbdf4a42974a2a29ea8bcc907064e60716408076cb4ce332c244608a7955dcb,1055,254,1309
c866060b87bf39f2a282f51a2ada1b9428c02e6392e7a058ce9481c89ad00f8a,1014,822,1836
60a8a536f1e03aba74abcf5dc97d7324e4db800effa7a5fdd7eab544a7e415ad,1362,208,1570
29515f2c4a41c96e720b4160952b3dfb51a7add9fbac2207907788d37d31c7f1,2108,318,2426
8411b75ec25e9b4b89c3c653319d86361f9b6b9693c823e25d7f0014ce4e0a7f,1237,543,1780
1ecba449c5cea784df26ae8eb9208bfbe04b39ca3e5dc563aec03613683030e3,1308,224,1532
2284ef28425344fbd2a2895dc0d11bb1e9f432968e3217a5c6c5fa75e9c40d0d,966,205,1171
a5c3399cd74120b8defbf43034d51920e5a2b19e415c7885397f9066e024c626,983,218,1201
4405cf9b0bd85057a2ea81f15614de897bb8cb663d122a5fef427216a9c4043d,959,206,1165
79e0679adcfcaf9c16d480a02a225f69b47db4888ea4a22177fcbc5f4a759431,1061,302,1363
50d521c7ed3ee49bddd552e07dec96affdd6ab78f9a3c1477bf67970e24d858e,1148,223,1371
ab241f2ed02b3806d1994cc3fba9bdb67bad497076bf3024cdb27d761ff0e648,1105,213,1318
f7581a04512fe53fc83fc923391052c61f833558dc2637aa39b12cd37cc81a45,1032,211,1243
afcd442cacc15a3f47a555c02d43dba5467192b988650ce36ee082965318a4d0,976,545,1521
215f9bae711a660639e07ac2b108e2baa9d99378065997e0403acc09c35ba3d9,962,286,1248
a70580595153623dac0e1c83c1b697350211d1db1e379ba2cd66b1c5ecd5ce5e,908,288,1196
bba6a544fab74bd868b0bb921ca8f6acc138524d0a55b19792e6104bf34fb1dc,969,206,1175
6f542100d5e4722695c72acc9e899156333a5fe9b2c4a66ed89bb7c7a0059e5e,1017,227,1244
f15d0f5b70e84ec9b50fdb86f7a327f2f925b98e192df2f67f3bb7ea8a7038cf,950,214,1164
f86f5cd135d9454667b112ca3c44dd701842c94b709178ecdf804cce02d8e4a4,1145,219,1364
12bdb0232160e2adba226e4aa67829632e220662ef635fcbb7f6650842cbccb7,1199,246,1445
193cc5ab67af74480e6624a314d4de04e7ebfe13cd6b70319d1e27714bc04152,980,214,1194
8668902bae4dff44c54ee4a32fb5d1ba3aa2e6b5053b65c39b750052d93f7cfa,1337,202,1539
ae9343f00f73dd4f2266821a4530a2237ab86eadd936dd0ff242669e9cdddc3d,1103,215,1318
0387a679b085edffb0321f304b424d1c24fa7154eb13031e62aeda7d917385e6,1214,322,1536
4bf308da1b8d9fd9bd8ce39815a9703d4479f99f17e9b68f03dbe59d647b0374,928,209,1137
a95551cf617d0928e415265e0b8f0a662cd2a7a57618570b20a835265206cf8d,2210,737,2947
5200331d2f57ecadf6469f863e89d312465b260ae46a674a7785938cfd4c4a97,1164,736,1900
e4b3f1a6e6458d731bf16b0fa665d7cb36e36058c35b23bbd9a5f659905637e7,949,213,1162
511f10a9d4d8c449ec1ea2d187611946b18f406809d48f973d4f69308fa4be02,870,204,1074
7caa5ef64dcd0f85c18943dfa0b471dc02ea3473d2e13facdc8020d2722cb9ba,1366,284,1650
914ed4e921cb8e8280dfe30f0afd33cda86b0ffaa97326333aa5fbb81c963132,1181,209,1390
e8a84eb295cf8a9e1965cc15ab4f3f25a0d06285efe462a5f2797f2ad6c71f20,932,217,1149
f471853425cafebbf1a7947ed113b75234ad5a7e749d67280dbcee2d74cf3e0c,967,222,1189
c257e6191d31f6ea1ba3055313d1b355520273c2b6ffd3ba551b80f92d4793d1,1262,213,1475
b67dad6d83f00f2f426c1a2256ae12ed326f9623eefd14fb55c59b128d3f02f2,1335,283,1618
8c3e3d186aae5b85f11ff28d7f25e11a2ea106b4747fbcd8226b7f34d5bc33d6,1152,207,1359
ed85acd53054d7acad341005c53240558af723c945fa94a00e44b1b444ddf927,1316,614,1930
2c5edcb1fe98d06f97eeb59cd18ef3cbb47cccaa5749c5539dc43689bf0cc4ff,1403,372,1775
774f19a7eec72d2402463d6bc309fe40a5ab09438bd95016da9d57fbe5757ce6,1133,318,1451
2b5b37bef9b78a8d316141a6bccd0e624a038bb0ecda5d54aafd85a8cadd8611,998,211,1209
7de31845fd3eba7bdf6a7f666187671acca0536480b9175929a068394061bc08,1210,426,1636
3af9ba12ce99ba447f0f5f9d6b76a6d922ed68cd6c142b9322705aeef80f9c3b,1067,208,1275
652bd3f0c80e26d3b14bdd5d899d8e3bec502a099ccc2af7c9abdc69fff15a58,1092,211,1303
9226885fab82aca31cb083fd287ee325245b3d115eab85bb24edef0c20b8b72c,1410,225,1635
74e6d53b3eb401dc8cec0e6f2ce51238e2e06f6590f81cf304f09753f31e478b,1219,212,1431
aa34773bb14e8be1e71d22c34a217d0c65e8988b09816e890a6508bdabd03c82,1285,227,1512
dd86a1ca5f70323ded6f5d206177da6a114ad7cb7aafe032c4da735bcfb45712,989,212,1201
004b088125f6539d504b1f533d6028b4b419bd03074cccc8e1a13eb36e9b91ce,955,283,1238
dd9222b773e0305c0531d4efe9af8c9cfd2fff86128b4d994362ca66595937ad,1346,291,1637
5b01df1604d3bc0bfe9488ddea603c5627624dc5eb69ae31d3ff3e6dc1f65f1d,1444,226,1670
5aac388e896363b5e6366da7d413722061e81a27671c9906f4640af552e4509c,1224,319,1543
34673513e6e343db17f0104c1138cea93106e61b7103e97fb2692abb31513418,1410,214,1624
37090749b342df9efa6aa418cd6454377449c8b0eb373c96fba98fcbb2f87309,1482,227,1709
748c5607985c25dc9eb39ba9121ea45f760a9ff2308055664a4bae5ca94399a4,1026,538,1564
33919e4caa59a48665c82164a042e1bbc84a008ec690f725468b11720b279e3a,1464,271,1735
a752d9072a8d7c40c3676ec95b8cfa49ce4ebf9314e3f50a0d473e4551b59b41,1277,212,1489
62e15ad412592999c7e30af36ed33dd5b5958477afd982da832db30a6fdeda4c,1360,377,1737
f65f6fe7ba8a85376b10a54b7b5f7cd85a19e7f04332c3ba9d71f956ae523d2e,1184,324,1508
eb5a4243c22ff9c499c22af090c908f7ec2f303868b44f6567ec71f2c895b707,989,214,1203
5de383187bc5a1cc7186406d8cc806dbfc1b56a683e12ee386dcebd5286f95a0,1538,1084,2622
00b7816c4d6fbdb693fb34264125820d73877184cfc4e077a4165a45c100596b,1276,411,1687
a571a448314dd4953f6618afdc421d7887b6d6ae5ae4370f0810426bcaf1cfcd,993,204,1197
3f009336230ce69e677c75a0b3e9094eeadc8173b84494398483e099de70686f,1098,216,1314
d108bebca8184377d4c12a4e2bb5cd1e458196ed5771368aea5a7f266fe73998,1088,296,1384
e26d67354182cdb006cb596a583f211a62c461681c5121a57693fc8271c05fac,1370,227,1597
75cabb96d95e8d846ab8e3b8e554c21e41848c2ae8840c2666f5555c09dfac0c,1003,213,1216
e6afe4ea095ed5d8dbdfb05996bb68d6aa6c5f9f9443071406f12a210fa7f3ca,933,277,1210
6a4c9425414bf80a025fdea89d45e105ef32785586391ec9d4c81a683186f802,1253,217,1470
f1f8047de02189e45b08e6a58c9b88d877097dc25514e48b558a2385956721b0,1496,216,1712
8ea114ef45b2783d964a4aca7d8ab29aed87a654de9dcacc07a7f4e9046a5c50,2270,1161,3431
9cf21e1b4b5ddaae6dbede3b00dfe03851452731bfceaa6a5717be615ef2d326,1586,531,2117
05f2e58344818ad8572928fc2c557da9208f025399801998ad7d41f0067bebfe,1033,451,1484
e3893b4f588eae3808cd093b6cfa309b9ae077cd4f17514d5acd24ddb682156a,2174,571,2745
00f2584e8b12f6cf875caecd10cc7474aa5516ad0cffcb784ea777104f3bdc39,1265,296,1561
b09f2bfa844d2614406d5921e5a39a15ec6dab7af85248bd2aa7ef01fa525709,1282,300,1582
a8c040e9e4d15f5df83db1040a129c188c2b9931d056b87934cc965863368b9b,1330,292,1622
3a674f616bde9dbc8156f0c469e331b5333627b93584a6e01ec275474ee038de,1241,370,1611
4dda8667588347a55f7500108582ba971b5633d28f9e909c88e8daea97a5459d,2195,313,2508
2afa769f94ebb035371a336959ea79b2f35d0e36ed4f96d58342b6738243663f,1060,290,1350
87135f9fa5e7b0e39eb1e8e4dab5792f7acf9189573028c6f47b52c86728cacf,2032,772,2804
e8f4c3c02a966c883b81350584a75d7f502e1262c47f337c30b16d467fc05fd7,2196,313,2509
327de73822881703a2e3a106c7c9e1999bc5d6941a8d8919334d8c5448449f67,1201,323,1524
565c65d65cd682895e109631409c29ef331c05cd094d4df5de750cc1fe6e5f21,1135,285,1420
036a3b7f2124c1af7f80d3c8fd36a0781fe5f53bca49ed1d0f5c29b6a08f4e2d,1345,213,1558
d962c9dcf21454eac9fbdd40fa7608c4c521c97e1842620ec59ec6c10681b37f,975,205,1180
cb1560f2cdee8050e9e4d333ecfe0fe285fe75c7cdc08fea4d4d23ea94f75ac4,1256,387,1643
02ff3cd7ed3a4f5813c2bb34a334478d03c86d4389651660ff341965c34a4e09,1082,298,1380
7f964e0564ee7e0a4243eec3e26c9b1ed136b6a8081c7c1c269dfc09507515ba,965,249,1214
4e909800fbead6e99f80296fbf29d21fa807f577dba566974036f523aec77939,1119,143,1262
0926c0905e5ba5370cc4831a48642b192bef74d43d3c462acf3ec850f684350d,1152,296,1448
119a0f74c23ab4d690b4b5252074e5c3f67d88e7a098a19b523bda70c1faeb62,1861,535,2396
d7f4dc785a0600ea0837d184d0b3e4a16d5cb901b7a82e94fb60137002952a59,1031,295,1326
7d6e70ba7972f3d898bba266b3fdfc166d7bc35f1ae7423cc91213e4fd582626,1111,210,1321
47e62ef99245ad9c3da37fe1753ab394ce5eaa5e8e48275a57d6c791c19d2ae7,1020,206,1226
21c8eb7092746a36d25c50e72da62cf89aaec98220a1c32f8a1ddaf23f460621,1069,216,1285
dbd1d528452cf2bd48999b9859b354c3351a9816336a1691fbebb2b4cf7f3e20,1050,211,1261
060b5af330a290bbecc1121ee839e19fab4cb962571d474f00853e4594c60197,1022,219,1241
116228b14d82e0f9b51c944c98a8f709889c6c2892f48af6343821df898273f1,1169,845,2014
ffcab15c66ed7152b62da819f5991780a8ddaa85e9d44f8fa639f2a5b749d105,1058,214,1272
a269a44a05028914e107025d5192540f7eecddc96d7b43274bef3c491daf0b79,1026,222,1248
c935860fdbdd270dbb0394fd3be921db578596b45532c495d3bc325104e6822c,1050,209,1259
fa302bef2b5469261e005ab5aa237e09e2d073c92e9252a79fe845f677e69e2d,989,255,1244
9ef53251a7f9a06087ec7aa17ee7a2ff2ab87ff379e595e35f1455460e0fb814,1065,201,1266
0dd3060ed27556af08fef506711a26ea9c06749e17347f7a44059091c352e8c6,1120,208,1328
ac78efa2961b4a4cabfb8822a0eb2d15af0502ac26cd363f44b98aaa4337ae52,1161,252,1413
cbadfc7845930de0ffaf1f68be70f97e1050754882873754b8e7faa6c413ac86,1320,366,1686
a8699cb89021267fd45c12b3eb2d353e7859ba2c70ea24cbd1958aa7ccc622e5,1115,214,1329
12c6bf84f21ed4cee590da28694282cd707a3e242754b138c25df20ea5c0299a,1103,209,1312
1a3c30e881c6e1aa348335fabb7a44f36fff711639b74de09e1f251c34b98e49,1435,460,1895
e0ed5561c4c433e5c452a7be953354bf2745f45f24046523233cb5df94bba7ec,1094,248,1342
762f9d1075c5b5c0918430b331c8de0c6d3fa89127d5a2cab81c5865620d0e13,1428,265,1693
768953e1a3816d7a719a950cd8a2595b079bb870fcf887e357ebc3a201ce39bd,1141,217,1358
0eb9868abc0c4db734169f95796d845e4c0dd4e7d16a8b3cabd4d9e5c1cacf37,990,214,1204
6b3bd90ed3a9f24632574ce3b498d335ab3ca680324ea5d6881b556cb9a88e5a,1131,377,1508
a72505335b1bc833e3ec61da4f79fe1d83a3162042fc2fa0412698be6ff1a1b2,1525,341,1866
9544324a35919f2cf7f8cb7e652d85801e23e58dd4af49b5c767f0b30e72513d,1627,432,2059
55ac225420131c6a1a3d888774764415231ef0a406df208ad9c2b6e1da287fdf,1074,214,1288
8cc4431d6a860e4c5b79008da3593d57ea14352d073caf2a2b732cc2526841d6,929,289,1218
44904158932fc96c22437101b3bf3ede25dad685485dc1a3c2cc5ad5026eed42,1330,319,1649
d3d4badf33881505f56dc636218582aac5769b9a48018a58aed07292f7389cb4,1254,690,1944
3ac871a033b6b79320f49658bc760f8d7fa47121cf28543be4965bce0a1ce3a7,2256,334,2590
94d4137aa6424d4badc7d98840d8bca76d953bdab574e082fb18d007ee225d0c,1029,204,1233
54843e5df0cb5a74e898553fc0fe26de5853941f3fc71d788429a9c60d7456a6,1038,211,1249
da02771fc1c7526ac2b38675da4bedeaabd0cddb897d19a7f8ed940b74b12b42,1181,426,1607
9fcda7366c6b3b962831161af233ddb919459fab9f0e66d5909b1a6f351e9628,1129,584,1713
0bab431dfe6fdd4d6ed9403ccbc50a5c32cc9ccec722ca0011bf15f14929867c,1464,214,1678
a35978e25d7c04e54135cbbaa484b69b6eb2fc8aa5112b29c0396d6171559af3,1139,215,1354
6029fa80be608f5e0afebabf7e03f4417ba6ee65ed85f9da11ab90c62d3e69ee,2310,1216,3526
c7f52671fbaa5d56ddc529b7577087382023e02d4cb98287d0a93749060d4a79,1005,204,1209
8ce43c9f3a503e13efe850da86c9da7aa2a9e3f2a8dbfc8671e2bb0edee63ee7,1107,218,1325
e8a8ed2f989f7d8fd066555025527459291c7315b87dc830e7f760e8d8955050,1419,290,1709
1331e0c74e8ddd1291c541c64ba7963f2ade6ff25a6f0f319f7f09865ece0a5a,1057,217,1274
6a87a90c1125c67734ba37ae2f26de7f43e5ef2180ca0fe88b92b99a36b2dde1,1100,282,1382
249b86a0ed86c71286e0288c3cae4da5fd3434c2b5371b98edf644e65aef8095,1125,229,1354
71a7f98d74c7c63c88cd0c09c135fe89d97432967b0b1c0a07e502aed64aedc6,1083,288,1371
e4f07ba94f83ef93a6876eceb4894ad1e37651f32d215b8d3b62661dec534d3f,2389,1467,3856
7468799ffc0da467f5466f5a41ee4da060066081ca1809f5430e073788b2cabb,1110,218,1328
bf0400b3f3ec2c9815c7dfadba60e55e49bb96c6ca01ca927111a0eee4e59164,1040,294,1334
a7e1ee2cd7d6acce4059977dd57009a6a95040fb61b49fdb97de39199b5bb2ae,1436,219,1655
4e19c213795a024438c39c751e518229dd8f865c8fc151c017b35fb6d5435061,2181,446,2627
82cf59f7517f3f27b17edce0040ee2de207973814786ac2279fea69adce1b65a,1162,211,1373
91d7381c92cb33e4450768b0f6c998a7866f269d79e692ad3176c2294cd42cd7,1319,264,1583
b185dc14035b64ca19ee01b72f90842b520e327961d903fa8afc3f95f204efe6,1217,289,1506
881d92369857f442ad2a5e8e94bfaba5d9ca3633089da43c5820af7e35e08578,1808,320,2128
5a5cd60f622007e4f5b4bfce5f2f8bbb6d0a127e1f877140016f78085b5ea40c,1365,293,1658
e5e4b7f5e0fc9a56abf9763e674d39f00beb319cd693c6e92c3fffc2d42383a9,2455,1223,3678
b6b79102cb99d96c320b257b552ce394be08ba9aa289face8c7fc0b556b6f25f,903,210,1113
3990ca1d94ec4f873399a6d80eb81fb3af4ae66bea3140e5b779777919e50826,2263,546,2809
1ecc4357218ddb917f6ee515853a28883e2bb1d03e5e30dfe99fd295a608a617,1211,217,1428
72df5709e446562e8ee7891868aa5e792440df21946476718f2c38eec02931af,930,212,1142
2da95a5db5cbdd07fee878b9325120326d7087a7566f2e9f1972448d53509335,2275,329,2604
cc5e9fda02d8a5cb674882aa7ef0323a4871bebb9336efa534ce429a3c06f371,989,209,1198
7c686f899e88a3308a9fbbcb891ab7120ff5f8ce71e4354e3115f810e6d0a7cc,1519,598,2117
9328c1215d6331f084574a6ae138c0535f2e4346fd501b43893024eb7c6987ef,1408,369,1777
6f98e05eb3780ada89424b7119d97f1c89c2c6bb0636f096184f8d0ad2e10f06,901,214,1115
641e285cdc10d9bd8a0a7a35d05f126178b8b73fed45b8458255359390bcf396,936,205,1141
9bd2aeccc53ffa664208bdf6dceffaeae4d9b6a5ebb0e0f20085089d5d01baf3,1123,242,1365
131fa42cc66c199f19b295d4bed690efc59807211e2326f7b4f2cb01367c4d43,1064,202,1266
d11633dcc5de58e2ae6ae804517f5a2c552a7766fe802e00f00230984972fc9c,1126,205,1331
400d1b4f186c7fa92d8b845ec0acc9a3b6cabacc5003bcd71d8cda73d7c342fe,909,212,1121
ffbd91945eaaa7702cb45a221efc4cb07e72b315bb7d2f4bb566aab9534c4ad4,1034,276,1310
9f0e7b3f5af4e218a78a1389976357da5cf0d389d0d6be81f03e8a09b87b0efc,909,206,1115
45b234a410ca81c87b1adaf609e39dc888c2cb291a92e313845ad8aeff7d0709,1368,289,1657
1aad6d920000330c9bffa2f8cb6727c995f0bff12a6d6eb63d63b4b9244b0848,1067,234,1301
088c673d2ac00f677c1c92ce6cebfb05032fb79f888c755b2fb0f27caa8c9471,933,206,1139
1dad2674780e55826744387abde3f4f0c3d3da81aec84be6859840d9987d659b,1171,205,1376
af34be80c6211753c44660ccaa88819323703fa216c7f9fc741b21106deafb91,971,208,1179
de60c283049853f443ae1c82591270610394f855273e9876c7610c008a56879c,1333,297,1630
71d66273061bd7494d4a18b063b57b7b554479777ebcdd77037d592cd1a3d48b,1541,208,1749
c2d7392cd12f588acf600473bd8bc30fa6c7ba931f09f93e6ceeddd3de92ac0c,1210,307,1517
28c0d5cad75f5322ce6662353e4ff0d4278e6bf98b16b9a46a0bd8ec3c5a3774,1063,283,1346
2bd6a7582e8555f108b9a14bf307428356b9fdd0843ba657ef51fa38f0e384f0,959,214,1173
6e796dbe3185805d0e4ed5a8cd9a402cf017e79bb02a40860ae3dbcdd98be085,1088,202,1290
fb150d0aa445d0930dc48b3bc254f719b355aa5186b3a26646279b6d6af23532,1017,290,1307
2047d001f30887e377c384e3b758140b9ab927203db48ffca16c52843b01d90b,1260,404,1664
19b19b103cb8a4391618e6fb3c2533c5e4c92fab672cdee5725546fbcb19629c,909,286,1195
273627534fc041a345db0c620115040ca1b478f2c6b39f03874553940762f71e,1207,827,2034
28fa4647d5617a80863faa0f1175438c7abd23b00b632c6f0633a9ce5a372bed,1051,365,1416
41673a10ab35ef5afd42e2eb2fb8a00e141d55c7850a6aa4964f642028db7922,1379,363,1742
8cc80dc7b88af077ad29c8067eff185f5ef0dc37497782fdde893e2f8bc66cee,1182,545,1727
b57a4b910291cfdaf1745eedc8e60093ec12b82e67b45fa96ddcfade75d33e1a,2208,322,2530
3a214a8891c6059269125016b8db620b726b108562bcecb13c3abd297ccd59ca,1090,222,1312
daa406ccd59a38097273e453d31841b3137eaf7488224c69e2d491a99d10baf8,2051,344,2395
e9064ac68c4f4c26d0db17c3edf60d4b16715cf6ec4e9a9f5cb24571cee75155,997,206,1203
bbb4f315814025613010d8cf37acf667d99085558d45d1d0da1d841e7af1c5d1,1126,205,1331
76560a83e284edac40c4e5b47cb97e4b92ecfab6e698ff43e007de741f460458,1446,273,1719
de1ea14b80592c8c8d30172a6d266ab75052a90b06a3a1abecf97d7ec739ecce,1695,879,2574
f65380e4b7000429f5db7311484889f4a69302ffa8f360fed28c1568be153aa8,979,222,1201
80d03c03cba3c4429fdb525e47417ae86b4811fecfaeb4607ffd95ac8b9dcaf4,1170,211,1381
4236625428ee72f5b88483b434e1180534961cfde957dd8cce13fe0dca22de6b,2215,790,3005
76943c521e015c6ece62461b6bd9e796936157872ec9f1836ceed93fedfddf39,2099,940,3039
39d8a70760aa94b009d406cbffc6747957ee50d3706df84c64de7064af96ab08,983,216,1199
e01406815790a59ffcdedc7af5de1e30e6f0af2690e19eca984527d455ec8e62,1069,298,1367
35697d1458af1367fc9c2483d00dc689832eea238c40ef3a86d8175b0cf2ef00,1093,290,1383
b37d898850e983911ebc358f76f457eb06054486202ab5d3864a1765dbab1c32,1165,292,1457
cbc461bacb314a6ad8314ea9aa6ed88d5ddea13c13a12ce5864dda3ff5d14bce,1035,213,1248
39c45c16f4ed3156218096bf3eb4d464943b9c6d47331732c5d42ee0ca7139c3,1026,217,1243
3ed99c6601b3828a82a3b4ad2bc1cd3ca815dd81c2ae61bf5e058e9c549b6cf6,1383,785,2168
37631ec02884068fff77dc7b331fa37801bf32e41c3a47a5a672ffbf7ebabee6,1273,204,1477
00c727140c63cf3cbc0487057e9c5beaf05a5d9d14077f59e90bb40dea3af43d,1375,454,1829
7b4869c848ce27268b05b4dad8f2d63a8ecb48d40a713ecef5c29308bce9795c,1623,321,1944
8d1c1ced6f49b16486d848a824f8ba6b57c92823b3ce1f7b8fe3b4f10008edce,1238,216,1454
2723b34ac56c02ef4d866967ba5e1dc5438f95947c0458807dd31f3e5a9071d9,1934,320,2254
9828a95c295791b09d3c40032a6b5696c7eddd3a5da7268d2e4d0b059524298f,2288,889,3177
042d804573638007ad3113c546f415f0836cb35b08306412e6ae666568a94575,1330,548,1878
8ca9fc502cd3b60f7429159fff004ae43c8654b31819525ee9ed044dbf310b99,1147,321,1468
8fe3ba16b2ab91111f1fa23bd1d78a5c5205d0cebfe5d36879969d8d98d3a130,959,370,1329
e6183366a5e9c40586a2d92d47679ea361cae1180d8cf018f591a4cf442d0438,2124,913,3037
325bb1ae0987d127c9586e40e00bd46d1a0e80d243022c21d4991011550f1089,880,210,1090
aefd3a4ec3cb1a8305e8bc5a8dd9f7fe34ebf6c834e2983239dbbfebc42b7062,1075,222,1297
657cca2f79bf0ff715cbdae1a5a58d603ccc38696d2067a72839dc11a1b56b97,2358,1310,3668
d9daaa03203fbab6247c51585e0d71d236805d898c7c3c0d123b8a45c009dd5f,1191,279,1470
e5732b6f78a5685e33b340196c40bfa966e8397ccf025243b71c4d4af4510f7c,1037,205,1242
6fe8aba0c32c2fabb317ca74f4f55d57689d230b86537af99c0d04c84d496d56,1897,1250,3147
f2eacbfafcdf7dea9cb3db87b0cc8be07c41fb66fe680d63345abb9e0422462a,909,204,1113
f5b8e6218f97828c3f4f1602ae368af475b36dbfe1285e4103d76acdee303b26,2244,1972,4216
bc79f4b2383791902cfdc1a20d97350705b143be58fefd4df83c4fca6862482f,875,209,1084
4d7f60ab728a928a86915b117921b6e3ed1d30869fa709d10e88de36801600df,924,208,1132
0bec847426dbcd06a8555a6667f8945a3700a2b850505fcd052530c5f43bc699,2075,329,2404
0a9499db0718a57a869d48044c1666b7b167bb2ebe00c5cdf925eefbd2e43e83,1208,746,1954
2b660bc8d257874fc8efa06048293f183c4a3b711d120a71f6bb3dbf658a6fad,2051,440,2491
55565f3bade343ed65c8c54416e588fb764b372e57ce7cb88c7d8b95efb284b0,1271,212,1483
0e4131810d4688e2bda2929dfa554a1f0ff28d66e2a73898ed754168e4c60c61,1126,205,1331
5d9d148b268eb33240866f5a3e95360e0371e430f85e48fa6105fa9c1f1d59d4,1447,293,1740
b7d2abc5c4b7debc634c0ab72fec7addcd5a8a8595465f5beac90cb86458aca1,947,282,1229
50becebff7eb202f7201bd734b7d38b79f8d41efd1178597b51a335fd2047a31,965,204,1169
8c4e6d37ebcfcf622134498be4173076337d642eb9fd70aff7a14a3d42ccdbb0,923,210,1133
b064453ae6326b7e0a2f5e75e9fa4bb01815066c3e37c4a76bfa162a9bdae63b,2172,561,2733
a37d4e872a1a61f2f93bb3f7f61621578b3f771d972cca90090f7c409cce1d6f,2389,330,2719
1aea237d5b8a5de60c2dfed740c59299b16e2f65e88c54d88e7e49a9acedbd6d,1247,295,1542
d0fe7150a24fefad373605ee33e0f416778dc1bb53dd2c7ab15237e0036431f4,1053,289,1342
53149b603d8baec7b1469154c83ff91fff52b76673807bc1e22f05347a8cfb51,1458,264,1722
46610eb2dfc11eb78fc1d5fc5b3c913f1532d8dc15d5faa6a43b4e35e7861a8a,1364,290,1654
82b45c68fe009ab6980fe67c1feffefecddd483bcda4425fb72d7c893bb34c4e,2264,874,3138
13d4b103d91d9e29ec31e8c5705b268277ac704253412d665b745fe26ee450ed,1092,290,1382
6bec47c7b6e47c01559a9eac932f3f8f053b7aa8d25a76e30dc29ecd80ba447e,1554,313,1867
643bd98af1d53bb674cc9b0a8cadf479dce1237d1407ab26f102823e089f5307,1151,297,1448
6879c948c39ce15347deb88d22a28535127e39e23af126e799ad12d91dac6d4f,1108,211,1319
72b3154e23954c73e616eaf776807dfdffaa3a9a0aebf9b5214d5e569bf61d0e,987,214,1201
9a126131a7676275b9bd051793d80b55aeeff243d6141358bf70f2cc5d8c3653,1337,287,1624
49d2962784db33e3a8f6bd2174e6e7bd983e47d1d1bc23a1287a662b064393dc,977,209,1186
ee1978040ccdaca191658b74e9129e5bb7c76ab1116cbc6a0c46ae9ccf5db594,1020,203,1223
162c35a6c24ca1f8a378c01fb7f247f8ffb61fb577adb33e5890a7b9e5e24b6a,1085,536,1621
274526743744933f27d061f9364f4547bde22995fbd476d766a2a2f28904cd05,2200,949,3149
224750ad632c30911612dd21713df705d72622423f77fc70239582d8ffa5bc4e,1111,210,1321
86b328656fa25ec7d02a9950a2d05655856f7ae3d778d9934703f1d1da406204,1535,136,1671
3bdcf212d9ed7509e0a5fbe3adb8ff2bca70e5b12f3fe4fe8b1e3a01f88801f0,929,224,1153
2969f9b9d339f7b6cfd253344fdf2f971a85603288af952b9b70155b6b2ab8e8,2362,337,2699
e3f5556de6c10c956a6e729b6e03f67c3eadccfdad248ffdabe1a09642bf12d3,945,207,1152
a7c0278bada7adeaaa135b5872c24dd168abecc16a53d31864ffe51e3b211484,941,207,1148
d65f9da9e5cd18e276133fcd0587218b2963e8592f56d1575dd8697091e55df2,1228,540,1768
b58cf6fa7a3f613fb9b045fa31ef3d577eeed90f260c51f601437b85041749de,1447,202,1649
976d890d2e9fa2561004b8986598036c451db9bbef31260cd73c7c7afda21de2,1151,333,1484
0dc85577c76fdd80dcd6ba762a4bc3faacf6801a39c1b209dc950e4fcd9bffc9,984,284,1268
d92292b8c7a1f89d3d90e45bf642469d28b2468a541d5032c745a6f707f527f3,2066,531,2597
8bd0973e316904974cec9063f4b39579c42189ad1d22a6c632b4f500e9cb40bf,1126,204,1330
878403c4905a78be7bebdda3959ff4c6e558f8c36d2f4ef48ffe763460995afa,1054,213,1267
31e6cd9a8898ebfcd3199863c42af8a128f085f92895c36907db52e7c66e3bec,2165,454,2619
e1ac8289a225b05732c2003b5ad4031840f04d1f4e61a7d88e9edce2d97ffdc6,966,215,1181
8bb8452f24df221850fd23ea7b2dc2bd2ba4c37b48b2a00623da2acee9a4f212,1165,211,1376
e7b1ccbc752a01d96aefba235e341fd1866166b1a3b4bf67870798d735d4ecd6,1121,206,1327
7d86962156a0b409ae609892d633856edf32ad63c9313582b853fd705d0cfa0e,1005,146,1151
59767b8e8ca5da42a3bd60b2b0c2f8acd06977eaa23197d9792ac5116d86bbb1,1214,202,1416
4b0b9d4f1648383d16400ca583f25cd66a3639824339b1a83cdf09bdb4efda74,1237,420,1657
9566811dec239af0ab1bdcc81721d19cd537ae0629000f1de9f03b632e5b98da,1475,378,1853
2807198af13e44d973cc4a3cda2ecb8f0d9b0313ae8916c42bdb67b8bd7ff9ef,946,211,1157
329a06c1fea553da44db06b54ed26355eb0fcf5110d50256bd5d5d0d81c3fadb,1001,209,1210
1a926cab323b7b327edbf6a0f5a4cb567e99f433995ebaad07397dc1a224f48e,1130,374,1504
6b4992dcdaa6e1a9d56cd8d777b04b4dcc2f1990fce2fc2f7e6e52fa7b1b1dc2,954,204,1158
a792c457b34df0d2ee2ad3c2b6d68ae21cc889fbf3fe98b3f268c411fd8291e1,1130,224,1354
b3db81e570d0456aee9e1f4a50a5638ae98cf41d830bf8b23aeddc8cc34cf743,920,251,1171
b2066b7f82f710a86c510c8a6a9b7e1336faf75396bca6f697a058baa8dcbba2,996,208,1204
d9bd4d7dd7db5b48255e137d809d0d5646f358eefc8e6b62b92c2acb293db2a4,1299,206,1505
8b05c683b240f00f53ff93a22bdcc47c103656cc91e5c89aed1fae957289767a,1001,292,1293
9be7b6ee2d5a5ae596fa49b765f1d2f445865727cf94bcd233e6868178de8806,1220,294,1514
712143ee686f7eb5b7c7ea862d5e67707113888e0677564474794ae31003a566,1128,307,1435
c246c6557868c4ea935b78e47daef4e8108e8c4cbcda284fe481dd3704e18365,1589,205,1794
e2b803936c384c97bb7438ce3d53f1b850bc75c4b66a7a856ec410ddaa8562f2,1034,204,1238
c7edeae273b8adca7666b68c4fa7bff99bf501188988134fadc3e10886a25ea1,1126,207,1333
a75ce70f6a623518e397d6ae393de6f9d40002761e892c7660c66ca29644e229,1115,210,1325
34c54ed0ce7d9437d902fc375a6213f3ba7cfeea4fb736dcf049b9a69cd3eca6,1321,695,2016
49336aee9e21179f371bf0274515c24d4b28108d7d0397e202f51e99a8cc0b9f,1242,608,1850
93f3bf225b15733cfe63658feb9a9e991c902e09c559309d209966202fb74873,901,210,1111
24ac9043ccb5b009d531a1fdf4f7e1d40d95ca10d6f29c964f0a1fee54c3208e,916,209,1125
d54d35dd379da1bb92f017a5b9172cc5f15e460cde540d7f20af310f524a64d9,1014,262,1276
af3fc12b5427086ac5e4d6e275ab65cae78971891455b3926db1b3902f5cda8a,1102,225,1327
5cc388f6fdcb47b766f8f9d56e718a2a30c1f3f4b7597ff66059b1bd0057455e,910,212,1122
37aeec6bed116d1b7210f3559dae14613e449cfe54e5e0826f86f4b266b46bc4,1440,454,1894
8af393b63ebf004c4f47fc3e9d8ec80e3a42d43162d0ba3532a9e86b7c9d25b6,2141,321,2462
baac637b2e8f61902f756c9289df8891a9d48496e373fd7f3464027b3471d886,974,208,1182
f032ad21b66be40074278ca8db5bb297427a24723533c144d71f2583f93eb38a,1126,205,1331
72a3aa066ad5ca52790c3e23052748fdcf332209bde9ddb65d53140dd684a7fd,2214,864,3078
a4652c6d318772cd18638bf62ca91787cf7c4e8d8cd7cea7a6e32bc1411aa509,2112,549,2661
3fa46f699e870ce73a11566c485bbb2927ca8b1d75774f73eea55b7793ba66cc,1025,368,1393
2e59f88d94a4e0850d1d28a6ded0438bd3478b594d444657ff0ead97f94bf0b8,1457,479,1936
d3ecd99e4d45230c77475e67d223b78d7b8ababcd1a0f24a7c48f18f2f158ba0,1035,248,1283
bfbba7cb1ad83681eb4f08537bcad6c570804def0c6961e75b7725a0d9d65d85,1187,205,1392
01e3ab5e1d9115a618b195d5d81ecbb5132316c1a49b379561650cc67bd3bf4c,977,208,1185
68b8b3a8fea368038b0042906c5db93ec99179380234dbcf755a7135b15055a9,1122,212,1334
d51a02e8f89b9cd390ff7dcbeb0b9687bae21f9f8fecb70f856fb6716b91c0a5,867,208,1075
6d5f429673581847cddf58720b9fc88d70502b793534344fb2cf82d7b199c431,1398,303,1701
962d3c9c3800fefcf0dc931201233d545e9797870eb8fc4c90c62469e81ce43e,916,211,1127
c9763513da6a964b379794cb075c54b13c1413793dd22fc323d9ac450b0fb311,1000,203,1203
615a350e4282c0b52ddff946f34fa1d033970904e9b0609d656ff2b49fe1ae24,1031,282,1313
3f8b898f667605efa593d991642c233ab7fa65219f50119d2ce629d378a24bab,988,343,1331
e516f282d2c4a1f32a4206696598d1e6aeeafdd50a91f89db956d12a0087d82b,1198,853,2051
ad153fb2295ee112bc2257430c6b192409e39bc9e4d16eea53614a11a6698194,2404,463,2867
f4432a1d7ad096f351cd598df98a1ef22f87c3353c3d4f6ae7b080e53f666561,1274,287,1561
0dad70257b5d13331d9116a8153e38d6dfb7b0809c32393e2fee4b2fffa2c999,977,215,1192
00aa9d43daa11d68d62dfedbda39f9a82271450a8fd6478a57a33e3ff8c8cd80,1001,208,1209
2c6235bec72df31b476a2eea2f3d8f3266fff8faf72a63e50e53e94f9c8af0a2,2138,695,2833
11d5aecdf5265b60958689bd4d8f89e8421fff9c4f07e50e7595396e7405bcc5,1126,205,1331
d56e629bdf06a2a01eb992d320ab89de5cb1c3365db17197e0c1252bea505cf7,952,204,1156
d4dcfc25047d355ff86c60f8be4ddd20dd3400cb4d1da86f7d55236bd24d8fb9,969,294,1263
dd9c9207a78d5406290bcc04449780c370f86a92f010f0b52bdde850ac197bb6,867,207,1074
f47f416c1443c77df890b264bec23c8bf894dca300c35b9a6954f536ca40a56f,2112,703,2815
bda663f50281ba8842ae5fdc03a498e789a45491e6cf2c2004363584f1fa74c6,1412,299,1711
1f0d07552db81ca8013fca5d1f4f2a16b6da8bbf2c694709478af8430b46af95,1387,352,1739
9833ed1a79fc1d1b98ed1aa42b2931a9a6dcd2db2a5db24618f1e5afd827a475,2346,545,2891
36ec0e7fb8092daaf8f69149bc0ec58aee4c625de15841b0c1a8e04df6749d5e,1091,205,1296
ea0c7cf16db748246ac19d66051d5746b444ea44a7cb7f1e4a3e5e3d3336d675,1022,211,1233
83fc9011042ad12fbb31d233fbba944977c745a13d70850fcbb3d13a72810b60,1012,211,1223
c4a81d55ebeccf58c9e0e1b95b16ff688784a263a59d5af14bd3c616db18cdc5,1126,205,1331
4af5698ac20e69e8c2963ae40decac6d4e6d04bea6ddfdb9928961641ce48050,1087,214,1301
d98fc5b6e5cd5f1652f085dbd141531cd36c2396c950b840b1d2bfab0b6c02ba,1091,454,1545
2be11a2f56327cf59e606b033df1c05b0dfa10b2d00ead2d571681cd03af8b5c,995,220,1215
a43c8f93f2d66587f444467cc5057fbd2261a27132e801b90447f6d306752d2d,970,201,1171
d1d6e8c89569e585233109a8b2831918e2a3734b291b019f6cfde0ef33cd322f,1330,285,1615
bea18b1759dac6208556a3b4c68ba88a7c911babd98d4a15c2233815578cb5c8,938,207,1145
788e976828700ed4ff69ef0dcc88c2a2406164da0191274ad600e5703c3b2802,1034,204,1238
ab9a8dc4647cf97ee15f5975ff22f8fc88309016ce448d2e02e84812566c7c4b,1370,214,1584
538086687c6e6f550db5db6051f265c82276814a405c88714e1f99432fcd5dc8,926,210,1136
72f0b934fdbf12a7f12d6602c19980482497a1ac3a7cf74c5a9479d455ae4373,2574,557,3131
b1761e4f6b67ed84000be6c30cfc482b9c1b7962f5f38350333308d2ffdf4fda,1475,533,2008
ccaef0525d0bd34318c54f014768f30a1c7ca51f65e4959c4b79376833ecdc6e,1137,203,1340
18456df0f072f4e48a8fd0954b050389f3c6602e14284488e3cdb01a7081a96b,1251,316,1567
848330ccb3dd5ba1925257dae389bbb92b0526c3289f58b93345678f4ead9e1d,997,217,1214
8b5e0fc5b306157d2853c5308c836d963ae5744dbf5c2a929e5cf53837490e43,1262,373,1635
613a55bc7d9f76d27445630682be0d0aa7f8056384038759162b2a8fd600443a,1336,290,1626
9f2c17d2e7921325d87c25c33ce3732b1bcd2767dac8b24773be62c84440f545,1197,204,1401
37aedfd0cdfdafc7a7961ce8a8875a8a08acb809108cd742198de9d2e1c71682,979,209,1188
713412a41cb46e7961341f966800250a839eb03bb16696578f2e5ae52a0f9f0d,2266,701,2967
6f78bd29859df2de3bfc6c628d6017c06d915660e52864b94e4c41c095a2a253,1003,210,1213
f1880eb064d9539578728557a2ca1406051553e5aaafa3a712d93a5f985c25ca,1104,210,1314
6769b4382fd75e0a4bdcc003c612bfbcd030e4f979455d838f5022494188b567,1033,285,1318
1486e7875df4db0235712401b5ac0cdeb1c660d659cfd53ab0734df9207a1ee6,2164,991,3155
a1d97e3bd90ff13aed0e8cfc589846d659218472e5970b44a00302f3e34e7181,2256,331,2587
e2531d803ee5e77edf4a0edff093ce1f71819b41373de6fbdf217953e889fbee,1173,210,1383
9721eb546b65047b4f075ff5035661e05c07f8bcb5fafe4132118865457a9d11,1535,207,1742
5eab4e2ba38381e4bb5ec87492afdf13e212a5fb305598d58cc52986b29a5391,2163,574,2737
e462c45ed7818596aada716444f3766dac625fd54cc4573084299c3cc1d4b10a,1126,205,1331
fefd233a033ec23df15c83d2d30ea7579ae459ae1b9fde5eb73b2bc1d9cf79c2,2238,1005,3243
d90651838d6a23cddea1104ff32a705f7d7e1dc20b8c7340f8f4949d37c64fcc,967,206,1173
090611da437e736b3c2db67dfd6c4164b50c261fc511b8524f46f4a7f61417eb,2151,688,2839
492706dfbb4cefe9e4b171480b70eb721499bae643db8145e51c1ddff39068f4,1535,370,1905
0398762a64fddcf91f07379e950fcb4dd7649a9de5ba7c9ade8fd41c88507fc8,1457,293,1750
b20a9ad9108bab57f358347fb164272ee459699bc2c623488d637631a780cb8d,1374,210,1584
c33f1375ce0ea25a5a013981d5335c68e0895d7e61b0816ac9458af57d485522,1271,210,1481
19a627e88549f311972beb3dc0341c8b9ab9df3ad1d3351ad85a47e2521b59c1,1259,212,1471
db9d1faca439da9b9ba7c21bc87a3b59cb57bcc72adec06f06921e86a4067537,1087,218,1305
fc8f065ac0c2137d9ea1a4ef22aafb84fe2d4cb3537d811175f755b18a986ea1,1198,888,2086
c88aa378c2d119273f89762233b69c1b484d72e38b215b7456e7dc340b768666,1130,213,1343
f4e07ad434b85d06696139f2d6ab6922838024da9e14c02727aed12c7b952cac,890,212,1102
fb06359847c4a57db954a23ff19f2f3e3151841d02f6ce19a0a9ca8f9c078127,920,213,1133
e8b9b7809bad578f19463bc3478b183be4fb334046dd7afa244fab0856445e58,2261,434,2695
8535dacf6739aee5d040a4ca7f5f594fe997fa74fe2184fa760005054f4be040,1383,229,1612
d564fe25e7794e2c59982808951866208634d9c5419e52e037d709502d877d53,1324,370,1694
e01bc253dc01b4bed2125d44afd9514385d4b030c9793585450bde02bfe5c37e,1099,285,1384
ae85687a5c20a99ba474a13e7c48915bca8787d7f428b12b1c16bf956dc37fa8,975,459,1434
19a6737a79c35592781ad17265db2d283a3af39e97ce625d1086fc14c3e7d691,940,199,1139
84cdc01383adebb7a8e12bff5c1c5b45ba21626a7d5989dd515ca9e23edbac08,2242,567,2809
afb662ccbe2ddc21862d0b295ce9b4bf6fcec2c352181cb3a1e7e735e47edd35,2041,828,2869
3c92303c661645d68d255eadb73439d93d0858b49aea9f2d83b2b8c92ee9f43d,1066,211,1277
df858861720c176b38d6243d33bda2b2fb4f9eea5bb194904bd5c63034803929,2549,1063,3612
cd51dc6af40c6704ca262376fc52240d85afe19eac5e5c4ca7c66a6bc4ab3b99,1126,205,1331
de5ade2f362bbe77c5d28fd7ba57ae8b354f09949a2e137111644f0e159feceb,930,210,1140
bb0a924f9641f7247ada3beb1f7127b2563151128013192e951cc0da54c5c81f,962,294,1256
3e20aef0723ce57ab7c44486d3cefb66e2d199377599536898e10ee817a80d7c,2212,647,2859
1fc30c36840fc5009e1a4cb0564397dbd52f03bb0868b5fc08cacd29b93242c5,908,133,1041
992f82e2023db354ed4db2d7ae0b421a66ff329b6d8f8e40f584ba780ef8e5fe,2308,658,2966
dd1815e6d3eb434bee93ad0653fe9d5b5a236be3fdcef06a30e7141866d479f2,948,203,1151
8a594f09e554bc15becf43379cc1c30b9405350e80738e9d38568e4c73f167c6,1134,210,1344
326a047dead40899dc8285f9f163a75d4d3c4c45cafbd9dca43b6142b568d2f9,1251,292,1543
5dac032ff702ece0edd379d7e2dd5ed5a3d23c77dbf2be20ad89c6f3a8634330,1030,213,1243
c9558184e2d66c478408321ad7dabda33a49699c454fdb91658000c89446e358,1139,878,2017
dd8a5acb12cc3d6695b81e578f7a7f9469ce4b39f531e45fd286a5bd30c12da5,1032,215,1247
5ac29b40bfa6b6cb23c54266c6dea3b9c5e346141df7c0176b56045136b3fca1,1142,212,1354
111717d1192f9f5000ebde5ff4f5b26050088a21b93298519a6bc3a928c8d264,1698,558,2256
847c5304a4c11fac8cba07ccfe1d63d0724607844ecb95da00d21495fb3e90dc,1281,441,1722
f6f85c4e81f2876ea563457dc8a7abd95937f510e40f4b83aa84d26a071a73ce,2245,1880,4125
7d249b4eb7fb4a30089c4a711bcf872a90c09c49677797743d89b3ec11e6e910,907,288,1195
7478f9d0cb48dfc9d61fb38a39cdf8ff960c8be92d17bc08bc1cdfb1e932105e,1092,366,1458
81d6587112f06b39c9a2bcae94ed7d8f5ea4d6e6b0e51a0d180da67247a52391,1126,205,1331
50eb2df25a719d3e10f4a44bad15c6229847e2b85478f73960928596bcc76729,1004,208,1212
4a5ffbf5c96d9d60e22ca2779c77df01f609873f2e4c71cebaaa70d50a2362db,1216,379,1595
c168cdb13666b0e3658a7fce7feef071496d6bc5a3260c36b65e362b815306e4,1048,212,1260
54f343096e4586038015e52903d6f161b87477f0feb0a63a9a446e0928b122b4,1117,211,1328
8501567fc969778b47990a98abbbf989d3ccdfbec26206eca8ff60cbc433f9e4,1216,213,1429
42e50ed81de82eadf9ba89496760b71e2122136f1c186b62b6ea2fe871fd572b,1417,449,1866
50f635e1e166dc5aa7f7901ec19a8974862f389a529b56256e63ea1340b98cf6,1008,211,1219
e0b8dc9c07bda1fb3a3309976a9e36be08ffbc5a4b8d11656eb6e7d6c6d21ae1,1133,204,1337
2b325504d1baa39e070641c39ec5851fd7a2838ef56fec92b9ba9180dc1734ef,1119,200,1319
eeb1d2ad9c8ee020736ca7b62e9ac34d4412471af4d1521dbf6b752f2d6b0da8,1206,299,1505
a96c97b5c320d46890955d612d7fe4f190a9254663c38d420dd9bca858c6a964,2290,920,3210
c2b90a9474e9e6cb8084bd3c53c0dd22a6da1f92c3d1dbf6313389f2cc205c1c,1089,205,1294
eb01bcad27990d3e36b15a94c5909b5c6a1ecdac2fcbe16cdfe41c02a8d43020,2271,437,2708
b9ee1895341ffb14936cd2d02dcedc438c2f608ee48c8b4c24cd2841966c9cdb,2217,788,3005
1d589ca61763532022ce5993d3de0fc103e032afa2d4657db441ad2dfe211580,960,284,1244
1aa187c9c34fea2e3430b4ef8e31ae318205aa87cebc04f7dcbd3948446d9425,981,204,1185
3d0becc345dbc6b834a457024d5ec4de92fc4bac3c174fe62dc4ef1c473dd694,1081,753,1834
a3daf0aca33dce489da909b5bac9cd85de0947476941e2b0d500ef70a02e6b2c,1290,292,1582
4d8ff2270ba8d94cf79fd8199de2882091c393a4c753ede67b1b9989bf526d06,1010,217,1227
6fc0b72cf02a3df9bfee963db4124cdb8319627ae367c0e05854d42a6394f4c7,891,204,1095
0a3c7f5ccde2aae8e3388ba6508e16e4d8e25ffae7f5cc8cccb884a062c754d8,2108,533,2641
4d6d750fb7af694f2fbd99735dfe3848f9063a35f3b6099240665a99526e1936,967,204,1171
a2b1431064513b9ea764e9e3899b3a0b4c894ecb09caf2c9ba61c55216f3f29a,959,283,1242
11290b4b905aaa4e353304029e6a53e63dca94b7da2adeea784b1ce6c9674b9b,1415,368,1783
8d770d1531f485e09f75fcca60eb8603dfee800b989a0b6aeeca222bac5b6303,1214,276,1490
f69cd8230e6672ced451bfe805274d1fbe34a9c8340ee5a57a430793808231ea,1018,205,1223
78f0b393099db97ce3e7308306aecb518afcb109880098f8d99a24797af9af72,1365,575,1940
266e58da212f8ccb74cc65b9d5017d09f00e4700a6805c66d9de883997f8e92f,893,209,1102
72c94cbf4a60d7027db8b4c85114111ae2f973404c656abdf374cfa6c65d2763,1126,205,1331
a8aa8b584c832f180246d862d906f36a83534a0bcdb42776d672f5e15de66d78,1516,292,1808
ad63caee4c79a0badf5a716e8febf2c94c55bf43f51e4053abf550ac087e1ec6,1233,202,1435
616f17d92e31ab8a73a4cf3cd531c12cde08d26c024b31bbe78831a2200d41dc,1118,213,1331
49251dee8f2fcbd9248463e3dc0aea466cb755e9115d83ccb0854f38ebdb9ed9,879,204,1083
70b6594f68b13cf7ffa00a41aaf028dfb97e57d36c765c26fbe155237ef37d73,1594,220,1814
ba52ae9ec9a7e6b57fc94b61d0c2c58ffecead998ecfa9c7e23781f27ec92d51,1404,648,2052
d01d9155ae5df0f97a5b400c0a3804b264fbd48dbdb2a34b70de3b8ea4900135,1435,205,1640
a8347b3d3a8b5643d896c44bef5c8b48bf53585f6886623c5272916a5f3feaca,1011,281,1292
79d670b3e46bacfbcec09dfce00d47578a581fa2ff7703f9e05ecc9ce49c3e47,1126,205,1331
304dcb1650a3e0bd0a35ee12d892c2734ef3e5cb6598b49320d4e6b175307fdc,2209,1374,3583
7eac9e609e440b0f2533aa3e8b9771d3114563d7268ae780aa3a5d8ef8ddb686,1009,215,1224
8f6450cc05bafef9c782cdc13199b52298299d098011e97a80a5d30d8566dfe8,921,209,1130
8e83cfc4c794a11a56ce235f79b95ea41f85fc4c19f77814039274dcb9359522,1013,222,1235
7ebce5cb542b644d0d8b1d46b2def8b35886a8e643d1f30d1145caa0d1af91be,959,371,1330
ddfd6d31abc7d2732a44a1303a94f5ea76ec7690229e7b1d02fd63412de07145,893,322,1215
e33cae0bc79ec41c2d1f449146ae343d0a25cea56b5817131310f143810733d8,1550,210,1760
73d7894bc338bbecf61471d1ef1fa14353c178896044d9dcddb879e7a9365ecd,946,202,1148
434de2c7b08ef631d438f0208281ea2015cf3219b96529b33ef01f270f149399,1991,1139,3130
6ba6cefc673cb1709ec2b20e6b6a4ddf9c1541a7b7a42aaa053ce3275348b0fd,1200,781,1981
56d4de0898540451abc830ca14a6dd84a3cc7d8000b473f866b62525ade9effd,932,439,1371
a0b71657d1eaee0f2ce8f561499c07e197900afd2221b359ca201f1c508d8252,2253,1002,3255
297b1c2587ee0bf9b2fab7077b7b333a4a54cd31f94b2926e9db478e82a265db,1083,1183,2266
7468665e66e1a88691b10abf3593ee5539bfdee834b62b48b741c4a4235c9f17,966,208,1174
d51d643115889a92417974da4018edc374b45209fc4f189a6cf5499ab12ad729,900,205,1105
8da28bff0225eddc975c5f7bfec6d33cfabe679328a3eb95a9a8f99245810162,967,208,1175
ded68483c4216ccd8e3ae39de64bfc19ca1bb040ee83f9c9f24b2e6f5e01dc4a,1097,766,1863
2fb8201ab999f5c478faececc1a8c8d7012118752cfe0e32346f58323a20d5a5,1014,202,1216
684fedb95892ffb2fafedc7979cca93026c36681fe4a2e7294eb97ed2286daf5,2356,661,3017
f416dcbc2db7bb845fa94e720ddc4e01bed8cfa51e9b14a4420f6e5291d2f3ac,2174,352,2526
09357b2c720ca6f2be473ac0cbaa3a41c636a5a34d2faee4c03c145975efb2da,1273,212,1485
f9edc0d23cdf2701bf3ae4f8410641bd324a17a22e18cc72863961a9bb1d5544,1109,619,1728
68fb9495f584e7d232b0253e2e3532d39c7315cacb76ffa27729e6a97837ac66,1068,209,1277
3853b217da185ae99ba22da876aa27c9790b3ef397bd727513200d5d0adda8be,944,213,1157
0098494aed31ab1afcca92a7f70351fbf8801cff62b618312423b46add6f671c,1296,350,1646
f54931545866a6c4ce818bd6ba9d1f73d5c42687ed67a43313fe9f58d686248c,2082,493,2575
dd928f076d34e48bf70e75ed43db7e5b7387c1b2f41bdc4f35f0da8a47b7ddce,1304,247,1551
040f997504025fa311c5dcd22ca1d464a6b6f48febccccd7e822536d99bb6215,1616,433,2049
591b1d143376dbe65164aa3de4045e65e6de813a22d33f206d5e7befd233a9f3,2181,756,2937
5c6a0fa4a37d4ff8564dfde32f671dbefa07fc2e9f35275a3e5bd5dfa1ca6963,1812,328,2140
74678fbdcf6985464ba667bca42759b8c2adff8af51b6c43cfb84a83f0fec5d0,2247,317,2564
8d0c34830eb7dcf038b8e7ae41fb6e28bfcdb142dcf1da5dbad05a1a4be414b4,2280,1287,3567
708e8e8ce499390c232f1e91848d6a21a65def68a673c550b290d4a575029751,1126,204,1330
f547fc197cf2757f5a0dc2e40acf8b05b500fa560bca1b2cccfb631bed67b4ae,1029,697,1726
26d9b06e14a86d36c6e08db65741d8c9fc868990103408091fe96c541228d92c,1111,214,1325
438b47f20120d9f30523bddc4b2527b05adf029d6d00475aab86e3483d027ec7,991,527,1518
e024c99540219411b31078496d99d6cdc97f7b73ec05f52cc4aff46bb02b72b2,1491,611,2102
e5124d2e5204cd7e3c6b94f3fa874483a13e00005e514f277dcd8d0c13cca4d3,884,216,1100
ec7daf00777e3b205689a0cf28d89b710d5a7ba58c137cfcff4ad4baaf5cb024,1157,208,1365
8dae365bd8800bf24aa999060a7784529dc1d757b25a541210aaa9b1228e4063,1286,267,1553
b6401686293d0eca31cdb7a942ad55ca290665c21dc33d6d87476da2cabb8b7b,958,210,1168
94f3f60e22276aa8c3cc52474e47119053a416b8c64e6e8131ca13b96e5716d4,1243,667,1910
d7817920935d55e35c48dcdb3af50a0cc8e0611871dffd89152f53412732958d,1999,715,2714
c3c739bc69394d5f46606ad68001580e04d13f58f98ea5f199cef0a3a04efb39,1617,866,2483
2082ce06c2089ccd22607fd40d97b14fae1db6cb8a12b7ad1ea88a5870d0182b,1083,179,1262
d16079028bbfefc2362ac393a6c60ca74c7dab1a75638d612d3e427b97c1403b,1045,201,1246
3a71cef7da291d5f2df190769c1e94e054fbc0e86195876279ce90ce97d79f1e,1112,7,1119
f4c055380ce469c2d2a8ea186e60c257ae108328662d66111b95a279b12646dd,927,220,1147
dd66e836aba981e25178f5f9b20045e8b3ce371ff9be086727f4134f09920199,1461,211,1672
312ebda44fa4daacef17c23274297e5217c46e7081769c0cbfde280792370b82,1254,283,1537
0de183aacb1d8adc415920f8281825e4bd9ac792a27e2559c617dcbe18c8fe5d,2091,455,2546
0958eba155270be9236f1439e251b7a3b312c24ba146c21fd0ddbb0e2ef3321d,1415,212,1627
dd437ec9ec64933d90a383ed13ca4acbd13f513f464682e47c19266f46ae7d34,1403,131,1534
057ffad74c8fc0889eee517e9061bf9c9ff8c15e0bc89cda8dd4bc65a70fed5a,958,283,1241
f5c30eae42e2416b8d2d6f8387f4760db1120ad12f28fffc6985dfe0979b0eaf,1058,209,1267
251066ee0b51e4eea9db96e0c5b0a549990e1a97f1a9ba0acc04b1471c5601b6,1513,369,1882
a1b9a577fe10ad1064b7b11f4d225e55e248eeb03e8576d8a49b7e23286fa682,1126,207,1333
93483ccfa9cfb609bf859050bbffa29c0b2fdacfac89026798567225fea19f35,1255,214,1469
fec3ab50267f2a740ab894d02564a56aea48c5da8ea962dfc8b814a86cdc7909,1269,280,1549
d787f4a35dad7a76db0a2eb62cd7ee173e08d4c557eb25fd371dc265b4472bb9,1031,207,1238
323e964e9b3f627cb4edeba7e9e2445355a6e47807e547c8ab5d1251d7e28770,1434,444,1878
157d0ed13fcaecd1e0fb25278b31dfbdd7d6f2adbbb2c3647cbf20251e4a35e3,1023,204,1227
c13fd816af9264e15fa5dcd70c51b05123599c1392b3831038eafb1297d0f1d0,966,226,1192
39542d93c9d3b326be625badc4e647b44d9adddb9b43cf2a8e6d0f8b5711d690,920,219,1139
abb700001b0fc48b81b2f16433818b0600331ec9768b7048a059e5b86db50b33,1280,217,1497
3f12de02263f0009b2f3ea7849acdedc56d1b20aa2923ecfd8d9b6e9927f6519,1379,614,1993
5071e33d5eaa63f50387c0300c86f1eb4830ab8984b09dd2964b7bf6a7a97d10,1017,208,1225
36fb5fe1ede901957c0944d1ea331cda5d9c8eacddb451ba9a96ec8e7a166d4f,1455,610,2065
3d1846a8b58a361b37cb51e819341f4d6f14af9e094b5c907ac81910e4496351,1672,540,2212
56aa7d0a3640f18dba739f06995a484d4051ef160b9b2a98ef58aa400f298aea,1159,323,1482
55bbb1c92e7e0751c2e76dc8309fcf17a9d85076a2f764e76bfef2c3d733d7cf,1533,861,2394
474a338e0510eed49965fb5bd2291744055be179b2d14b72d145337008e19971,1126,205,1331
3705f53d01b6e5172fa42c924d20f559c5db172839abee9091e454067d4f506b,1482,619,2101
04ac1e8299f2134fc01fc2d486ec0bcfd601e28c43d6e0152d521429528ecf32,955,203,1158
c428bd5a6a28d5cde18101e4323464d3c791794cb0e2beba5c0c57d8e3ced542,973,211,1184
c767cf027fd52532ef0ef02e605a8f7e7392043f12ec1615811d282ccf75a453,1068,205,1273
7d0e4674747d7d0579cb2f39f7d0ece98f468893b9a3d550b500984aff69da39,1120,210,1330
e10953c8cc6538e733f267c05078f6bb884fdc93f7dd1b53b235501cf9f2e867,1129,208,1337
1ed0f9d2b7ad5bcd66a6583b5332c2bd16cc12c3dbd2dcaf36bdfe7eb0be45fe,1311,210,1521
2085fe86d568237285fc05d7709dfe88f9b2b29e2a35b9d9f7019608e7301b2f,1064,580,1644
d918af01998e98fd38d400db44eaa62964babef242fd48d00623a30b748ee791,1055,208,1263
bb1cb99e4057ddea3465b77eae0e0b777111f017b9d744c675982cb5fefe45c2,1474,541,2015
dffe74bf29d0ed2299970e0559bddc040b6fb62e7e7c807cc7801d7773d6afac,2165,450,2615
0ffc0baa3a828e808e605fe28a2d26a05654e4522182a7e6df889aa396cb844d,1368,369,1737
934046622e613d5167525bea6ffce5bcfd73b42555e8479529e3e7c61e2bd754,978,213,1191
afe540e54ce6d219754e392d616b1b1cfc833301988003c0f05b93664899b866,1079,215,1294
89a8795093815e7a77d5fcdd4d5e2a032f61e64959b4a700935a1e4fc9f0cd41,1706,789,2495
79ce5fdc3b9621460829b4c67dddfee4c785c5d3941e62821a4376a9fddaf45d,1174,390,1564
fbc57181c8f5cabb6c5377732a056d3ceddf3841edca37541c09928da9ed8d69,1438,1271,2709
ca8804f86e3a96348ced47af01f8c5613a405f66623a5d00c0b774d1c5b8d60a,1517,290,1807
b551df99653a092e58f833170f1adeb4c2dbb8a9d34ff276596c5a50b35afa96,1126,205,1331
d608141b7d885aa005bcdd9408e6a40512a3daf449bdebb7ab045eda3b30d023,2223,439,2662
bff4ea198b85380dbd2bfdf9f1c3d8ceca37e1aecfa47cf16c54e6573e078c01,1584,204,1788
9e454dcb94ac1d2f9e3b1cbe62223931a1f5eb895beda31eacc53d03914ecf81,1410,291,1701
949ba52f17e16059e5a31dcb45596cee57b37523551248c861a0d8c30a73841d,1083,204,1287
9e63c85ecf74e8304cfeafa4bef9dcc419068c2921a6dd1cdf4d7f5c8269e2aa,1136,208,1344
93131e4612f37fae2128c240c96ab9a96ffeb7eddc1134725bec439817d228aa,1148,208,1356
82f601b5709bdb398eb570ae703ce3d1c65e229851e5292ff297b2e5e8b65860,1199,689,1888
9781d247e8d48e8211728ace0827ca385177236b722e19db08f05135a0fc4aa8,1032,431,1463
ece400716e0efa2e6f76ee975a7fdb263ef3e17f4bdd8354ab3d01567f9f544a,1021,624,1645
8e34f78bc0cef5fc4a1413736d6144da8aaaefee9f5f96ecf57627d5eb23276b,2351,932,3283
44d8d62ba0649e5bd488fd30b41e0630b0fe6cff5006b6b22e69fee195f1c6c3,1120,207,1327
13a7b821c4a01ba1a7d69caca5e3074c809a7192ccfde4d6b50d8a26e01ab663,1168,207,1375
342857e219b750fb61625ef2e15d4d5591308533ffdf0f49c3767c624a24fa34,1290,358,1648
4611bd6293d7b6761ff604d026af2d4f76405086059f349d5d8c2be89e7ad98b,1039,208,1247
25e576f177b2916cac288d1df9bf5b15944d3861812c75138051ae5657740fa9,1095,457,1552
86654871dbf49ba534922ac286b5a7e926b1c7d4b14b469ff258d9dd4a583419,1180,1128,2308
71996009f1013bdba1e35e670b2078cb7be3ca7c31a2e0f68cfd26c52461b2b9,1627,822,2449
909de3a95280a8467cb6b59c5fe380c0565f57cd20a86ecc01c1d8c667345611,1458,280,1738
9dbc8daf823efb018f1e65b17d8fd9258dffd2131aa54221fd018ea7d20755fd,1246,428,1674
9bc01d6b0c818ce66e4fbab79310c3ed37b152888e7bbd30217ea87df6f7d524,1516,212,1728
a88895e3e5e352cbbcb1ee6ebbfb35cdf79db53e1b7ff52f929c8cdad201fe39,1181,609,1790
e44f54e3075727bcc81c26b0c66c3c18bdd8587754b1b512a7f2dc6df06a2e07,2157,664,2821
06c86860a044e210cd707741a1e666b00740b55dc7f881e3aa4c7c7a5417f528,1087,216,1303
90caaba2d990e05f47b1cdc813a0cd4e7bea1696c35eb9b5b14f3fbd6f62eb33,1057,246,1303
1521b2adeb4d1bbc211d90c651c98e59db89f107b097d695431a3279cb82cd55,1126,205,1331
e2baba3ffaa5f27c0142c79de077ef27ef5dca4a621da4b95b8c03e0650422e1,902,290,1192
5636dd44b14f2b49062520e6184ab9599f4aff22cf717f2e72655cbbaa22a76b,1105,289,1394
9430413402a6fb53d244a56e61d48281df09af9552cfb64d2d1f6574444ce096,1671,318,1989
0912a07db039382e7e72a787c7c5dfc09e2cd2b4de835be0105a0304fecc69d5,1132,212,1344
d313b4d9ff3b5ff5be4d409f05560a39542cbc9deccba7f064510dfdc0fc69b3,944,208,1152
7d2724ba3020ef9bf7a34c9eac0af86ecc0e7e389ea812906df412079bda7a64,2267,1534,3801
adbbd51675080a41cd4f94a897afdab95e0a73687e8470b74fa8791268cb81ed,1119,201,1320
9a4a5b8ff7c5f20236d38b32b76e1d4881bd68f2a704bd9b4ecedfbec4412d9a,1115,213,1328
cb10ffa0787b108a9fbf8006fe1024ff48f7038994276fc8b60c3a608b047f2c,1058,216,1274
7f0c7dad9bf311c1e604582efd25b655661968c23127b4a36c84c9b1fbd024d1,1163,310,1473
519943f5b4208904c420bb61eacd973ad9acd1b4da1dc97c8910e8cce43b6fe7,1343,524,1867
9f45ca789332a7b5c8aa4bac9c1a26ddfb1fcc20d584a798b1286bcf58c9e2be,1266,214,1480
e82593952f54796a3ef3b36f7cf3ca2b925a7320fca651b07aab2bc749bcf537,1162,214,1376
be4ef6f1a9719ba670cd72acab4ea921846bbe45b016bed298c4b3a547e3c827,1124,205,1329
84f3a9cc09f97a3f47c0f9cc946084d2c5be1aec11c0b3daca37ff1265fe752e,1233,448,1681
078fd5c68c3c85b4a009189eb6eec9c52fbd861e39b7f9a17ed978508b9731f5,1216,201,1417
f427be920c8fadfca0f932672f23ee9a2ca7f8d742e0be3b39a8704fe8152705,881,203,1084
df78d4b6a64986ebc83acd54bdf7c363b52bc3d09ffaa8dba0f31aa0d7728752,1323,295,1618
99a34717da9e867c7ec47deb76707c1528233e7c41306c97387a7fcb5486c1d0,1385,427,1812
b06a26c901c4fe1c33c39356390c9d7ee285bbf79de33977f91c21f0779d5310,1160,360,1520
3da0745b0024377475d145c34a6ca824e99fc9d22a87ce45e6bd2d2be573950c,2120,559,2679
fae3c457a64f3d99991dd20df3451451dfd64c4b5a73da5ea00141c29c1295af,1301,201,1502
2bde8e9e91a054fab2430438957478d91c6b06b76af5674006e195818a84eed0,1109,375,1484
bcb3c0a2ca144ea2e3feaf30558d02c2a6bd6dea6e914a81ecb2be3765a46103,1032,256,1288
14b1288a37a563ccd97126f6eaf2b8db1771dbf7cf6030965cd21b2ccbab5645,1047,216,1263
f09de8460243ed7cb0bb3b8caa73959d4e7debf630a930ce378b61c5bfe90deb,906,296,1202
a275e3526e17893b0642417c395a244693b493da830c3cea04254ceb2a7da786,1096,319,1415
a799dae1a54101f4c2f56677dc1782df67194b252e09e6b449c368371fb36892,1258,213,1471
d50e335d444b21ca1c24f896fd26479aecc693b01fe1d740751ca619f3df1fe2,1380,464,1844
65229d47b7b9e3b298bdcfa651a28d47e67e537f96ca6445608b7e4d596fd568,1152,323,1475
e2428a0871dc48b9ec5af11a4b90159d7d9df60bf91848827d79c86700e808fd,2263,546,2809
31797b9b21ab15ebcdfa2f69a7848aa3e7e0d49df479e9fd322ec587ce180cf4,1215,361,1576
e7d327ee910e78ae6001e788ba2af3bdd7226bc77a1755a7d99701e0011442b3,1085,212,1297
36c183500c1913e5801fd09139f609881abf9612003af66d38d3deb223e5e150,1371,389,1760
50b8005a966dffcd4b04d1773a42cb57f5456ee007bed3c673c69bf15b8327c9,1052,369,1421
74a503c26a52194c8a4c7f4fb4bccabd8228e2fcc49c6d5c5796a4a9a5bd294e,1282,523,1805
848e2da6c19ec45409008e59d80e16ec2c2c89383971c8321af90d3d18380b02,1337,293,1630
2a9f6128fa35d7e0ea8e77732b735ff45fca0ca22c6d311134d32ab91795ce71,2054,830,2884
13bc5051e5f1e2d783a7296094ae6feb91cf6b1cf3403fd61bb04c7c030c15c1,1103,290,1393
ab566186507cd60af3d290ea580355d16e37f2f704ce61cc71b620e6689e60be,2131,549,2680
5a0f18db433ef59ea12471e5545027d913478fc531ff8a1435c08498f55cc277,967,311,1278
97983ae2549f05c59b0b4658e6a7f68b1d3602b106c691bd27f053e1e71a1775,1460,201,1661
200089c872b969ebfd63cc1bfbc611ad6e32492efd162b8bd5d439e36cf1f01f,1124,205,1329
33e804a821aec7a3622f3e88fbd0b877b2cf3fd5e2b7b3cf691032461cb04e1a,1723,550,2273
046df2c3b43d1759268ac5a0c3ac04b259f978e7bd2f3633491bb419d54cf666,1286,216,1502
bf569a5e19cf2bdbfb612dd4cdb3d9c0e79acd4914c905e2338f6c2db41df1b8,1120,803,1923
151c1aec2c56d0ec4cadac13fd117bda47cc96d18159d6c8ad9a3fa20302cc8d,1265,283,1548
c4dc454b1c53276e983f65ab0b6e4eb49c4652450ca72d192e09413ee86baafc,932,369,1301
a85cc450db03ce4f34af1ecbbf660fbf6a9a3daf09578cda8fc44d5dfd27cda8,1203,205,1408
84588e57cb3c3aebbdce83f6d5cba366a88e0de809ecc8639aeac1e3c816b0ae,1383,671,2054
b9ab6838e17421b379b0a42448e226d7feeb3457a94cb619d16f32d6152f87f2,1178,215,1393
da4dd9ad58201b154b44cefe5d5f8be3ac5e79bb39b74bc99c049d5ae9ee8676,1034,283,1317
d6c192006c17b1e72579ba421d795aab00ae8cbce2e275c4bc033c362853a246,1049,265,1314
ae3844116755ed6298d8e9f261e817ebb47f54bd83e95c25c5c98c33395daed2,1119,691,1810
920f1d50c263e1fb0cc168a4a186133eabd95349d940b4b03a1b0db806db3c28,1258,525,1783
d9be25c2fd3758082b0b5f5bb4ca0e59afadc8bc4a2928dc31476df252cbbbe2,922,210,1132
7558b459574df190558a434ff602f53af75658e2c683ed4da426ad3c3c5e853e,986,215,1201
7ee57f4a1664f10c03f5c768fbbd6bd868295d24ea3306de875e8e31a7d04b1d,971,210,1181
7659defd42a9d9e75546c3ce591b0664089409970fe82d9f9f5d74b3119c6472,1125,213,1338
b5bdfa99cbdbf7eae22dd3d2a6729bb48a7ce3f6cbf058111d1d174dd4128e97,1182,425,1607
a14905fe6fc1f4b4017ccf267808182c18f913bc47ddca1d7d11506c80ec09b1,1245,291,1536
b1175a4b5109c1cbba4ecccb72eb8e754d37c6c2a434387f506ecf1d50fdb797,973,212,1185
9420d1fff7e5ae4accaa28647842004d27d20dfe37737de5109a48e07d1fd5d8,1015,215,1230
b5a39ed9a82b7de4c938d476cbe61f0d9a16a6d851388411b2eeff6b94ba71d5,1052,214,1266
30db330f4e203395077b390f881d6046b954645b1f3f2d12a370f1414a621460,1414,310,1724
a2a569ac68b63763df9b27b3e47e3edfa122d7db9c1dfd503c45e8c6512f402c,959,289,1248
43c2469eb3ce626b06b0b507d6027a0ca464cd83084060d1d1097455496f36a3,1438,214,1652
4eaf35413fc8afdc4f7744eac11765a83efcec26a9d354cc2dd9152fdc7c3120,1668,441,2109
885237f68eeb7a64b4aafee323db02fa812059edb88057d322a0f44e1d7e8ea0,1057,342,1399
a937eae1800267419c8dfce74cb9d1cfc7f61fe288c794de1f3a21678fb5f7a5,1005,301,1306
6e2248a6d066270c124c12d066a1ebe2547ffc7cbfd6a17111451becb8f2e58c,2355,1034,3389
0d8e069dcf869e5af8aa9615545a471264d801f6a1b7260d410dd69ee1c3ed15,1124,207,1331
6265d88801b2438d5c122e9b50cf788a311576ad403b3e8b5620240d9f7cc1b6,1398,209,1607
b95c1fa0f4b38c140449055ff20a7925ed6f98ce936500601e7eb4ca937facda,986,209,1195
fd04dd3a912c5c160d8ef1a5559812ea5b0778703d51884675bf5fda6a73167c,1144,200,1344
bc17add7d6b842e75ddddbe7603809247d4123d4bb47c7de12eb64cd3692a313,1055,283,1338
1e1c2b6a8a936a111cb585ee318b73aa0dc5e8685ccf8328a8602d0ef2f98078,1022,281,1303
55471ba7d5b837c0e469089449c904017fa3094820e85e7fe99ef55504c1c912,1087,300,1387
0d0706812584e99d8142455aa6b18d68b7179bf65191fc47dce74184c1987d1c,1192,319,1511
78dc40ee822fa2e0509316946a33aa24096fd1b70862b215d3a5a60872430913,1106,216,1322
2623bea6da5dd557ad9470a69a1597f59eba872557ec40d958730995cd4bb323,923,297,1220
2f3f118e05438f53050c4076d9426f497f094c7e0e1b752392153d3fe3e21fc5,1384,381,1765
9115152950d20a0ec48bdfb00abdb1cbe154d074f70f4c8056439d639fa9f0b7,1039,206,1245
d09d846ef880d8a07489def5cb020574e8954018a6d9ec72a5faf71044b25fa0,1359,288,1647
88306b4cabdbeffe988d494e1d9fa492479499dcf06ed683cfa49811462e0a8b,1050,209,1259
a41e3f263fba281220e287c1fe537d198bef6cc2fc279331e19b1dcfd7a2865f,2267,947,3214
71b71feb9778cae71819831da7a1dea4d136d1762a3273b3c431b595d27141ee,1217,212,1429
5b774b5709aaac4e9454339a4913bfe47c5912e5f7a38beffc84bf920b2d3b02,1086,208,1294
022f0ce2ddaed6a41f307f2fe24f702329e20758838f49f493e1b5075928f080,1505,233,1738
57dd1310e721cd65e8ef39a16b7b780d66e8be5bc114073db7ebeee73af65afe,1486,523,2009
6d4dba29a4629e550fde8fad223400db8ce5336fe1b3f40115308f4f5b5d101f,1034,287,1321
5337d776e641bf4dd234eb56502e4b56ad92b7a7f570eb177196300040752999,1066,375,1441
25866e2eb8bb9ef13637fac8ad9196363cd65be544af691545a808e063e5feb4,1906,428,2334
b9bca5fa89f7549b8d8503d109d458f5c9f9ce2fca1fa156c9b46a705d96631d,2269,312,2581
7a90cb909aa9a388ba19ede1fd99cb10182e2158c1fc0d556c09d221c18dd8f5,988,290,1278
b5c68138e4347752479830f861210bf1d9a942136c10a0ce7245eb7a784a859e,1068,208,1276
3eb0c40a007311b12688d38545083b471efcae0e982f4935276a01e21d9f6347,968,283,1251
f790e3482c9177a852ccace12601196db2a97e67c13c906f88723f64c02c512a,1124,205,1329
b073075c2ffc0fb6df835f80989b68c60409bf3990a594f1ca76446516c42492,1028,466,1494
3257eb7fa1a70bbe7e23c039d0aa0149714444232ed4e9f87c393ffd293a9edc,1082,374,1456
9d42192b679f4f500b01b0353a4cfc95a4f8e5ee2aa7f48dbabf5fb0841e4ec8,2279,668,2947
af964fdcfe0c9faa92f28db6e605ac44805cafd903ca5bf97ea90e0eaff16cee,988,205,1193
ef7fe109c5dd05f22299b8865b34832f4f2b906bfaf93859e5d648ed401c2ad5,924,214,1138
7bd8ed38d96a4f892fe1e0a3dc402297d4b496bb2a9edd370a53ce9d187c6ab7,1137,212,1349
4b2912b36dfe308bfa475b238540b460a6cb9916ed936db3daf183669f07e794,1188,445,1633
535f51b9b9964cccfd7edfd29d7017a4e39117a0c8c6a93e1d3cdf33d98b4917,948,298,1246
5bfb9029dee7240106f877f53436e92b143f17160e21c5adda3e0d18e8d968be,1060,221,1281
2668118e25f14cf60e531e92dc3e686458bb78a70642ceeced36231489842817,925,299,1224
73010aeb9650ee080f1cc7b0aed5badbc6fc42ca62a1450b8318b5e48014c7fe,2064,1419,3483
6b6a76e7e7ca539e4625e006c8ceb0b82773f95d2f2366e9e1dc0e10d4b0ddf5,1467,208,1675
c0e010f35efbfaa92aea021f3b715c72c1dacc4b46cdcb302b24646ce9cf1908,1105,472,1577
850c740687924f9adc18e4412ee339814f18f9eeae6a4ecde530e45c5a5c7329,976,210,1186
148351bd001f3c73f9854e6416c3a2302b6bd513e4eac7a53157cf42eb565016,2099,581,2680
d4e96187595c6c85d9f5c2285f3017dd78826bf2fccd850e5087b9056c5eeab3,965,215,1180
89b14b897fe41984dbca0f45dcaaf1c7631efc51cead10f2eab487d636ee87cc,1035,300,1335
f1bcb37342caea7f8f312cd130539336255285399a1202e33014122e07101619,1105,212,1317
b0ad7a9c8c505bab0d6ba304b0a0054acb5c46c310b6b03b5385f739a24e7827,1220,289,1509
4f142a052231d8f3a596bdf9ecea156985d1ffa552d4b3d41fd7aff11ad7eed2,1047,295,1342
405fbc299b5023b5b21b3eecd8b8db0246006a794639ce42910c4d6cf6a37b0e,1218,299,1517
c7407fb5366ed6d769aaef394ae1dc06186e1266a6c1dfa0511c4e3a2a13ddb8,1282,312,1594
51062d692eda8b7c207713fbdf543a7e4504964e071a6825b578424af1a1a8c9,1089,845,1934
ddd84df93633ac6b508c85b28d6998c2a14595a2c6764805670763f985d7440d,1392,451,1843
5a07812d03d8b25a26e9805225bdef09de68ee2a2524558d71fe90eeaadc3f3c,1100,393,1493
65e194fe9ef0f17bd493042953656a28e63468491b1ac0140875527a97278578,1351,213,1564
0f2ae9898e20fc3445c46f589e829a74779d0bd4a3fdf4c54e30e0161cc7d28d,1009,299,1308
30864e8be06c668a9c6f319aab8bbc4d9457b32880dd2b9a2628bcfc18d140d4,1258,287,1545
f9453a68d2f720f2199253421b8fd58c9a3af3a0de6c7893af97afa9020a678f,1115,213,1328
8dea6ab596b83395017676ba46aeac6abde9a2006b945200e7bbc73117e42140,1153,204,1357
a666dee8afe69f7f63296d89d6a1c86a7490ee26e6af258161b4ea18fa98a60f,965,213,1178
2cad39da180a9c7725066003778c47b9e32f456dd102e6fe75f4cd00bb03630f,1124,205,1329
ce43b3bbdbd08a77199b986cdb1fc00eb41997d8071ce17dd631007584c21bfe,1238,214,1452
6c9b60c5103a000997057ee814f8eb5d834510defd20d4abd139906a8c19282a,961,214,1175
be7ac25a7b8f6d8010f3c6e54f6029535fa3b8ac6452ac724e53920d0917cc8d,1322,218,1540
83fff48e208c20987c546e24816070ab04ca15f8420a63ad4236f7520c8fd67a,1215,325,1540
76aa520c35c4f46053babc80a72159ca954f03b347ea5514930cee41ad24cdf6,1257,290,1547
2599422a31d67495569233b8d6271c5c4fb4d19e6d7fca0ded22edd1369d60c3,992,200,1192
f9520d682b1bc49bb07fa1cf314c48097f202d5833e26c16366033831a06af55,1069,372,1441
f8d5ebd0652639d9588cf55b734c8d83672973625d88ac8fc91b4caa9259dcaf,1006,218,1224
7f7860e26ae4d8ae653bb27692ecb5244c201c940fda0ebf1527fe4f5cf4db44,1382,456,1838
2892fc4ac861013dd4d30dc9d9b063938f0c123d884a13b50e3946d448f8b481,933,375,1308
8a89bd6842a59d06db5a8bea447fe9e92b0229a63fbef8e8e6dd33e23260d761,2263,1586,3849
7ed4ebd8e4b03b87a59d023ca155cd63233e80f7d66f477b783a05944b91be1d,948,213,1161
35e60f410266aee0c20d2819a0cdf5cf651bc7b8ded3357c0a3be209c8a739de,1174,213,1387
2f4cbb30c542cd6469052204330229957143a9ca56069d4c0e7aa8f61b964a21,1312,287,1599
a58d263a11e5f3f4a40d2853ef0eadf32c4d78c290074d5d09ad49970dbf25e2,1125,201,1326
a4b495905aeb0e73a48df00014098f29119a49389071192b13ead75a6a1c35f6,1092,366,1458
5131d6de24642efa41073d46eca1de627e99763288f56af99bf88ba49ee78176,1023,213,1236
b3eba1698020b7a2d6e5b5dd7e2234923227adb069e9ad580146f0f2bde05410,884,284,1168
2a931cf12b7311e1de7ae5658a1903645c04f26a87da96918ca62aa69d9a2c31,994,204,1198
eb07e1f3731cdf6f345683a09a8cc99a0afcc9543bfab708378cb5becb6e3123,1124,205,1329
1302cc5a3275e9f1b6a46d63333b002aa212cbec703bb84036ef4400f5f436a8,1419,213,1632
e6c2b9c4da0e5d1592377255c9e298fee0da2f18f94cfb452a5ca7f3a36a298d,1037,208,1245
f850e37d2689ce56b33da7ce6fafacae55f715732cdcdf75915639562e939f6f,1428,605,2033
110a6f3472b90fb2db0083a7c263da6d03fc7ea831721597313dc411f8062326,1276,316,1592
8c34575a049ae2aa3903f071dbd508d37f5f179d835c7fd710cd26fa6ad73b4f,1045,526,1571
31f37865f4c472fa028ce570da2251b2d80c3ad6e4669198e3bf4e993bd73de2,1007,214,1221
ec7c6fe02989ae6cc0f71f176c04b9a5b81f02fd80fdf4eb3de978bd63f9a07b,955,208,1163
467b10624726f2e28cd689d516778168d2ec562b6458e39883083c17238a8c6f,1117,211,1328
7c325b9fee30e2a2f5ea33a7d1b3924dd38e882c9c7f8b5cad48fed999ef59b3,1007,297,1304
e0a918335f090ca880474bd5e3eada53cc96f43654090ff2dffbbf7f1df25773,1177,210,1387
d171264ab853abe19b9a056e8a8ffced43d00bde5ad954a581a7ae5ece07bc56,2316,880,3196
483efbfd02d358bcb50a8cb2d90747cab475ce6805788522a6e4baa7d08df1e8,1290,548,1838
7ad972d66ca640f328bc342e61282f51cc6144bf755f90e4df6c72b5e765debe,1538,204,1742
2199021f5a7fb19f3edb6c514b27d888369bfffce9b5d385d87aadc1b14254ae,1202,207,1409
d86b351d2989b231c0af54e2c99981de297b5228861b4e94d60fac0c72990606,1050,605,1655
e23a5feadfabc6c89f0b0ed253400d87b254da76e0799ab56fa1ed60adc418e8,1518,285,1803
4029ce0e05cd9ae0e0c01fc1acf6b4cb9227e012c1a4a0c759af63f330c0c7e0,1403,459,1862
ca30ccdc69735408910881624e20085794ff18e396dc975f08ea3a24e59076ed,1287,208,1495
c1e35d54ad1a744c8c326712a9b58e1931b8dd1c181cd496e86326f4fcf2f9c6,1086,137,1223
b41434f126ca735207322fe7d746cd8615714399cfaf6713848b75a85f927787,994,208,1202
97cbe7b6a7148445e3163e4ca5b5f5ab0496079a272a4c9a84b6346da044e46c,1922,848,2770
d719b3fc5a59de5f1fa3938d49d7ffeca06a67c785be6cc7723f583a0a7a1643,1359,296,1655
696c6ebbcf4d384bd1cf12ef959c33f6129e12a1e77460030cc3466b7c1528d4,2101,651,2752
3abd6dd92eb7e13cff7978071e8887c4fc504db6a5d718771b4db3a289d764b8,979,209,1188
e4965b8387fe4527cd6d7bb6c5d43f1e6c84eb3f6a69d8cbc74a66aba878eec2,1392,212,1604
cbc42344e1bc43e0cee5bff1f17b10b4cca072cc1e4f55ca49816970747c1701,1035,204,1239
6267aa126f4c4da3d8f9f6949116f4ea1dfafb2589cb24a2cea77e29359462d3,973,210,1183
e4bd93d9d8a11774ff8e25278816ceb6bb534f9b7cd83e8179c5a80b8783c723,1366,214,1580
0298ac30dbbb4f4ce9e580860d04de9559e65b396f44a57391474c19a8ebbe37,1115,207,1322
9fc3b4bc3c63c08d2c587b372181fd1bb768163aaa4b8e32ac9bbab6cd08dc40,1117,298,1415
b44910c731be61e4093e75e9aaf927133816a908461b3591ae5e3c8d6e070681,972,201,1173
3f924bcead21b5de3190150c3580f9f542c5c967da3450380f46d860f9af64cc,1124,205,1329
a66b4546d09960bb670d28716d0bebc5176f64ae1dca7f373973077fe74d9d32,1024,370,1394
5b5ac276c8a0242df2710847ea79eb4dd1e10fa2054464d361aee3b7bebda506,985,286,1271
608bd6f6c80d01f244282735ccc0fd4a46902d25a40552e34a3aeab2e1cf9d0d,1020,218,1238
328322ddc4453e93e6fb51166673dec5670b9b82cc3e421956118a5f5ba8d3d4,1303,210,1513
0fdbd1c0c095e28a4ee58d2d1f2263497e28b82dc16a2395e5a1b2a13c5a1df1,1234,383,1617
d7df611550eeb561509da0953a277bf97a13b94c1e5d47d75c9738d2599bbcfc,1238,215,1453
558cd6298579477fea72e6d8036fd046641e5a798ecdf3db4daff644d7733323,914,209,1123
32a3cf3a3e3a6e913b125f227bdde143f88a37c116cec4605a4a266271fdd5fe,983,205,1188
a734eb8fb42da92ce68e78c621c7315aa38b95ab9746b7c30ce1338d44fc5af5,1402,286,1688
cb4af4ad58e7bc00cb82fa5bd337084fb4bb31776cc14e74449fd3d2563ff2c6,1542,220,1762
74c2a269bdc7140678890ec1f19b6ff047d3e9386870d88f2d1e4ba0ec364bea,1110,282,1392
1bef72bbd6609b91fc770dfdca5b2f31c3f16957b1fe4cc9a97b3247117ae4ee,2258,347,2605
d056235f39d405548f3f20d16fa02d9d68eb735760f749f75c842fccb3be7b98,1002,201,1203
85c13a982fb4f1e7d17766218fea9274f62ffd5ccfc7f8e57307ca241b15fadb,1391,339,1730
56431b20d262b869acb826bf56686645ed771c07fdc359824f52bee02ef9cbdb,1440,219,1659
87ae210e0041ff33f4faa75e33e85fd9ec36a7cfbe47b68b8de4e4866dc75918,1277,214,1491
9bedee2d665113a0d313d0c8c0881b0eaad59c20d37de0774576d5ace7c03ea0,1207,203,1410
52969c09bcd2676032f35be2c6b624ae4513fd892a5df58af8c5675e145a4de3,1124,309,1433
9169e5ae1ae44504ba2a537bc09e63b539e19be8572fa50597ceadff67939075,1268,212,1480
8b75d044ce09ccfe4e16170f8588bae824b6edf2955093fb81b27c12ee380f0c,1676,554,2230
d9263c0e15fa4e7b1465564df76475d834ca37a8d6f6f96001c72c5622829dfe,1313,215,1528
f0790377878d8f6a26913a3485ccd19445f6714ffae6973b0d1d4e285d01d372,917,211,1128
e43fd4c7fc5872fbd6f8433602d4f23e62361aeedab1a41d4dc4a551768581da,1490,290,1780
5460378c5dcdd6b07cee7153af1f1904bd6e4c683c058de12643758bc6a868ca,2241,436,2677
1461b6d6678ee95e3f123c9ce7d7b073cae4c639ffa8a7cd3c0adcd37d45c663,923,205,1128
cae628b76d75d3e72f80c11ee46741a1f4ef28cc97055e90e3e30a84eada216c,1062,209,1271
4b60bf09b40ccd5657a2b9ff5b3d4994903f95d989097e1ca9f02cc7b78333dd,1464,615,2079
1e46baa0af4ca3b17678a60d2b7b85666bad215c728ca17875d230d28f818d28,1425,289,1714
3c20f24b1c59055f16e9d785ae019af50a08f7c8a4e3c600fee48e9e36d87bb8,966,217,1183
3285043aede99f40c2cb6b96881f7a295a5e05029ca73fe2536a808aff1dfc0e,2017,564,2581
cec6103972575cfe81365bddff7be769f96fb1ad76c6f4e17eed1878e98c7307,1124,210,1334
b6ef64c06d21fb7b19c73113a8bd974830a313ffd420f0c08d61aa17a37b16ab,1459,425,1884
88877f323a1ee83bebd6c684b52f3be5efc5616adaa9afe668e0aa59991c4146,1048,209,1257
22972004a128d6eed6143e11c66b9814a1fd8d0bc99a1954887643aac315cb6e,2243,1174,3417
129507b7650076cdfe72935e5e74988f7c3295ab3438c8a84e5bdeda173b0138,956,219,1175
b1291193e73b5e0383e368dabd1014bcc8b2357fd578aafc801f918ef390c60a,1196,206,1402
25ae50cd2480470c7ce654202fbcb1280acd82255ab791b52b297ba4665474eb,1163,355,1518
49f0a3d925ad924060decb06bb5f220521232444171727a0101384bcbfb78524,2165,884,3049
407034c12dd7f9a825aab92623b365b79ba2a0489cd30959757a16aeddcf1773,1392,222,1614
a06f06ce61740af60e1709d99c0debe899f0c8f8a9b2f908bf4ce8d5793c1fa6,1405,514,1919
adc1bc8ac3c39bb80336be10cda627dee43cb686c75060220f18829a3f49b1ae,1048,205,1253
9cf1137be8a4baa22f728d61e692bfcb690bb679fd658b256b3e4973ac1507d9,1972,1192,3164
737fc8cc1095f1ae9797f40cf8ed3f9de99aa087b10a1720d9ca82dc8ec910d0,2297,468,2765
221748ef9076c90c11f5d80dc377a6a29d182515b1687d61c563f41cbd987e19,1121,285,1406
d83a31d7f052426e9f1a97ff0d6106b093c866255736257044cb43102a88f6fa,1317,211,1528
8df5341c74ef3c518fa2c1c094110bad312b328fc5a2ddb5d2cdaa30c07efd51,1213,317,1530
80ab7fe6a4a16391f7b2198793ee8b4445a3e4735f9fdeee9b7b8b9b2ab342b1,930,201,1131
a6a040e3b1211c356823fe142902fb94d16ac6174f09b184bae4f6112809aab4,1227,213,1440
52225e36b46c337989ae01c0ba69f66cfb686ee5a48e40e6e4b9124e2e5ee562,1212,217,1429
ffb768c190355cf316ec0bfe2a0a4529782d536165c1f5ea728b25270b3f7f46,2322,1130,3452
3bb2ed850ee35552afd2f46b2517b5f462736fb25d7ef676849fea8fde2bd2de,1261,871,2132
2c2d7f71a0ca941299e7552de4fa950641b24153bac638aeddc2f16f1cde8dd1,1085,200,1285
fc3251644edb352c81041fe24c0804b8c3000cdafa3ae9663b9b5cc30054c7ab,1230,205,1435
c74e94056a528cccca30984383efccc42396463b451712b0c2dd52658e43c577,1773,996,2769
f6f99a471b992318f2470f77bdfcc2fcc79c5797c99425b23befa2441c88b207,1151,682,1833
8fea9ce268758d7b8664b8cea7eaa22756679d752bbd92ab7843ee4b8d6d6bd9,1011,230,1241
0a925a708e3c6c633dbfbe84e827180ba1c453caaf2cf35c3cd154677fc2275a,1087,430,1517
c40ab0c9e6a235a25d30d3af031b8696890d7eb29e0d1e0a48a575d9564fcdff,1206,427,1633
1e69fa04205a5cd2f850c60943b411a7cf5d5da985828dd4fde0f00b32fa78c0,1253,1135,2388
db21b065934d8eb5ca0711797dbf9d85ed7d4514f94c85dd9b7766048bc0db4f,2396,886,3282
81fd375493313d42e4b1577eee7df9c17c1b1b04149179101f5c9c0ddadbe35f,2367,1109,3476
3bea1eb56722a2c6837b293efe8af8e8a9df9b9a2521a48a340b915b7b47d72d,2253,994,3247
