id,prompt_tokens,completion_tokens,total_tokens
db11beb8d5fb0a3be4f88c121e77b37c1ddc7b878ab3012fad43b2be7a6e344c,1139,211,1350
5b45a55f4db29aed2db8fdd0545c4c7a00de90342f2069c0e9666ed994847ac1,1426,221,1647
e1e341c0648f50a5ab62df4e82717ecb84ca34fc0170ec909379f9b5e5fb514f,1126,204,1330
88de8a9e5bc828c3a00337e0e30dbeae8fa510b41c578bd15c4defd134c0f277,1052,214,1266
3c33f11f80b6e6cdb73b8055e6410d652782434a23fb34a6402da5b8914442bc,1022,202,1224
b312313f185186eed88b0358e2e433cd5d79885d6f1248277a8d595431b7026a,1303,219,1522
4c5197b521561f7ee7c3c8ebd2e523b9fe5ae0e080d1ef4023cfc578760c91c6,947,224,1171
a346f2dcae0af467535a61a35ef5340e8d4c01f3f2fbe9b38897fb1796e906ca,1377,207,1584
c9d924a7c38676123ba9a303b04ba10f87cd0976ea01595b62b5c92f9f6d50e7,1144,220,1364
561c504ffc8b18cdd6f7edd64848de2508cb43decab0da8349020b44f83168c0,1195,302,1497
5851839207086c750e99bb3c7a57b8da116844993ea9887070d493daa44df8f7,1117,211,1328
2f29e41a303e52a7ea3865f0f1aad910dca36664bd47b2c6684f8df3efc7c13f,1126,205,1331
7e67013f4758b16de83a9f52f950aad23a524394c245be6d930a26af9a5c6d4f,932,215,1147
a2c334d7d4c4195e587be6ad9584eb8c64f996b448f6f74b944016a38f56a97e,1117,210,1327
f497b8446d41f49be6e4c3f2d53d09d2b548e412a01896787b1e04ca4262a4ec,1229,217,1446
c5328f6341a66bc72066c357680d4ed99beaf6e8b94e4d0a6461bc25693a2a42,1126,309,1435
283f10f625fceccfc91284b1f2b574208a522084fa4aa53ea44df1a1dbe48ea1,1168,212,1380
b332be28c4b0f6b88dbac3380d6c9351a6de3b765afdd570d168505444208d3a,1490,207,1697
1796d889effb61b8967ebe31dd36c34fa0cb9b95bc272a7dfae777ed3ecdc634,1126,205,1331
b7e12467ef214a88c069ca99984a247aee791928f9e65bd2bb0daa3ad744d8a7,1118,211,1329
758078d32fe13b1bcf565d7546d2f9b06c34cd7c5e422704cfd5b69c68f34e91,1126,205,1331
48503f0643ab444c334e107c9a2d662339b416557f4f3f99fccf7b06c4370948,1130,224,1354
6ddbdd37a0949dbde34f10e9e41336a34dd71d0cfe9efecb9693c01230ce92cd,1428,205,1633
b00de08f9d3dfa12ca211388a36b54b34534a3695a3d47225193f144a5799a78,1225,220,1445
cc82d4ab6e485f2eec24ef64ed34312d9f272e58e2322904a83dd70103bf1598,1200,751,1951
844abe8ee0ab4c8e2c21e558d251c9555ed56b1cdc77a128ff3dd1966e14891d,2157,316,2473
32b056a95ca335a744c9ee856ab135ea28e4b532321b02b995718371e85fa615,2001,744,2745
793ec08341be3a5d2407d911e46595cf7b7649e15d700c4e33e39103884db125,1255,865,2120
cfe4b75d4336013a39f173500ce75e3cb70d2092ba2d6c92cd3bbd11c9ba8e89,1220,201,1421
c966284998b0ebf2a72cf32db60cac03b7f29865b865e2b708a7a0ca4e660837,1275,426,1701
02e06e398d809e77a73808ee31af2a553bb249c14d4d9fbe46fedb60fee698b6,1417,614,2031
37a65daedcd99298f3e8bf73d0ad94de4308253afe90040eb347101baa834bc6,1465,447,1912
494d41fb9563b7e1bdc7bf2c6e4eea86918be0e892c0306b1c9fb58378897f59,1231,523,1754
24ca4f8a1722890bf1b938fceb6a5337af823cd8ceac3188a1db6574b3793ede,923,204,1127
43c12a8fa020e534e293fc80e68549df0b88eb19f42ee3e33a3c56c32530a250,1207,203,1410
b1201dbbcbb91f95b10d66526c20b070d4159f781b7300752c9f0a661b81b4d3,1186,440,1626
1457bca5686e7ea3a32abfe57d4f641ba56952a94695491288e4bc07fbe0420f,1126,205,1331
97538c48eaf0f128b2cdb787677832a023c9d931e45cba03b5799a7d0b705f4c,1512,207,1719
065ee966dd98d8d07b1fda1bd5f2b6eb50d3471b4a1b8045de4fe1a18987695c,1126,205,1331
5b8055a19f21f68165d474db3c3846bcef8dba6875b983719cc6459769ddee5a,1344,451,1795
7cce3e62c928b28625ef628f6c39b30726820093f12dc4b41e4fc22b92b06ae6,1289,694,1983
5dbca6a7af7d990370f855059aa1fc5113ad5448f379dc2675da8a943283e99a,998,300,1298
64afbcf1433b8c0313cf9e771141e79e2da30467c16db86587d933bd0def683c,1016,204,1220
f91df36b506c3d5ff027aa5c145c61998333d28d3e1c22a564d4ecb706e3354f,1157,237,1394
f9bb3a63a26d6e052cb65fb59e8ec037050c7a0f6df7815d9d22cf5863eb65f9,1540,206,1746
0dd14b4cfc0b53d59d080dd119da9203c9442b9c5e310d788a2d96933bed1bd3,1137,212,1349
0a4c97bcc94daa75ac559123edc0709fe45a99dd9b41b1ade79b89c8e5bf2d70,1144,223,1367
c46accefe0fd66ac07e5279b60012e4eef8f7fd6a8a312aa9d298c35c69d9e50,956,213,1169
f10db65c16c6042082b2a4e49ee1b45c6be648af70118104c08274d5a902e7ce,2253,546,2799
4f86e5aed59f4772624890645a61823363cc83baa574a5344065da285e424802,1251,212,1463
58b67a0640ee963777bc71fa3ab0856afbe5cf918d1747496fb5995e121a412f,1865,312,2177
8c1a258ffd507237bcb56d00ad0ece67cfa6e61b2d2bea705a345ca9778704be,1144,220,1364
f094f6a2f213efa2580722e5340cb159e91812e47f014faafcf1a63008421906,1182,998,2180
28d0344713232a2ecf2d2994d24db155a0404e901c686736b7c599ad25745bb0,1571,291,1862
f6c0300bd50ea8a8629bb0117c5edbc8d38668c97f0a6a78d165bcb3dde44f06,2347,433,2780
160732fadbf205914cbc5cff6020b0fdb290d459e368f564337840b514b6fc3e,2350,1580,3930
bcf62fc150531ab66bb300275f20fb6eb8c7d1db401ce940f34001254064227c,980,221,1201
a14130865b1e3ffa8fb8adea171ce877f2f38e6b7cc4108899b74598443bcc7f,1296,229,1525
dd5f0e26f4c23a6dd679cba0a56c40fd8361d6f7360e52bd159ef4f4735524e2,1402,770,2172
d787ced0835570687710304442a3079fe3dd1fa916fbb737248c165fed2ff187,1404,211,1615
9458d4fa73fe661dc95d63b7105fba75d28390b7725a4c2eac1e6527f34cdee7,1179,204,1383
184f31188c21a851fe876b43dfcef6a6042b7c150566606c3da5f6fde793d7f0,1124,205,1329
958e0b991aa0fa421d47b39fbb2f9131c52492be476fa33e0a9eed9ab15612d1,1202,442,1644
11e82fd3b5cf6dab754b4cf71b40ee03a4cdd98209cc600ad8d5393669508be2,2380,1073,3453
096f5cb4c01c81a2e72193a26752b0c0a85bc23e834fafe216484d5e9afe7a9f,1606,381,1987
273cbe374afd51b0726b69468dac8a070ad36d93e179d58c4b3f5282732da328,1296,280,1576
b622f5fa8dbbd56d259abe63d7cde4878ef6b15c7f0361c9c43717296209d29f,1110,211,1321
ac068377b1ec7fe3ba8a46b69bccb0e452bd12009ab9d55d575e3d47c4bcf3dd,1109,211,1320
e2eaf163f08eef8e4ba3e82bca62631106ef85ff66785152142ea9e260dc4991,1126,205,1331
cdc24e806e91a985affae08fce2c438c8be7b2f8ae7564b829ebfe711ef10af5,1426,278,1704
c5c51e5edbc59a30171a91af1283b3a4e8c18b2566c7758ff6266125cd64d4d9,1198,509,1707
bec258e2cb80363ab0a7eaa8e2a465265e2e7c52b49b8af3b1f176445f5e77e1,1572,366,1938
5c0f7bb1975e14bed1661874fc0ab81c1622f184575f4c5a170e05b6a83b888a,1072,209,1281
1cf96ddf33de34ce7b007fdb19cb7eb0dad5a5e25504ecddb71c6d558475b53c,1583,408,1991
d214c808a339f3fa3932bf24911bc8a01eef2e89f8038436d8514176b7eaa85a,1125,377,1502
9098c96a43e4c11e8cbabb807178cb31e0bae93de38e67b3ae1d29f3efa17d00,1837,1002,2839
3d021e9af620dd39e92c83c36dbec9c7277c7e4d4a4ab3c07d2f235417c3b284,1254,536,1790
9d1118752cc6184cdfbc876e852e9a1a99a0db007420b88a8cd096630ce83e49,1309,364,1673
a2b8ff52b16edf056ecd3c817c415268ec92a5452043875d5bd81193cb3c1f25,1058,208,1266
e040896d5940e5cc0a0b6848fccc5a28a1f5c9144621a7646b7184a829fd1ad5,1571,325,1896
80babc109d4e749cf3430ef855a185aa2d0345adb5333fec79c60c28006270ff,1152,224,1376
93d170e8e519eec67c3846ab69c99fd0bf17f37707e48a6728ed744c1ab745e7,1364,382,1746
d06c9d7006a7b9f49f2a6b3bad1720249ed680cea68ce3ece1e37544cec9ed12,2320,1242,3562
c5912fa7f8c143406f443fa371261efb4ccde8b579ce69208f79ecf1f96da642,1136,214,1350
3da17fadfc04c8b4ced583554e5b098d416415a049aa41cc2f87a81469615d8f,2290,717,3007
95cb4e98f24dc3b8e99f819eb7d376029985fe3fc9468f6d5fcc431fa9d5006e,1472,455,1927
d1df47a87c64662e62bc935420f8157329146c3e8c6a7d418577b0a8d6cfae91,1126,205,1331
7ad3f97f75c5899686c1ceb20f8602261101c93d06248191a70c09ae3c9d33a4,2330,552,2882
34687f11129b00c313d4c47778e059954e942364a18c4799ff6f2649073c0497,1577,356,1933
ae951cd8be485a3c1f2ab29eb93cdda08186f370d68f192380b28b09c1c7a057,1126,205,1331
7149b05ee3b2f7aa1fd85d66067720df2491d5a9682c0a5ab5b59959ceccf246,1305,351,1656
11374aca88047ff76dcd58009e9db478b453c08f052dc0e02fdc3517f3f30ad2,1404,456,1860
b6614201c35e16d1e1454e77a9d39173b3d4b72aecd53f79173c5c0922801b62,2359,1566,3925
610f16f73600fd7bd37b74d09711584f6723ee72eaabba6824da56f2e3451e65,1117,211,1328
3ac8149181ef7328251be1ee7e7d0a1b7c0a3dd5db59b15e746d9c88bc75cae3,1201,261,1462
472bfc7549f519169bd210fa1b77139763c86f8bd45a4ee678ca2615d54d9134,1125,204,1329
91dc2c13525043c319d56dcfc6a32b9ab3a361cb26eef60c4558510ca4a22faa,2258,818,3076
d9fdaf593314bb087be3a320ce4d7f33d7c931e1cf3c3eccea239cb8626d08bb,1469,566,2035
a1b50629ded82b9ba6023b78550eabd2050bc10a45291a6548bf4977390ce24c,1123,292,1415
288c088ac6ef2fa970eb412eddb6faac8d14fdcb7305b9304216c2564a1b6dd4,1544,344,1888
e7b3e0c228034b462dee132f8efef36bc06477141cb2a1d0f419ad616450cb6f,1510,519,2029
ff058e6eb1bff50b57fc0a4adfecf60a52ab75a59aea21b59474686dc3f7ff8d,1119,629,1748
ae86a60ca3a8b5b6b4eb834de016a2d7dc8f46f4055cf3f98238283b5c490a26,983,289,1272
660c83bbd96fbb571d7ccf3464bb389cad06b5264d2414f3fb4adeff069770e8,1583,200,1783
1bb7171d4a46def716ddd21665f2e693e80f851e05228cd6ebae587454ec83ee,1091,211,1302
256ea0d875f213e9a6dd64d5cec196c081ff9d8de54262d17e0cebd54189bc43,1282,451,1733
f83264f9a556f0cf169541e36ba4225e21223741a5319a6c165df2a8ae9ee831,2251,1686,3937
c019fe5c35de69af5640f6fb2f56cf959441f90fb8328f58f4eda5ceb8899b76,1998,421,2419
daf4963b644b5547f25fac586372f871fe99a106de294e581baee542370b45d5,1396,206,1602
3d3bc2d80c81ff34f84cbbce0e08b0b7f5a9d8b59c76c16940a0882d72a21e11,1107,209,1316
e91e19d4102c9196aa9cae4d2b40f7a6c55b262c2800ed47d3c7aaea15ebb42a,1119,210,1329
09545a37c321cc28e39009452a2865458940e2dd02743fdc6dc303c59ad63693,1125,205,1330
36e53fbdc0ca09eb31e1207f814072a81c2702becb669d2e05437ed87be541e9,1087,539,1626
c351e29e2eb8116a104440f2d35b9669a4e5eb16f07d8fa51c2ec89ef75c3265,1118,210,1328
cfd9ce2b808f0405af50c9a5d1463f57b8bd766a122bd4717067d7c10fe04269,1138,291,1429
59a7ab1646d15721a62a6d4620703c5da7b113bf5c274566636b3516cdd72eef,1353,447,1800
89ecc6c9357500abffed632608dcfbe0f3166613e8ad23bf4198484fb3d03926,1216,287,1503
5d7ba04bf8c5da237d9a8d9331132c2f55acd2e04032ace220f670e1df99a269,2230,1157,3387
06404f902f3222a30755312f6f950f75ee96b7356cb63dba87fc0a3f1d0e55bf,1266,213,1479
3b30fcbdc07ccfda980f5e8c4af06c84481bcbaf538a187fdd642ab92d259c6e,1465,227,1692
b89fb4cdbec1386faa5f05fc2180d8b1e519a93516e500df81b797953bfd8fb2,1218,937,2155
93ef4084953c4db47cc435b42c121ca332d299612204280e5db4fcf937cf180e,1500,1448,2948
b572e597b2e5fdce16b00f871cb80fb9f2c85eabe172075467745d0ce1bd5e7a,1448,366,1814
939451b10180ec285f4c717512a3477f8542b7cc667592485d01f37af46ff89e,2057,439,2496
d141eb8a7350bda3b49e5c7b6248eda7b0590c3a0ebbe0dbb11fad730fbd0eee,2117,963,3080
ba6e7e8c27725afcd56009493ac1119996302d9cf00058db920ddcd0bd6fb83e,2246,611,2857
bf100faea3707344871b962249c5e8143e8343928db5db6d04382d2ffec98e35,1125,205,1330
d778e4fb14edda57d53dc0c8488664cce6339991f5a91c16cca555ff25ff85c5,2274,1036,3310
63a8f86b1c106458c7300b0fd7f77f63e09d860b5311ebfd6576a452c64b51ea,1126,205,1331
4650f284cce4bd228b20a462a10f34b0da167ac77b2b8e648834ef8aaf2ec44b,1423,218,1641
d04efec966ff028f0639a94aa35a228ac469deff28b434025aae54aa33fe1933,1117,211,1328
e4bdea52b0d0db216390f24b7012a6c5f6c636e74d24727ea80f8abaa89e67c9,1126,205,1331
e64ec513254ed9dc4579200f31ec08dcea482466c3f9e1978e80d58583a32319,1670,931,2601
73f3884ae1312fba56153892a048a46656185b1bfcfa53330c1a4c3618dff53d,1672,598,2270
3e4b6cc48e7a6bde5cddf8f3aa4d82c149d0dc6bbdc647704aba830c63cbd7bd,2197,1482,3679
0d0d9eb0bd008a6c6bf479f6c92990684054f1d1561099100e28caf418399317,1126,205,1331
d12b9409876a024e6b85418d64583de30603524e01ff28121a2a58fa69b53041,1243,213,1456
b3f3cf3424dec9751cba8510bde2af6bbccd9582ac8a43c4f5fffcf843c4bb33,2337,2037,4374
542d77207b0ba3ec00ccfd3afd44fd59fa3ca68eb71aada4e8993f82e66a5f37,1452,368,1820
036de34d02c030e90b9a233333d53d3d28dd8a9a45e12a6d8688248f1d3a6516,1461,208,1669
47c7885d65442bde208cf423b1cdad9383099d4a9c4d1634893429cdb8190513,1247,593,1840
6f52dd780695bd9ccaeec187899aa4ef3503698ed324a627f2372bc4b33629e5,1182,328,1510
bbc3a9ea650d2443c4178ea5d949de25d18315a0bcf2e9ab9ad9877d97cf8525,2292,552,2844
4e3f8279a22ca0078d4aa441057b01fa44ec4299585d4fc943a1ed7a3d149483,2008,1817,3825
302a55aa40bb4132bf2c22c28ee0e7626565fecf3c416494a03d0f756a814cd0,2280,1272,3552
09b5ee5c21a385041649eae10d0c5078a2dff72e876a660b9e6f5d4f97b15101,1594,435,2029
9a0a9fa04fae5b5ddb49c64fbd8ceb51100ef52fd15367ebfa4c92a9114fe320,1198,261,1459
31ff0a8b3bdb773e01f466cc23712791de00b44979619307455c4789ec1a6d3c,1292,361,1653
079dd8d208bf21e4e1b61d4bf4bc5b196154dd8659276a9e684f573946c94627,1158,210,1368
f9949b708206f6c0c5187f69e608dbff4700aedeb15de31748695a69224cf72b,1184,208,1392
61546e17a37ce8fcb2ecc1192f59391a0c9df3cabbd497c5b65c9934642bf595,1126,205,1331
41fe2ed1fbd492e28012ee44f4d037b5dc97afe6ac3970ee2734792741fc0456,1139,215,1354
2b588a17866a69fa4458e465699a761405834941b5d35cf6ddfa8deba7527313,1567,434,2001
7d536d408f3f7a313f42367ff8f74b34bb9865645d3f2b922705343fbe033627,1116,206,1322
1ed48f3d597d0d2d7036b838be6de82fcf78534b0e6436a182d51b325798e7d6,1250,728,1978
4b4af06867bfa0e4979903fbd114b7f0c40ce1ed8fa6fde8e5d0a79b1851b5f7,1415,211,1626
de2d459c688d80725e48d0615563756687ed5979574a8f6db845588621b1bd25,1394,212,1606
ec22ef7fe63bec9438a5878e6425bcfe70e979eef9106b6703665e92d100b906,1115,210,1325
2fccacecd6be2c45d1156409d608882aace56ee581e1881cba995e5a1c943d97,2327,1260,3587
53f017419f8ea7b6f5a239b04709443659d520966267dc41918467e65743b8b3,1637,670,2307
54133b2497610e8db3bacbddaf17b467336cce6c4e2a50368ccc49250413cf09,1336,217,1553
7f5aeb6f9f0f847a06c99603578713442446b9f8df0744920a20f0f2410b9e19,2335,1788,4123
f75326bd72cc14e4b7764329aef8bfe39c09cb41bb63a478a71ea7e79317b2f2,1486,207,1693
85821c22be9b5616824f184d772fa2bccb4dafb03e920e80eddf0984781980b0,1596,209,1805
43d77eae4766258f07e8865d712d15445979a132823d5b78f14a466cf7b794ee,1199,262,1461
017355566be0c00bfa789a6e946e86e63a152b2c62d3d99dcb3c4f1db50c6466,1642,315,1957
2569999ca083dcef18d809c093c5410f2ebfb06d02c49ff3e36ef44511f8bf4e,2152,955,3107
d4a9ecd004eba1426d4425b03143782c645e46fea756caf5b25de45b293e9fd5,1142,223,1365
560822e75074c02cf4b873562a2d29cc73272be3ce7bcba2502a429c0eb1658b,1126,205,1331
3db2a9cb8d4ce50bb474662286b58acd69a51de8c87c39430f2893b5be94e07c,1404,1513,2917
ccda7533b25446a49d5019542f3cdad71a8ce27799abac225fccc6792dc00b8d,1563,320,1883
ee1859448159e4f6c3b3bf7f5e8db631e7cc5a5f7a3948b5cad420e4701dfc83,1126,205,1331
1f7e11573cf1f937fa9a3a6d4df4cb54e0510ed99aad371d3b9ae4db80efe2a9,1411,210,1621
1f2906e57fe19c22da0579b09dc2fc9391ea6d4944b253aa415a6d4715771fe0,1610,279,1889
bd5f86620f6d0b873d7431823b858dc4f87520faa46aef0ed4099b77b47a8a67,1869,986,2855
05db942fe78ab55fe975156ec10923ec55cff048b4a9972fbcc64ce6a3cc2287,1230,204,1434
031a7b662096cc80b4cb071e1fcd3c3bbafbe48183768ea8cbe3d0eabdd5b592,1183,224,1407
e6094bf15616ff869768df95e89b696c354880cb456b78976d9c674a0aad5bf7,1470,613,2083
c23bdfc79ab349048d431819fe3d0b5c38f0041c87d25391ae047952553f8d68,1619,420,2039
c33a77da65613c666bf388507177126db5a9b32362335e3d0a712976ecdb7cf7,1169,209,1378
cc821faed141ce9288f5becc1897352196f5b682f53a36324329235dc5766d2a,1407,211,1618
f92de9538471d0ac307b4132fd306296a14632120a6d6de3570026ede772bb38,2142,1134,3276
1d2ea15cdfc7692e648c16dfebdac771999314d06a09847a6228dccd6dcd5d3f,1158,226,1384
a894f60ec08947e5427ea92d075c6f039ace933ac5404cbd9a6f443d9094ca8e,1398,287,1685
b6a1e1ab7b24c00db38d458b4f2068b1b89659c43298b8006b2d1971d5660b53,1142,223,1365
293bd7338d2ebb011aff6af30ff57ec912d35692185a85bdf2e334f6f14094d3,930,219,1149
3a371f39a4ada0c3d0891d09962f417d25110bf79611bbafd5df32fc3ab3f45d,1543,358,1901
680b6cd6b260b441c8d7e285bdd16b7fbe8c73327da654fddaa9e2b240050893,1264,221,1485
86d1cb757292135bdad6edb4fd0b0dfceea69aee32d77436bc1672d51ac67b0e,1126,205,1331
d17749e0c853278bd59810ec4dfefac0f18ed87a6a100956f653a399558c03c0,1126,205,1331
591477bbe73245cd5a65441c480a8343b632c9f32f9e5110d7ec52201e9a5120,2213,1569,3782
c0db943b31ed52c4e755080e3a2edcf09e3ffa7a2b8622f978ecd786b4e77fc5,2198,940,3138
2cc2a8e86edf20f532f846da80ee021c17aceeaaa5fdb54143b5b8b5fcb6fe0c,1682,377,2059
509c7e21eac73244c4e4e071d21669eab7b74fd22c27c9fc3f75060fbd149fee,2230,551,2781
dbb903bd80596ca02549ac58e4965188adccc76e05669e3f847a1f8dc0bfced2,1766,1515,3281
e8b6945e7b9fee590ad24cf8ee84bdec5a67c6f48d1f1a2b31bda82d437efe28,1560,282,1842
ea859272259f92b55d3c944fbc3bf38f85715353b59fc62f9099b0b5430dde98,2380,1291,3671
6155f1356d0d269b8d581b7eef6fb7b623fb6b66974882e0e8e0bd67227e9d6e,1251,235,1486
58275807bf0c0e986b9b3f8b574c2ea35cf3ff86d35d5b9899bd969fbf57df05,2352,543,2895
646eeca7e86dda863dbd42aebc38739aa04ab13b5598af39f3a5ccc5c6998b54,1126,205,1331
a26d9bd40cd74e9fdf51fee5f03da2e58fdad7b04d8d313f0540b915b275feb9,2282,2180,4462
ebdd6f0e71cc02125ed32061bd6bca7a0c784e74d144b1f61dda837a5e93e4e4,1306,623,1929
4615ccff142a11c8f05c6515db0885d9afd28b8c43a307e77715ef7437954463,1117,211,1328
9f1b2d189d3b68a8d4cdcd1294b5737e03ae57bfc9bf53314767973bb2cee65d,1196,262,1458
8f37f31beb9ba4209f9b69e1ef351bfa56705a5151d27f4e9491ddd19c4f51ff,1504,623,2127
91ef33f595ee93ae9d3bd5152f9b6ab9feb5f5d4f2f26e737366522da38ec9a7,1164,221,1385
4e2b65ad3a599f2b7f222be75086c7ac37a64b9a9e06eeac5a1582ad630c9a06,1544,278,1822
186e5698095f27b9e4d3cbc6b42a4d2852f00046eaaa4c58af9e06f4b3731eb7,1126,204,1330
a54abfa5b7e6b9fa83511cef13b0022d481fcc9fa40fcf4d0f69098d25ea2569,1390,211,1601
4f23fcb9f617866b4c0607b91681c3216aeb62b4adb96e199f43e95347ff7dcc,1142,300,1442
043d47878697fdf531a7df267739cdf7cfda9882fb55b510c33401dc3d4458bf,1547,1162,2709
d623656a7fda092277e24c145b3ee0a5e61a6adea533f357a9a9513a45ee9fa0,1602,460,2062
998b06edb9e333f4ba6b59132e7b9faa3c2472dc3a532b0f65c304eeb6c6dccf,1227,215,1442
0672942ccfb4b9efc0a25de797b5c745906a0ab228b727ef92e5997ccbd565e3,1214,263,1477
09e6948d4a3b6ff090824751e5585b4602f40eebc6a5a181113a689204cfcfbd,1126,205,1331
1440307ab4a33edc34b87c5646e9611cfe247e0ecb5510524ef6ec04f65e20f3,1145,220,1365
ab8556e979689b36cc2db229cc4b221afb09ac1d3e3ada0c36f4f01479621f2a,1645,568,2213
61178d75b9573a9b957208a97ab2c10b41bcedbc2b2efb3cfe5290bf9d861ac3,1126,205,1331
15882f537f73f11672ec36a2557c2fc356960b3834b2570e5cdf957dee4b42ef,1418,600,2018
dfdaf3f1882c823412610cc5e2ec73d4b1c28b75ca3cb20a7b2ff32b9700fcc5,2323,561,2884
5fddbc2c519fff84b2a96177006664ada8e9031c62c4cb43b2a05c6958a2bfa0,1216,285,1501
7e945972a451a3bcfa4431350fee2979002f8e9b3a9c235d8a675c89222adfba,1532,503,2035
47475b228533f14a163f8fb4cbb98ff20f5ecf4f61e3ad134e25d65d4597002d,1433,602,2035
fb240a2aab19112a88274a234d688cd44b83e3c44eb9c5a8a4c8221e322f3775,1702,317,2019
288f6ab11ff337f6432f8c4d2e1d8ef7a2e91075cd0939dca78c7a337cea19ce,1579,208,1787
b043fea730bc1e17a132d8dfad31399e0bfcb074a63db2ac298e63855e474df9,1338,445,1783
df579dbb1d088b2d284dc5e5bc70d41a281d62ce9ef8607b44b6ccadb5b2ca83,1126,205,1331
8853e554c3ab2d803c3147ebb155ff76e7fc27bb36370590e4c946006bcb33bf,1183,922,2105
3620da2ff08f4cded925a1ed4a75094a612c58efc6eb26d6586be4e27966f99a,1463,670,2133
2e9994fcd7a50cbce72abdc124342ff65069a7d3d45ab0ea95dcb82f7734f12a,2447,314,2761
172da585cb80e74c3b4df8bf96a2ff7d512a0e5d2e141f8b9b65494a7e1f87df,1139,218,1357
314da3f92c2372efd16615789b941ad8143bdc99bc5eb364fad51cc455727ff2,1397,868,2265
03387bafeea4d19f116c1000c9efa1f1073ff692fdbff2b4bfd7889a25cd3860,1700,314,2014
56cb626b999dc37a25805f66446dd5214446f2125570b1cf8973ad49de656ef3,1398,626,2024
4dbfba450ef07333ac3d279d934753739bc03b2e1161626ea1875a1d03ea7bf7,1425,211,1636
6473994e33e4d694623e6d664fdb08506975e1d95250e683bbbe77d9fcfb6129,1124,205,1329
eea2f30ec59df11a01ba4fe4054f1229ea3ef74eefd1403c5492a60ebdcceef8,1220,277,1497
6be9284fade935122a3cebec88e8418465ff993d3a7b715c728e85c85f44656b,1188,224,1412
6cb6bd90db4966142d7780f4ee4551c419c590ea8bf5d932861b8d0d253f9876,1726,427,2153
2f9daf1c33e1e3c42beaeac26d776797aa08cddf88cc6a56302d2b5a042b9add,1543,206,1749
1989fc347d9888d539f13c0cb712ecb601e5fd753273f2c915c6af4bfccff17c,1113,210,1323
fe2bb9382f56d387294335439a67f86a6f01060a91c1bc504f6ba65e8c5b7982,1141,440,1581
7f9e9dc49e46ffeb6b38c18ea6874e95d7d68acbc2700fc84127511693935c2a,1138,217,1355
e44168f353132d336ac56d20796bdeb32c32ab5d46c91430a97773ddbe2ea49b,1266,217,1483
3d6eb4078ab684d272c1bc42a0fba0a7c3d509a4bb5c85f62a8ea6979beb1c72,1108,209,1317
b44d1cbc5eac0fd288877c6627026409b2f347db95bd690ec8a26bd8246059c0,1126,205,1331
025b9bd99afb5017dd4e9509f3522b2306e0a7143f6e78fc3a3baa35ceba0a99,1183,224,1407
86c691f9d1c7f0fc192740a075c8ba9717bdf3cd84201a6b8460678e20854d03,1188,826,2014
3b6c0a431042590e3c314be5a909c6d5e3a58718eafcf7785f090f16af675c27,1336,653,1989
a3db56d746ec14015a6464231f20c4843f67ffcd91e04ebb64fc6b34e23d9d16,1453,433,1886
ba259c20402614c764949ca0a89bfa24ca85cbccddcea8b1ed5e0142bd5c0b27,1581,279,1860
f0cc11d0901a0b9fd5da6a4365d6f968a3b2ef4984b82d2fafc02be49cec0acc,1126,205,1331
95bacf1edce1d917b9e3795376eafe2253f18cc3f64cb6778c5a86a4b1c16a0d,1126,205,1331
1e765affe9c8584b8a3d6066cda400c10dcbc05d376ccb85a753b4804be967d8,1956,313,2269
6e66435d51787e39a167aa4e2d13348e38336544edca2302566f20578b829747,1144,299,1443
2260d094c874895d596bc935e272f636061fd52e7d1381daa720b89adf298a22,992,210,1202
bb906b792ff38a3cd2f5d258f189c1fd34b0be13c66bcd62f5db47ad408a0fb3,2120,737,2857
9d3f86f777d1beed5266ed8ab1a1dfd7e7c6762b4ef5b30569f31eaced908eec,1126,205,1331
cca0ef4caddc919af8fa9ca77fcf6f8c59e61a3690463cb2aed0ad67212d1b4b,2103,889,2992
2e9337e672ae1afd4fc1cdf1a8b75c19b5303db8bf200e35821ce06b1dc252de,1664,915,2579
d5d11467137aca7e1e3237acf6f65c80384806d251c5b9f0b71b8fe646a87911,1142,228,1370
edee57fbef7258b01c440e77fe3b31ff9ad8568b76e4ba0336192fc36e431b06,1813,1120,2933
229666d91cc7078b2ef5d14bbe66e5f67bb3a0fec460e2302e8bbf224800b301,1108,212,1320
73f2fc6feaaf450a2298787fe9a59eb6141a07b8a8c865928a8d47e176c340bf,1225,285,1510
a2019aad0b2feb03a9cba6af46aa2fc1983aea0b6990a8c8adf4f6857838c78b,1630,314,1944
b24b6a4e03165c0596e9e767384b47292ab5051a7dcccdfd0df5c5c729066b10,1279,1169,2448
cc246fde636d6d1ecb2cb9682c55aa80bb55d5601f14261088ab2bc166ba55bf,1531,212,1743
97cde66613e613d4f0aca2bc59b66303c94bab217fd2d495c684a0f273ecbdd2,1126,207,1333
202b7610e7a40c965461fe8741d0e6e6460109e20566eaa183e63c18f27d1886,1410,1133,2543
d9d101bf427eee04fb631e7f6cc9a87cd71f4c4d720f675aa563f39d94eda983,1453,212,1665
137dfaa120f3cb1c8045c90d900309d2dd923a31208d4805daea35859321d135,2275,1611,3886
9eebed3311b1a517c195bc557014850e3affb46696ba3835a7805e691458544d,1118,211,1329
98ce5185fd333bf64d40233e03078dcbadd33a1cfaea5cf6a426402d4c65fe85,1083,365,1448
499ee94e94aca802afcbae7f7f57b3fc90af4fd3a621301fedd5cc5aa29de518,1118,211,1329
a2087d01cf5d3ac2bec5e075bf4ea13a9c8f71c1a9e3ae112c162317d65c4866,1965,2241,4206
4722125a24050e6b0521302c1e3878cbd25f6dd6f774338971cdb94b69aa2538,1590,207,1797
27312f38e97d3c9b97fe396c92025907fc8b5b5e79ac1c043c01603b76b0a132,1064,208,1272
ca8e17c35c1665bdee189111a9a535f85ac630c617a774e5354b1adc99e88800,1737,884,2621
31fde7d189ec3d4a2882397b2878c3ff10701ee40532792755700fbcff2039c2,1247,216,1463
de5dbd3d0d0a52c651f34106f8b3c819a770298cfc14891a4cdffbc511e977db,1304,285,1589
2c8a24e752270488569f7c6b1607e0a317161c85506e545d7cde1aa852216737,1126,205,1331
4d19a7fbfc1236e854d2e0d117d0bb865de4f49c4304bc4c81bd06aafb313d6f,1590,520,2110
b6133ecbbb2ff58fc9e7eff6a69251201878d174aa82ac36243b14efe1e95303,1125,205,1330
59b7c7d64d571cd46ec4b66f0a32088b1356665124a852e1736fc041c2607e67,1466,206,1672
119f85e19d2eb2432611110d59987c4b9711b9d6235760c9bc859c78aa976dff,1572,356,1928
a3ecf3acacebe442b9f789fa6d3a57ac1cc3cefa0b9e5c4388c842cce2f8dbe1,1126,205,1331
d4aa4d0aeca616a99d6deb04ab2d8a84ce7a2f2c6199a68ce57c05a6a35b24ae,1062,209,1271
4d0a27070a0ca46ce48306db7b812952104018b3833312cad6fa2660587eb275,1615,1098,2713
a6161eb9d6f324e041d122775f45b0c0a9f4cb6c423c2f204227e91ac8646512,1382,212,1594
81c4f438ee314b8806bedba30182c63cff911b60f3e8027dee9bea78776789af,1051,297,1348
f54ae705b68b0d64934e5dbaeffacf16f1e9370e008e432c7c6132789bb72585,2453,317,2770
ff154e93ff7581c929f58f12d03736998a96ea7b344e3bfe44bedaae7f814a53,1440,1259,2699
70014f207899410ecd7ba56e06577087ed1f763268a9cbb3cecbdf2b4c436b7d,1126,207,1333
0d0d7bdb5c7d83d65cfe290048891cd607b93f2454c98b7f3550ba1c8b7e7b9a,1142,559,1701
9e2e0b70dc9c459058a1da24a27c5af7ba13a1b63dbb0f789baaefe4ba4cf1f3,1266,210,1476
57043a9d562706a36960922816b63f4da67e8cb7012e52771325ac4014548bd9,1126,206,1332
ecb9d94169e01c848c16efbb88805d3d78c60506e22d71b8f16e72d9bd152cab,1125,204,1329
1b7fda16015b846efa29e44ebcdde2518f5ed3baf7ce62bfb2525b34e2cd7044,1685,991,2676
e2d5cde42eb653e2b0ff5ea3d1be6362303e202195acfd1346b0d509490b39cb,1765,767,2532
091801f3675de91ebd23489a76b74250e2e98ddb8c51cbb80d20b54d29f75fda,1181,215,1396
3aad2aff0711467ea81b610d7130418fd41205946d0b3d4cb64bcfef7e159ebc,1171,209,1380
1d91660a83a7e3cf8fb8c18280c47168b0fa29dc1eed463fa329c48778f10837,1126,205,1331
e7c63c347772255a21d0567af3e2a8075b81202541498f5e2a110e33eb168461,1349,309,1658
35225a078b4d89062fff01bbaa4c5f3213a1ccaad07820902be758b4996abce6,1263,216,1479
4e109482149cc32b9a094755b419eb2e3280262c3b22b991d61d9c1df3194a97,1126,205,1331
cea8df41bbc918d4f258866cd537282166122b4c8188dcba63ed3ad5fa725d59,1126,205,1331
0968609832ccb6e509607e3c463fbb5e6f6d3a36ef13fbdc4bcd08bd03faa34f,1865,315,2180
881d168e74ee594eb0d863875e7feb7572a0a53c049df75840514ea9fc66ac78,1532,347,1879
8f60ff04ed598e4ff09934c847f7b293d7acf49176e3416b5adb88328500c06e,1136,292,1428
6e3701b162d54e767c1ca2c7e0ef0fde56a4aaec21a3220ef029e34913ea2592,1606,677,2283
6c54fa1baeba939843ca866488ffbb96e849965f8f09df3418018a64c5b433a3,1692,822,2514
31b3e78d7f21aeb7941059aeb38f59e120236cbadc102ab47bebf35eeddb34e7,1126,204,1330
711544fcca40b4796fa65474ab4b074274b991755a932e180fd06dc42c0e942d,1126,205,1331
af0469d62f1ad7f8922814a944db7c53dddadfdcabe7a2dce40b81c3e2ddede3,1120,211,1331
48342c0a343cfbc4ff0d75edef9b374ba1e65906811ee7387da748bb19fec0bb,1671,1008,2679
e261b868284f4f26974b465b17e2286336ace0f8ffbc99ace6d26410ffee0e64,891,218,1109
6b23e73e93f69fd7e6b45da3031d7414de1eb2b7c906b255900cd706c89a83e1,974,214,1188
a41a00c1b8360a332379d0cc1c76363bf6cac1eb5d6edbd6ea0e7eb82a0403e8,1419,208,1627
7ac81e9939565c52c05b8f86da835239f437d571a39e940b5b530b475a5820d0,1114,206,1320
fb6f3837e631ea345bbb5983f0ddb3261ec834736d01cf13a29fd59a7fc5c73a,976,214,1190
4be6c782fc752a05c648ae20803613e01deac82c7d67794cc2d0cef5323a423e,1126,206,1332
420f3518c12280e3d7c313cd333ca7078aaae66db14c285b5451fa8fecf83b09,1462,220,1682
a7217b1576588d77be645af4fc6518ce5fa55d6d4358e998f2fa178ceb43ec4d,1126,205,1331
0e9e356698b361322005b7f41c97813588e4ec49b79adb305d68e4492c23236f,1589,207,1796
192c0b6da8b0bbdbefdf290195e1f33b32c032107f1097c56b30de5c7f431414,1126,205,1331
c83561bc5a84f538496f3384910380298d6a1acae66188e4c208c7006e7245de,1120,210,1330
777451a4d45b3696168702625531c58d73f5c610a6a6dd22f07f2f002f9d3668,1596,204,1800
862adf6349bdca3dbbb2d9364183a9b3873f6c4c6470d7460cb895094d8d50f7,973,207,1180
0dd087fcfffce6be8c350881649fb7cf3df3a15be4c8ce80abddf511573c4ac5,974,214,1188
eb46f2bd72232dc8067442094a40044cfdfe5eb8c18025548090b7f0a9ab5107,1125,207,1332
fc22479ea327c7af1a977b89697fe70ae55ad5ca2bd1d2c4e1a97b0ee1be8af4,1571,208,1779
a95493860bb615f327d31b668b9b5873fdda7c193c5be71c05abdd51a9f1b2d6,1511,204,1715
2a8c1b748916b7f8b5efcde6b429295de91f12dd7752265836a07e034da57fa0,1465,220,1685
88d00c52e3f149f4e91beddea414786538b905efc9c8faf6f7520b31177f9aaf,1126,205,1331
620a443f18324dd5eff1a4c5db2c074b071656fe231c9f11e6990bb6099905b6,1438,224,1662
da8c53bfd060a8044ef5541d0294851f930fc5adc728e547a6fc0154e02d111c,1658,985,2643
d273cd637fd542fce99a8d88ccba5ceb5a7707d7131e19fb7e667e5a982ac11f,1183,224,1407
5f3c37334748d205abb64db0a70cb9cee3260d6932330346cc118f7a3f7ca712,1093,205,1298
e3b51537737b3904e1ce77e81217f129ed15670f635c48599f23bdc552661bd7,1126,205,1331
e08afffc351bb2f6f1b4829aa102ced07dc1cf97bd2b7f2a77b9840f5f35f66a,1126,204,1330
20a11c6717fbb63c86073476298762179e265c38bd79075157d3eab9c1ed346a,1677,1091,2768
12b45919f102ea96c499961070f56aca7676732d143730dc63d6a52cb493baae,1126,205,1331
48939b7f37ef129ee7c8247edda3f6bb483587d8e0513cdf54aea0d5d4db3aa6,1611,279,1890
2b2dbc0bb7d525a1d631bed6a5ff77948f4acb32d73fb35b8c78541f850cc62c,1262,215,1477
c900380d961175b43a6354c7578ffbaf80e0ad66c9dbc8bf7c90603dd7a936ae,1614,286,1900
413c992e9b22ce5e47ddac1c14f4fbf2399d95870c8eb5badf96ad680b426e92,1628,431,2059
16051d59c6372bc66a7e06f383d18c6461c1e8d8975ab915f22cb69804d26018,1453,212,1665
d88814a90c1b89e3a53386e65d2e07dbe30ec1a0228e3bc6f9dd4bd7131f1f2d,1142,223,1365
3a91d6e183737544d0c46c8494ba24679d36df6857233bf4134a06d7130d286a,1128,204,1332
b52eae3751768308c9463a407e5eaaba5666d1706a1e1c7df7f702876a8ed6a2,1545,207,1752
6e667a50e6972468e726c8e2faa8d7ad77396fac015ea053e78a7f611cae2b35,2410,325,2735
9b3c97514638a659ebf13b4e0539489441ce7999de8210e233a9031328e00940,1547,211,1758
e069d2d17dd734e1da989edc5308933927ef2610dce5543cdbb751a8a65d01f3,1128,204,1332
20e7f3602d8d19921e7892e9d4aa603c9645d97bef8972dc582ad960b48fb529,1377,211,1588
e0422cf839b47adb05d42d121805f1687e109029ea0912cd73ea4a38d755b91b,1506,289,1795
9cd257e1b1328ab6cbccc225fa1710c14a80457c6d64b138f648d76045a19df0,1092,204,1296
2593b147f0431b8d9f8e3d69d399ba104af54d30da1d7ac6cd67b930229f9d79,1632,319,1951
d9dbd1d2720d4e512191d87314faeb51331862a13b00034afcc9a06fb51b1c54,1209,315,1524
57890fcc9538e669f0a02416ebd68ce3f1b2fed542d125466266c37693533bd7,1111,243,1354
ddc5bb6b1dee919c7a794c0b1e550cdd8f14575e42e0f68942381ea0afa8e7c0,1128,205,1333
93aa8e7a8d527cafb448cf512f9599a73c2327c0916ee5b1bf5936eec4020bb9,1775,314,2089
818746e1aef0f26e1f8baae351bfe59b99660806f9f0369b7a26e602d474b3da,1467,240,1707
0e867e11ee61ed058245e260d5722167087a9cc516a991dd5650522bb65157f8,1656,549,2205
5e49e4df48c6c20f482b0ab6ea3d040a20a0071ed51c9c702b3a138716fead13,1128,205,1333
ddfa17dbc039a68c590fdf8a7b8584740a469ce0767bb50660f009c93011cdb3,1249,288,1537
539128bc6ce0b359ad6de5eff4ceba20cf31ffb49ef488ff4f4edc3373b036b0,1128,205,1333
ad858d8b76da93254a3325f250d2dd725e773d4b5f58d731ee7f0d925cb7e52f,1538,401,1939
ec9ce670d90c2f36c4eba5e8770d5ea14e1487dc5b8e96fa7c915ddd3a211489,1266,215,1481
9388e388fb836b980a0e957b59b178b5a13cccb6e8ee7f7c7da15fbe76559367,1220,211,1431
971c6e9571bab6f0004337f2076f12a8e5eb2ed92227b7adbe0abf417cad63bb,1128,205,1333
1b2a85c5f428a8e8b7c2fd703b2d8ebeb89565cddaf5009a720a32b27bce6af4,1561,214,1775
5b32455f8cca086cc4bac985eb37f1006f0392355b4f481c959fdb3bc4ae038f,1513,283,1796
739d2edc62e3ec3f4b0c40fb0040519f07375b77728e28814db4e99303bd9b2f,1128,205,1333
82a42fce11b9df1e45b4d15dfd6b4bbc6e507b73214bc6ee533f13be66f94029,1513,354,1867
c9b7fc2dee819f1bdafe842a1034aa04b851e13799e24cc5fcb4f65033c35100,1595,281,1876
8de55a3e946734c94579e88dc823bbc924ad91ec756e3a196c7a62a076845555,971,204,1175
ea08b882250744017fd8d8ce90bf8a683b0621f5ad7cf36077c8964b656090b8,970,204,1174
7acdf0b165796f71397fecbe614d2a59812b964e773676e57e3bef4deead3035,1128,205,1333
7ecdba972ff24b15f47a3fc98ba5fd94f6d6252c2a494882cb31da6f0255136a,1128,205,1333
c26f6f64309959d4295c1e0eab93550a2970f1343b197fb2e0d780844837273b,1528,535,2063
51f52662c0adbd12d94502fccb3f02eda7f8ad1fb46a4297c44fc47d407776e6,1224,210,1434
9cf5b3d56b3aa0b8328482096a3847c84d59ac74c52a4940a3f47a5e42176a39,1575,356,1931
ca85f2c8fdea8404db2098f05047f637c567902d8b4b061e2b26c46e5c959c00,1132,224,1356
4dc00acf325a44395632c9772f5499ac6a1d201e13b8c77bd48990ac6423454f,1217,281,1498
8d6e77a515d8d3b34dafa03d3ebbc9f1b33c1a59d622b8e9cb39fd4df24d220b,999,221,1220
6dc07a2e939c272c19cfac066a73ca3559279a0a3fab1c0051ce629e7b55d4ba,961,215,1176
72ff2938d8e16707c0cd23ecbf8801cb16129e2560373f9bf3eb40b638fc15f5,1128,205,1333
723e43c25ed4161723dd368a7a7023431fd6e0c6a5592304fc388403319ff342,968,205,1173
35c89556415999607759adfb4fe12bf7b98a1e2578f739aea976678541c309b8,1128,205,1333
9cf340e723404065c152599b7021665154874492b26875b60aa4a1238bffaeed,1555,210,1765
39df5f30baf2b408a1ed6fbdf7c22edea335393e606b1bf6c7c585b8a8535e94,1276,217,1493
5629b64ddc0b8b28c9e99edc90441e11c39e6215f32b380f92cf6742a89f316e,1095,370,1465
11081f1ad197548890fdcf8b4d555a3120202cd8b8346e012e52e777bacbb8b9,1395,216,1611
200ee555cc89b3e4ca2eae6d8750bbf4fa970e1329eb89694c549ba8c8440a7c,982,214,1196
9846442e1fc25f981684543aa974c2ed72c0e3eb90d87f82a8850b2ef164eec2,1465,220,1685
e260b88edafa68cdb04e40f6fff000741accc56ef559117b1fb462bd9a76e32b,1128,207,1335
cd6be7a179418966dad9e35e1d880920da88b48262ee8bd0cb428bfa0b5a6fb8,1116,207,1323
b5c8bedc29e62fe7ef67a9f7b46f2cabe0cd416307549b40361c1966327b112b,2297,874,3171
745bb2721cca92ebb39d13e666740cfddc4bcdcef0c377ffd576a693870f5b99,1406,211,1617
13110a62e1ef3f5e0636a7b400df908feeb775c8b468b05dd58bf484b8b89119,1634,320,1954
c8b4f0ed38254d006fea859c64b3a7e7484184d73f28fe8bc5083b65238430fa,1549,215,1764
fd4fb42d13ea78ae1f19c7137bc3696e66e966fb2a28b72095ab0e2697a3a11f,1423,218,1641
bf134cae9f747151ff9d3e70ef799f0aa7d1fd0c5293066a45ec46e72f57af95,1761,649,2410
678cd6153733d0f4ad934a36a9d56568b3a3ae0b4f8b87dd5e58902e37bb9a62,910,211,1121
fe0d356473c2339d0b40596867651d7f56c044ccc03c0fe072e61c6ae207de8f,1440,210,1650
03ca7dd719b04cf0540d0ee89874e64cc5f606d9b8aee01a00a973b5e3bc915f,1571,207,1778
80ed0f80d8961fec566b752924e935aad034c267af4493b8dff507766194d560,1514,439,1953
963fcf05aaf2a4f417e62502f7cb4adef767006c0adb0b4c106726b333dd95b4,1944,931,2875
d5446ac1f146eb1db4fe7eeac6c711c2bc6e2711b4027850934fa0bae59eeee9,1128,205,1333
ade4672ab062b6b24f5fd958980137e908dc6dfd57dd73c387c7b7a6a45879b7,1128,205,1333
99c55ba7e643137583a331683ea13fb947302c87532271397076b5627e5f3523,1551,429,1980
3b7bca7fc6e4121e1391197d9d8c11a33496a5132c5adc89869ddbd00e1b7dd2,1531,456,1987
670eac8a2484ba4cbcbc5840762b8714b8ca2314259c935017519404943a0df6,1128,205,1333
c8b8e849c643ac68cb08a5fc2530bea8a66f1e9676806fe7fd5b126d603832c3,1287,315,1602
85cc9dd291f48a2ea4b2e55dd3d29a466d3bcb6f0342cecdfb5591c3eb1020e3,1435,208,1643
79ef0a2a0ec144d212c5d2a526bb7d1883e9d77964ffafda4ad878f4dfb5a4a8,1208,222,1430
dbd4bf7dfe33375373e8bd62fc0417079975d52b1b97f3ec0f4d0630ea5ee3d9,969,204,1173
61ea119efab9a569af495c2651f7eb8f00f31dad214fd78f9b6bcac859b099e5,2162,315,2477
21c34a330299098cf170d147f08e59f440a8dc1645197659417b5b967412adf8,1830,459,2289
28ae1418334a2eecf13438130991312055c357f39fb5751468647e310f22a3d9,1173,222,1395
0ab077bef52868affb4642cacb2c21e42fb06a7c1b600e8cc472c5ef64afee00,1580,210,1790
b6c093889a4c29f31b3799f7278a5b662fd42ac3142eab5acc6a8a2e3660a968,1800,549,2349
8071af395fcdadd51912c7a4dccd39fc98622118cb7161046b464556328105a3,1128,205,1333
3d2ae7877fee938fa7ea8b2dcbb675cc4155b87aad10d0dc2682781cd2859d6b,1128,205,1333
72e5abeab7cab15b0e92be43b90be8468a4908654be422bc7b6c0914b55e5add,1128,205,1333
0bbab11dda22f65b5dbe044c1d4789317642965558b6750d2a2682f0fef0c79f,1128,205,1333
048a0192f2b014ccb30848f27c6cf04bb72b9253759100bf34ea9ed58a029a27,2024,321,2345
c5337b7bccb518b21ce4b70bb88e9a5888fb4770f70ea03869761d9ad10658fb,1004,206,1210
a63d308e20555ed6e4657a76f047450ba2d4a0fbb11350ef9ff4cfda0338059b,1686,1129,2815
fd47eeeaf61847d644eb2fa09ea51ade4a84dda3fa51d8c36c3492db4f4b06e8,985,205,1190
50621a705cb915a103275aa77c21f6ea265a04a196f41fa3c842bf7b4610203f,1467,239,1706
24b23510aef2e9037ecf723713fe5ee911e289c6e5faaa725b2b103ab01dc608,1145,309,1454
ccd0c54ed94700d983013bc83e44f423fb1392261c49fee9fc76ade4a1fcab7d,960,218,1178
80ca7d49423395f67fa5b338c696d46c6d85b00b277a2db43a87afa3e0f0bbd5,1716,1190,2906
d414d53981eb4868a7cb69efd5ca7f31601b27502e66b4f05a2ddb5b00ff12ec,1205,482,1687
5af4c9c580caa17052935eddb798c906ec381826d3691f30434af364ffb681ee,1583,214,1797
ca65148f8e2fd1c4e655ae8b3e49c9d5454d66e991c06abda027a2ea3cddc9ca,1319,217,1536
1761d4553331a7b4c73b9c3d1a89e9fabe14bbd46b137325363715bb639d8160,1128,205,1333
1a143a16e536007b2879ba4d468b8b9ddf8e744b990ed891733b40800090dc28,1128,204,1332
65c21e409627e3970f113577878b9965f2ccfd6abb9946bc12c6655ac181944e,1069,208,1277
3d625ffec36967a2251dc27457c2c7553a3421b921a129a84a1399f3276cec7d,1768,325,2093
5ec6a81affc6e766a963f8e62d9bd51a6009d3bcea7e8573c795b5191a932aa2,1521,358,1879
7d7c5672af11e942314326d4edf677d6afa384fbaaf0cd64feb94a3eee5ade7a,1128,205,1333
9f9c3530d5ea31bc5d1253571dbc6068d4cab9cb9386d96b12772e4845c73abc,1120,221,1341
5da36e3243353b2a53514b665a7dc19cf37fb892efa4558461e5a06fcfd03528,1605,207,1812
9fa4283e700758ed677db46034f09d05644d1c122825013c6d58e116eacfdceb,1629,1638,3267
09421b9fb918ee23ecfea0cf2c2258d4f1976fec7b8cf8d38f4797b3ffb2aaf4,1916,313,2229
84bf6db2c78239e87c1fcd6ed864ba3212234966d5d557ea085e1927eea19a92,1115,210,1325
2ced88fcc0733c9c176fcb3f5df7d4f7961a93fd5ad3233402f830e1a98a0932,1238,483,1721
553ede0ddeab288a108968dd0575b4dda0f802293ac5f56f5bf9c0fe85b91ce9,1222,479,1701
9e7eb22c5bcd3f0adcb94cba2ace22e4120884ab66744fd9a7606a12193f43bb,1470,228,1698
e459bfadf3bd8714ea5271ff81ffc07c72cc9e7cf30462d19d6dad37f0214f25,1047,869,1916
a152826b64c61f94c85add52e94f3fc7233d65bcf11138a42ba0d1ee08c53c68,1611,278,1889
155c272e23ef5e4305dc66821a23934bdc4c3dc245239d92d36e192d459fb891,1128,207,1335
74ea0c9d6c4624bce1e633004aaa922fc00c28ab92f3929206407dfa489a7ea2,1249,221,1470
db25da9db4e11a6f201448362bf718affcd039671722190ffd95ef4d688e251a,1561,211,1772
b859ac324dcb7e98dba80d2dbb7e5de3a5ec9f591c31aa2927df17e539b24529,1473,204,1677
0601f4baff3818f5969995564994a85f69f6d804d2a2eb5a941789fa40d21615,1393,820,2213
8bd56e691a779b2d8fbb4e5e0a472c9c816bca410ce45b3c62d7da7efeb26b77,1296,388,1684
f6758eec5724249a257f40a4ac8b77e86b645251bb8826bfda3e02b5dfa55171,1128,205,1333
af7ca97b2a8ee9326f5916a5b2c553009be011333a1382a423ab9e53f7ac6ebc,1145,224,1369
fdf6abaae492046d559141568c1b70e815ba3064a5cff7aedec3539a5f3bc4e7,1550,302,1852
ed0ecc2ebb0d796f45497ebdaec9c1eca8482113716caaa8bf60c89a62b0a7f9,1127,204,1331
e552e6cb3626f6c218cadfc51724b2b8e06600d9b7275ef24a4bf4b1b78e23e5,1128,205,1333
bdfd3a83bb8a869fe075dd5b1936a432fcb41d75fbddbe7142b97e6b18f70275,1128,205,1333
e56bc99b1f1627848ba18a55bfc93b2a7c8fa19360533635a3f91b602a3c69bc,1127,205,1332
33bb58958adf4dcb70781673e02eaee1a596bb63ea0de0caf2581111c4142a0c,1126,372,1498
a31a7bbf8261916ca420b7da1a401e73194c9cc3ba4279d79e4b70bcdd2400c8,1552,365,1917
89b95975801ba33538fef5632b19f60af2fd4b65b60944aeb2c7ef6945221879,1537,313,1850
814d5b46a5c36835021d5f97ca2c344170d4e423383b30f33b67aad99e04561f,1644,310,1954
2b65ab5fdc31a5e18c91fc93bc8c1e40f865d237fdfefc52ec37e60454cec3b9,1602,287,1889
54dbb1ea3b51a528fa78bf349cca4ca07f456f4e2277c54d24728d782095301b,1127,206,1333
77f272b7907c4affdfc61b563b0028a193474a35313fd67e801b468846e599d1,1647,1007,2654
4fefea44a8c14aab3c6614c85c36a1e7d85b15a247193d4d861f1ea662b301ca,1128,205,1333
a1a80fbf7e4d3079763fbeffe278f873a47bbaeea0e77d6666698129a85f16ab,1318,277,1595
be4a5860af16baefb10d74be534e268bd7754f1c594fc833f3a977cdc2ac9e08,1603,205,1808
1ed7a4c69ce40e80c92e108c4489d117d08df19809a54153bf399e873cb33337,1128,205,1333
79083796b440c7d5656ad78e1c3ecb8c281c773e2133f0b0bd9b132ef4f58f18,1183,225,1408
5c182fc62172b92048ee5b19617fb1878c0480bbda2cb57d48c38976a680bd9d,1562,502,2064
f0de1f00ed99e5fbb40b4cbe675aba26b2e836aeb8518c23fe7484b57546ed3d,1592,206,1798
63a60668377b8ae91f2f256ce016a17f4de68600b5e395c6ec031b1c1a57c609,1128,205,1333
9a381114a0270720d86112828b90b2f736357e3bf2defe4a7c1c5f1f5c1952f9,1571,383,1954
3a3fbed5c4327b0e22c8965f234437ed0c2059bc35055dede45049ac7a80892d,1202,261,1463
420bd9d78b98cb1915886582efa3752856bab69ce1d414376cf42e10c88bdd8b,1423,218,1641
09ed8a170b43a2dc552898d0b4646853cd9dcc7d411f59a18ee443d7931173a4,1472,205,1677
92d5ae52f03138434683682e64538f63972c20d58d44ff0cf5f15f1f40030088,1113,211,1324
dd1a436eb13b18bc059ef4ff1f83b536ad0b4146ba8f2a75592e1ee12c511671,1550,717,2267
872f51153ba25be0c5d98ef13f39ef781a871159712b14c3c9e2bfcd737fab11,1570,283,1853
8c51851c9515c8790a85bccd9f6f59426581b207aa4cb8ddacda06f00f7341cc,1517,201,1718
abe970fd591f88b2a1c9fdbabbb2debd5fb70d4c98aab7f576a88f3848a8aee6,1561,211,1772
cf0843b6db139dcfa07522e51f76c6b002cf92f2c8626ecca03d7d453a80402c,1128,205,1333
ca3b7833c32d446874dc20c2616cdc828353acee36642e81d95257edad98032c,1132,219,1351
f83d1743ae60f90900ceb70f00e34808bf12d1282b7a9ac65e8eb8a40f11baa0,1571,281,1852
de13e0865fae1f7df42ebdf8c7fd5c6e06ebee315369e26cdd80ab053ef4761b,926,214,1140
ad45db281a7fc0530e82f26e03f846df501d3043510005a07c69cef014599124,1579,208,1787
0080d14fd694860bce2d28f550a008ad19c4636f45026b73a9385baffc5a1cc3,1663,1248,2911
0b5f7c23c44a4f2319e369f3f2394c6a48740c172f17cd6763ac5a6805ee99f9,1200,261,1461
cc865576ee8325f54437b9764b3b070090892160d7625c463ba015c097f606ba,968,205,1173
650e216c9845fcb3bd2ba97a5d0d60e9e301350337b5fc39bffa8c5ad74ae606,1128,204,1332
77365e697e472d89db3bbf2ea6d8f0aa608ff3e382e528b6be775de38de211f8,1178,324,1502
b46c79a3f8256751e984720cdd8096f3f4585b62607ba8382b96d6d84e27ab82,1118,212,1330
3ccbe34464b920b21a464ef9350c56a58a10332e5d9df06e09e2ea65ed1e6432,1565,206,1771
d6cc2ab7d8610969ba3fd86f84468bfa33e33e2909c9b315e27b956ff12d1cc6,1128,205,1333
7779a7d5f9cee0101f18b98371176e47240ba5d772435a5726ab373f2fffb4dc,1554,208,1762
f68c4fc78fc3bb0a7f2f1fcc056435084779d1956a5160cdcfb397c3ec1324f3,1540,285,1825
734d1c35aca0fc866dbfda03dee7cd4268c80f9dd19de23d42618e557c43e5c9,1622,310,1932
25b14810be96d521b65607cd532a44daac93aa0c84296a0bcd7d9127fffebe9a,1128,205,1333
9fbded7e33661dd5a55bf345c7b6bd9d5ef4921a2e411b4edfdba698bd5b6f95,1143,301,1444
7c7a23ba7bddc0d805dcf46a499b036a96cfecc57deccb9b7430c6dc41f13c54,1379,208,1587
33840caaff26abdc344d5ec00279299c00c36ba41c369f4c819b8dccf84125de,1198,442,1640
4da6ee97e4ab2369c74e6f8b1efcee9619f62b0bc4e78d980f30fdb57f261016,1082,205,1287
5140c21a0fc3c3e56135f8868c0008c03ee301a005dd8233823d78c73702942e,1128,205,1333
2ecbc955bf2a3ecdafa6017e1853a89194dc62bae13a24de2c5df1e4de26f7a5,1573,1050,2623
fe3a0f5d312c7b86c47386a8d95d4d972d6c37171653ac2d58ebbdbbfc503f62,1123,220,1343
c55b31131b2feb84b2d352589a4c038ced0d441892cac7db110573a90cdd5255,1481,205,1686
88a7f4cdc7e9896468e84ae5d97817dd730d0fb0f6b7998805791e3f16dbe100,1230,217,1447
b7db03fa77721b4d29b9c5438395fed93f9db9cb9da388109d8a94ed3e04a43e,1236,211,1447
a002332dca23f0298ee67fb714dd554e75eeff1e910cbc2a48f7efda6e168ca7,1116,465,1581
39aa28bb7052f8197812c37f122227a378d3aab7f90c41435670dd9496843efe,988,209,1197
0218ecedd7bf54849d18c898f56f6db3edace581bbf90915ad544eca955749f2,1128,205,1333
c2f1a2a7b29588f890a8cdf13879f2cabec17f098eb6b08a9aea03456e4ae6a1,1128,205,1333
bbf9ca2735a432c18ea6a7419a3df176b33665f1888bce811234b0aabcb3235f,1117,208,1325
96626c3e04ba47e8c041e5908e88cf2ffb918924f267336ad09afa06d0bcc37d,1123,221,1344
ebaf32b00d31ddaa8a746da15c9b68eba27a0d3bdb7364eb4d23e0c43557bc00,1167,223,1390
b25acd2a07b3db26761843d059ebf5ebe9461f7077f7dcf69b67857423e01a4b,1125,204,1329
9059a15879a0c3dcb456b65996edc434e16f313810f2f2cc3d38676625ebf900,1576,208,1784
aa4d3f8dc8d59787ded49a311d95cf6b22d86d3796a218098d2c569f50934d6e,1128,205,1333
6c655a603771f31715de449024a0c5be76a1e06d2db4e2b91be3961fa3156d69,1166,448,1614
0f8d7f5ff3df7bbbf532a4897f3208756cc742257269735bfe69f40321a894b0,1490,204,1694
958add3a16fe50fd904e63344ffce34e4029a6c885dcd0e3f0f73e18bef4d031,1126,466,1592
1bc95b9bd3259329c870fa92e88132fa64172a7a77e312432841fe08c721f384,1128,205,1333
a786da9632ddf9e0c819387cbd0cb6961de7494ae8d5b64956dff21aa9865e96,1139,220,1359
93c3f11fe8d142d90f0be6ce595647a153ad1e1d3c0a7fe3ccbaf5dc07d0cb36,1547,433,1980
bddce17e64a1ce8f608bf5ed86fce00acf9b165549749fafca1fabccd1643493,1096,471,1567
4fcd8b5edd588cc08fb9a15acb24360bdfddd6e41993b2f09c1438fd825cf9f3,1558,245,1803
89e37f0c2bfc929b1f0a2e214e593a03a9f8b62088568ef834fb0770583882d0,1651,440,2091
051aac0f2966f99c605ac7ca2475e46d8e98940db0f88310cbe7ac5e02aa6b6b,1500,356,1856
8be9256ec1efa80cea00bf98530e0434d5bc97b30cdc6aa8ce0f62c5ec575e1e,1226,316,1542
e4d81022b894af8dbab5ba907d5b6b839c5ddf9f845f949534dba061563265b4,1164,439,1603
d724e778b84f5708e7d6c9e8205e08b174c033ed349a06886208978a2fa17e26,1260,219,1479
f60e94409ed8f5ad2c48cf3d4206d2c1d828203596f12e7d85f42c56dfb452b4,1125,205,1330
24e039bef496fe24a945eab45f471cb5180dd19066fa0652d71a47326028f080,1245,219,1464
a60c89d4bcc87e7231cc26adbeb18e1dbb1e3c5f2b51482703b1319898c0c55d,1563,208,1771
e50b6821b28b4a8378b1dc77356b2462dfc80f30514694e1e3ff46b4546a024c,1252,217,1469
1cbf0930443207b7bb3dc8271ab8a4339c6db0c876ee422e9e78dc9db4393451,1128,205,1333
fb33e005dd60fd3bf5e9776a35b12c862a6dd7981929303b29c5e4ab4df7d0c5,1590,207,1797
c1dd86599b19098460bdbb157aee7ec3d894f0da440140977e0f6cb08b2f3fb8,1520,252,1772
f21b3ea42952afed5f33449c95829b239f5cec0c4f2a08c8e9286be7f21c79d7,1260,208,1468
48ddee4925d5a603700526a1036e89872177c753f14c96bb7e90bc31914ecb3e,1497,202,1699
0d25ab1e2b85c0fa66db167bd6d72aa65941d03e87c89ffc53e049720bc078cc,1185,224,1409
42a1311bc72a5a1ac6e1fb2f5c84db89f947ff84d1fb5487a34d045abc89e13f,1142,228,1370
e2a5b82bcb58fd79a80d762d4aad447776390ea0830fcd7d101b50dc0c5f1147,1128,205,1333
d973d1d46646a69eb3cb871ac3b9fe5078c5b2780a725252be7ac6e379052def,1244,309,1553
21679b37cd2053241e87b8d88080ae73970264ecf457c36ce39f7c3668d8a599,1125,205,1330
87528d72ee6a319d181e0feff0881f187f1178cf51cb7fe497c1dde9443c4b77,1532,309,1841
49eae6ef51d3e44931a4fe7e90ae79c2df28755a9a47a9dbf2650fbf8b7a89a1,1550,288,1838
649ef44c8af1c3cfd11a4da86706b1d0d42c23862097714b929b710e2222ada0,1451,429,1880
5ae23c12532dd27cbc4af99be19ee405cdaea90e613b0015192cc6f6de1e8fd5,1174,608,1782
d1ef0bbb30b4af83a6fb16b7fb5de973573ebd5493e20f7a6e9065efe65a955f,1140,292,1432
10e4b3b8aaffb027fe748bfd6e8b11b85d29f9f148c0a74c39f71d4b7049054c,1128,205,1333
de0829fc8588df7917c64780357910dd3052d55ce2b078f5f489293f731f4725,1594,208,1802
004c6ca7f8dfdd4d54685484c6fd821ae155537faf7fbfd71517090bb34f825a,1542,205,1747
a8372bcd7f705b853bde81d2f7661a8945099f38b465966e6a31dec60e7cb820,1535,817,2352
eeeb01d5efc93cefb54b1eecb91b8690cb399c633319fcde92d66c04ecc621d5,1132,206,1338
43753ac22d41e01cda4c84294526d147ccf60720f6cf8e9ab2734cd52c5f5316,1128,205,1333
90005032b41102cde0c9d3dc55b4e8fc86113983ccaf5c52325b045c09a07194,1128,205,1333
0f053bc3b39c17ef9389fc1d100cb4992e572fc9eda253346768bdf89afe66a9,1128,205,1333
0d360506a7e556a7ae62de29a4c4f0235642bed7d83799791ee44bd758918ab0,1605,206,1811
8a6f675ba39ab0f9db86270e8062b4df7fba50d21365415aec5f8b21f2e3e8a3,1657,1083,2740
a319d0c456891f54db53a552a265b26e4378c94e37d5a14a3ae4ec137b3962ec,1630,329,1959
024a5b512b46a50a1d9851750d9ba5cd6b9747096b038f9750a4970fe35e8158,1658,320,1978
bfce6ad0b46ec99d95dd37449fb2f198270f6b9dcb6c7027122395a81f02441a,1388,220,1608
3d8a4e18514e53e9894ce1fd50973dd7985c65976b40b4e0713268026afe098b,1392,210,1602
0c95dbcec43a7cc73137b95b05398c4697bcdba0eaf55b4a5fecc55febcfe5cd,1559,372,1931
8db3583833831a8ae4545042a70a7fe26cf4c26c87bb227e474606479fbf227f,1151,323,1474
c0de2be430b71a3137e7677d9ef0d5c343d0c7c332b5f47f2e1ca513f2bd330e,1127,204,1331
ed192afdc9a44840d9e40378fc71920e41d99c8e5cc9fde39dc91091ecf9840a,1146,301,1447
5ed728b534275f4d3b10d4f4ada47e07791dd7913a716d9e1b85ebbf33b114c1,1579,206,1785
7fa0694a74953101936a5205a88201cd13aebdbeef871637cf98f19befb6a948,1037,432,1469
99db346972c18f3c112b719292487c20c2a190c6ba7275a0a9e4156b94682769,1183,209,1392
ff628b22902e67f49388d11d31c1f1602a97667153a0abe6fed807fe3ea534ff,1106,477,1583
2e20770a9a3fa5f1cc8a2d23070e5f511878c7f6ea872683789460074072dd14,1128,205,1333
caa730a559995325fe66285652eeca73ccc11ec913775ed80740cabdec107641,1570,207,1777
e87caeb0533ac6b5b723ed95293dfc880face61466df826ac6e98bbb62c68b73,1537,370,1907
c7347da826484c6c53c61bceb2fd0761e9494abe4224b6720c58dc113d34ee90,1623,316,1939
93edbcfae2795f65c14eccf6b35e553df2a59915c3afe61275c8c94694fe75e0,1564,209,1773
874e85849e2a0c6563cbe71fa89d764436fa14d6eaecbd7891c0a33497a0b35a,1570,361,1931
86a7dd1456e1315a8fced24434d0b0ec9690c4ad5452f47078caca91f8fc9f98,1664,383,2047
ffc070c08da6621e9329901184debaca6cdf4c65d5960455f9fee2f5f5e2f70f,1196,214,1410
d3924346a386260e1d002bb3eaf0fff36d2e5e7d81afefe6b050bd3edf4a4ead,1486,204,1690
9233130c3ae4f22bdf1e95a84133b4a8cb8836ca9511e83d48dac0de79942bd5,1132,207,1339
81bea966da470432c3a2f2c08c0ddba6710f2c99aa124f33275a4c9efd88bda2,1398,210,1608
ca9a442856ed6d29c71663d141c3e7515f25313ea85568783d69e46cb3e0db2c,1569,335,1904
6c808d66a87298126557788699fec09376dacb31b21df3923ec64b38d4c96f10,1513,208,1721
53308a2d597cfc1348a4914133cc90bfa9ba7dde1abe19dd21cc00b60bfa3541,1685,733,2418
a1603e6e5f57fd6406ae7a82fcce70693aef791d568c551903ce11bccbb1ad68,1606,289,1895
ca3f080eeb2068ba0020cfe12da9f199ca72fdb92996caefac51ba7381e3fd74,1125,205,1330
9ad523294bde619f9dbeea7f12968c867c2dc7ef7ddbeba9143a44e722cf23d1,1337,361,1698
456d5c8cdcadd6232c80a3eea51e00b02c2ef7dff541a1e3c17a662a2779ed0f,1764,759,2523
986eab0183435b67844c246c1b3be62629ba3eab190b1542695e78b73801ce93,1433,420,1853
4058562676a4fe31eea9cc026f3f5954aa985c19b3587f3b1163a5f971008278,1749,930,2679
fda6f4788558c4f7605500efb020e38a7baf1e29f3c85e09433ed7cf58c97634,1481,682,2163
47344b7f8b63b61f3f903706772a3c0f4dfbe7ea35943baa8687198bd97f8765,1231,213,1444
acbe1e54caf77f1413c4fc1cc11006caffd5e6d1b593f4a252834ae2843bdf17,1395,210,1605
18234500a9cc9587017cef3bce2b529af1da92d912af49a350e93bd822451e4f,1128,205,1333
d6d31aaf44aba7db3b8623f877aefac8c806fbad2e660223e07a36d23b24d0e7,1569,357,1926
b4983a7c91ee0317b7d62cc8230847f51d6119317bac98d666315cc49b6db8d9,936,218,1154
7a7372e622e3f91d6f21d1da9e81de09811d52649135c97aaa7b4800d323031e,1591,207,1798
726a8887cd84b39726ccb94ddb5c3e07c6d397df5c95e51fc2f5b757d4500e99,1611,282,1893
5049110f0fb26f5b6d12e25291c59b7ab2ca9e2de9bd89146c4e204cdd1602d3,1499,206,1705
42e03c766ecfacd948cc1916dc04fb60324800276cf892cc973bc818c7581514,1260,218,1478
1c600b11754835a8c94b5ddec884ed3662ac95736b1966ce3d01d855832a5174,1128,309,1437
62bb1ed420fef77eea54e869c51b5a4dea7a24424646c0aa266f027ea78d210b,1128,205,1333
6981999226997fa176c44ebe948b7ba534041bc848d3d0ecd63e0f08c54d12b0,1886,1511,3397
2761c6bc3b1c552b934ddce4432f56f13271e9658c743e37f443630b4ceb2232,1128,205,1333
e3fb7d74134ad99f0ff47a1cd5c4aaabbdccdd9ccade407176dd6ec188a30ef8,1594,356,1950
188e5a79aef6a72ddb316586c89b102228747cf7cc6c7f2250e0aeba3413108d,1282,217,1499
ddb2bdfbdea22f1bbfa559f12e55c39e5cc3601252d9f27ad9de1188ecfd91ec,1631,419,2050
57610461653f7afe8757d0681324681f07d0d18bbc42f3a64724d84652edd189,1181,224,1405
c6eec584f75d7b87a8a041120065087f6d083ec27c2ef61f95d29f9feb7c1427,1164,200,1364
31bee63a920dcc6a234aba0118fbd061bb7933635ca86308ddcaea8ec7dca857,1212,277,1489
10c5487289c84d6d20a89cd10ca28e620a000e9d1942cd63dbe5df92838b6451,1651,423,2074
3537fe9f4545270f0bdd4dfab22341aa443e2d60914207264fe1e852394db173,1377,425,1802
2fa7d9443f556a19c496748931adda423029bb6758bb65d2006b49db96adaae8,1138,219,1357
cb5eb6bf0e39bb07c67248bdd7abe9fe910c6a199ddcc9215c01fec245469d67,1142,217,1359
fad3d54753962126b3475c7fc21ebac34f2600f719a3cec1c438ca0183893a1d,1122,728,1850
d384dfd1bcf866f96f427ef83a9d46df4b9c8bd9dd06c20a0e7dd8f2220a8309,1143,204,1347
78a0091b98705fd322556a1fb8427fc679cad6ce3c9c849f367157c4b9dc2ec3,1128,205,1333
cc8971248e4a7f3a482b2a9cd3770d4ab11817afa7e9bb9dbbce7c34d2469ac7,1395,210,1605
7cd02ef4e14233c521216a1bdfb127f30c036cd9420870033f57dfd2f9f1f536,1534,502,2036
f37d35c1f8e4b55fc7543933b5bad5a32cf590608d884d65182c5be23a4c707d,1543,432,1975
c3ee5c4eff14ffd70a7d705c0ee079f9eddb2975f377d19c53bb42a0e5b7b8e8,906,217,1123
3757fef41528a3cebbbdb2c128429d69b6e1f4696d1075d44a914c43fd3ba8da,1676,556,2232
b5d8982603ab6a502642499063d84daad1fb89bf205f366d4e1cfed9db71b626,1591,205,1796
2e2b1e2aebb36dfb58515ca4a74a8ca4e67ad18e163cf551169d0e3f31382803,1154,323,1477
4d44d655612738b3b5e08489789c14c9d9f1a8754b4ad466c7e190957620fe16,1398,210,1608
70de3f328bfb26d38c535512d45632b7a75a394b75373e0b0ce04615ade8d0e1,1146,324,1470
0201c91ef6f1da01851dd8faffb7547615f75d70f00ed5a2c055a1c641b19ebe,1571,207,1778
2aa30c40cfbfdc60ffe82cc91ae4326eefd6dda2a84ff14f0e8e2178bc1fc319,1613,723,2336
722ccb03db6a584859bfc20110bd187d8e1a6e70477739d90fa60910e0e19611,1577,208,1785
04839b3fb8c92b2e11419d0e4a82bd7f02cb0c2451735ade172436478eaa825a,1427,504,1931
9a896b19f553edf6f9a83793ea12b6aa587991c6350471155be6c8a748185197,1271,210,1481
e64efcc9c2b648664ab25467b50f7bf171d678ab907185e20351e3b7cc01cd56,1128,205,1333
5a989813ab1a367bb10b559fa35c0360ff10dff5ba494114da3fc605a4b1b282,1206,225,1431
0c00f20b89efd883a184fcd1e01f838c7ab1fc6bc1316336cd0520bb7071662e,1479,332,1811
f95977813ac2c7623efb9c78bbae1d3bb752a690e4ed76f5e547695282fb5b85,974,223,1197
1932f6bd4b4946458f33f2cdd3805958cf0517830975c688c191be3a74a4ef20,1128,205,1333
a9b0f5df20fabc70d678596c7b19ddd53d03a75562d504b659ad487a21dfc372,1582,492,2074
b507fb3eae26729643c3112641536714ae59db033b7176802d2d0116ac46f160,1568,352,1920
841b1de201241cdf2991f0628475f879ac9f5bb54d9e7cb25dc3d7e28f430342,1541,288,1829
e6804d7bef0c37a1d84add0d0630a422f44e502be241ed449ba4e22cbf4fc398,1128,205,1333
43c68e960414853319f410c9b92064d8f560fef02e2845d67c230a46dd0e9131,1473,438,1911
8146df8bc2e221f26a953fb9c73be5b8fad54ff2d9f5470b25db000a7de428b4,2228,471,2699
cb0c097cc8383e8e5bc2d633ecd15358130b458d36dce80d499e7d6e8eae6f6d,1479,224,1703
c3838eaaa8945b059b9e0da5d7f4cb7aebf9fb827dbd87d301e19b47e53cd035,1128,205,1333
b79de36f3fab6ae41ee582766f1c902b17211317b5df0a7b69c179f834e77784,2267,769,3036
ca4edf46cbfe4ef7cfd5c3228e2e0544896cba1333ce5fccc095b0b10da5998c,1261,211,1472
8269200b2352dee028321808970620804081ce48f241672b2ec5c58a8ee2c5e6,1267,423,1690
c506f36d61053332904d55ab0789e044ef12c74ebf52f1fe29de1d5f985a4c0e,1128,205,1333
486c62243bfec9ae0ea816eb3a89bd63b0c031ad9d2fbdbeda9f5c53a349fd34,1477,204,1681
d6669bc4f79a330751101f50b33060f48e59a9084c8b0383943bfd36b3022850,1568,431,1999
49ff95f39273252f03160ab8d260a265f3e2918f59fade6c125c2d1b7e4c4f5b,1436,419,1855
1f5d00b78f8d2a33bd40d961889daacdd30781db8a152f1a5a4c907206e81c46,1394,210,1604
6fec73c9c2b268e1fe9181b3d851b19ad1e2c9f996003169504ddc8f6da67a7c,1138,323,1461
0c245f35c93917a65a4a4df06b29e55370848ecf5fd2445e001a915cc3865f08,1224,229,1453
e1a83e602db1c85b6c858e07552e7d9961f1fa21c28b3ec152f047060c53be5e,961,208,1169
979973ca0743e14e9ccd4053764e60b3012e4d56cceeb58f5eca8794551b6ac1,1395,210,1605
7e2c06469adcb72940641fdedfe4dba0e636fe0e9176cf8f8a735550c4b46faf,1608,245,1853
873387c0f48a49f99c95e2696026bac275a327b4f298fd66615bc495bfdc60ce,1394,428,1822
154af818471946ca2c8b1719f5ec797b493bf93087b33619387b572094d184a9,1544,356,1900
3665917e00ef926e0c287be6433540607a910c57f2a3313c69f3a330918b295f,1438,225,1663
09a79cf3e2676cb14a065093354b5a276730213fbdad14ab3ec393bfed780314,1128,205,1333
7d6b9d625cc666dcbc6f6945ea1006fcce2a5554cbb072d3930d1a9ab2f67251,901,221,1122
d1499679414c4f8ab7e30fa45f42a14ad45d8512824b8f6c61a3eba730f5442a,1576,280,1856
109ede3b790f81a8e62686703e4a86998bfa94236b1043e3ad17f2e11ef0b4ef,1128,205,1333
7b4e8f406daf88b11b66b833fd7197ba9619d4bb53083a9d110511ae3eaf1066,1277,215,1492
fdfeeff789aa85a7be9482b075a440b4c1641bef39df2aafa37a81218c9d8c24,1259,206,1465
8b2de34639f66b5b9abea8ac8f5f234da1aac310bee17128d917b708a47e159e,1262,502,1764
4ba022a177f3e2dfb033770ebc276e485e1a3e1adf6b9fe8782ec4141ea7af68,1552,207,1759
ec4f5eddea88827ad1b1d6cfa013f9eae3831b23244fd4d233ed3887c3c9cb61,1127,205,1332
955370818192266b7c6df6afb687b999a81a9ca4d4fe76f2f2855cc69860e536,1144,299,1443
ed516a69bfa2f68962445bcb0dd626d252676871ba0242441d87ee503322f24d,1178,356,1534
2005f6e3f089ad982fe1bc9c5673f9716536410f0c28b38fb92e32582f65c486,1467,227,1694
87cfd8161b16c835beebe3cca39599537a360b3327a8e7e63f93352ba66ff096,1157,219,1376
34eac937a18bdf22be390210833d87a6d736a83e062ed00e1bf26ad2b212823b,900,225,1125
ec48b775e91b758615a4210f9d1070182f371628cebeb65024ea70b398599a5e,1509,139,1648
798ec89b239ced20cca820679d0e576c8098947652aeb1a422f50b307f7b2ba5,1256,311,1567
c6401a24c8a749f019c81cff75585e157911e8e702430c0d58619b4cede63ed7,1178,257,1435
37e2ee86090ab964dc2779d0c36450c6302971032be65d320c39cb53b1ff7be6,895,211,1106
bcdaf1cb5821d4fea0798b7b7911251fe285d63539bc7ce0a06e4fcde05a5f67,929,210,1139
a2a50e6758be87c43f3d7f8bdc01d311767f180efdc936617cbec6212d9a2eda,1178,224,1402
ccca714a6778b9b2c9c9e4ae090228015608bfa945cc21c0ee07a1acf254b494,1128,205,1333
3f9f05d1ae8f4541bfb4bcf7add2697ce4290eba417ab582309233c9591faca0,1128,205,1333
b51b76c09ea956c801d6bfdaeeed0c8f1af82930d0e88b82e07c503956ef793e,1191,310,1501
07cad3eb37f70b9d23329c419771316577156b3e24c04b3d00e0fe1be9f14ca5,1139,228,1367
0ea8eaad7f620b58cf5019f606d5f730474505b52c60410d4fc78c36803b7b49,1108,548,1656
490ee34c09e99b4a6a2eea2c09f408867d62d0baeaaadf7ec4d36b68a812aff9,1282,210,1492
32e05ec95b5c0dca82b9608f95529c76abf0bd82243174e466b5795ed74d7780,1446,441,1887
92d5596d22da6f58bad64ad667f9cd72105cb425e3a8759f37e8ecaeea3b608a,973,204,1177
cba73deaf9cba7be80a2ea177979f3e3dbeb673d61c7b322834f25ce96aabcf5,1128,309,1437
8737606cfdb8fb692c641f98fa312fe921411ac6c6dc8de90a02ad3aa3340648,1132,224,1356
5928b0c5c379addc2fdf611a992dea2dcaf307705c94f329be2ad45663cc192e,1124,306,1430
d617a30fd44ac73f91a329df1bf4940bc8b9e811221ac41ecfae0a0bd80b5c9d,1128,205,1333
6fc7b55d11916b4550c6b8f25d6c1895e5daa920c5bae4192b1a8c670528c0a4,1130,551,1681
837d368f50332e2cfb4a3840ea444f6e93beae5887c3bab1530414084be40d43,1538,358,1896
bfe43976c153521908584349ffcb978ab76194e1476213463bbafbea8e339d94,1422,208,1630
e5353f166e8d12c179abdabbf0cd05745474d3252c6dbd149770c461e705ce0e,901,215,1116
a1a1bfcf56a36ef48c98732b31252e1cae70e2a1a8010e5409cb42c56e0806ed,1398,211,1609
ee42a18237e561a2b50838305c681c46b82127d44e0fec007701cedc59e23646,1183,224,1407
95179fbbd043239bb3505396e1782e29ad6ad8aa2ed9dbc2f5f5d86135e7e0ab,1259,213,1472
1649d0cfc47b1d584791fb5e2d6cf874d377c55b491523f9e13d427fab9465fc,1128,205,1333
cd0b29c34fc09954b5bf888424dcda9fe0aa5b810a1fe341f06376df737aeb94,1542,280,1822
3eab646b67e9359a8807735621bcad97ff695dea9f8f7be65a1457d6d0700fb0,1128,205,1333
3d29adc6fdc32e16c2d29ce40c8298224a3ee37474ad3eeabd452177ead2f4ba,1136,220,1356
d2ff2c092543ecad4f5c7de6765455015064c6288c9657a5f7ca3760296605e6,966,204,1170
57c5084759e790074b43d70bc65bd7ba88bd8fb1d1334825f5f737a6fc937438,915,224,1139
f44386031be0402d03b23ce917e5680dad33f3e40b75852e7bbad2d849eef134,1007,214,1221
0274690877f6dc6f2bff54af41e75ef7ba30a1700747a406ff654b69437058ce,1574,338,1912
094652ff60b30131249f04b19983e27f50653e4dafc9256f03b68018894699e9,1128,205,1333
d8f7e1f3d25081e060253acbfea7b3bed8f37c9f1820e0388bef85d7a7d97470,1503,280,1783
d33b96e37056cdb3f8a7d7161380a42a9e7955845c857bf70fd68d2e99968e98,1555,368,1923
b5e370baaec006b3e96b9320665ff5bf97f605e08e45595b528247f4d1f2e083,1139,229,1368
077dc04b8a071437dbdf8d592b021c94d7635e40268d8a11535f5188b04c58dd,1617,314,1931
2b72f66772ab7786c5308b0c6ef16e80ab443b5513ed206d25ec4b4318fc8529,1620,318,1938
219bf99a4997f852dbb9e57da3e7602979da5766891742816fd5bc53824a4f6c,1512,211,1723
f99b52e6cd88e564e66695ea6065d75d434afd90cb1ab7b68c26afe1302138bb,1638,556,2194
af9ff9a26965426f7d7551ca5823f93cefd5c029ce6bb6c2c33f35fc5a996237,1562,210,1772
c9ef700fc71b4218f3b8f702dfd2607536dc43eb9dddd96896ba6ecacaca6368,1645,865,2510
21b41474ec1eb11a23ae05e6141383992e49b83d72ce798353340d99ce104ba5,1132,306,1438
da687e60e60d2ea0aefcc9389e5cee4fc615c17a9e0eac02fb4ba09ef9dbd1c4,1401,210,1611
beb825daebb2bd17bdaf507106d716cbd3355dbabe9eacdf92fafed792c7403a,1201,302,1503
970ea2442e3ec1ccbd4d3fbb5420af91ba77245aff5b637bb87f22f533c4898d,1531,502,2033
886c15ae25f2139539a40ec9a4f2ff3cbe6431fcb5f98209d9e7458a0b00ca25,1128,205,1333
5d9e6fcda9ace7a7f4d27ed2e30dbb0e3a3192d81f3f899daa5d00c29e5fbf07,1433,429,1862
cadcea332a0016475f56efd454d1a28f864f168671031a1543aac1b348e3655e,1371,210,1581
4ac55a888f6ac1b67fcf50e2db98aa2ca6058464223d2d751653029e5b7252c3,1623,317,1940
3493c001195512e91d095527dc9f88ba07b98a7b9e3e3e856392f6267160524f,1207,321,1528
1fffa59c0f4be42ff4c3973544787e7d75b6b6281ee28c5ebe1086b60cf2ec12,1128,205,1333
4f370f3fc763d4b1b05424ea4af7112b8cdd623ac484526b0bf0922058a40942,1128,205,1333
b016756c7ee115f55fe52bb35a9e53e72b8975e43af19a0da4bbe449db30720d,1642,465,2107
ed1edb979da4415f13494c803548e90e6e11f981f86cdbf41aae0697eb947224,1175,215,1390
5c5007fea935fb5413a3f7990addd47486edb232fcd0860ae89a6ca15702ad6c,1565,356,1921
ca5943def504230b88d461f7f34d722e986154fe5b576138caaa0845b19a690e,1271,211,1482
bb448a9b9623906c6a670c7398efe8e8a35965e098e3b8ef364a4e561386abb3,1553,356,1909
ef1963f2de434e86e07c22f1463cad5a7874e0d8ab886eef77356b1cc82824e3,1613,314,1927
75a94d5f2412f75d5dc0e7ad660c77bc2fcdcac5576068a314601784103c2b27,907,224,1131
bcd3a4299d0709cf748b826a14c7498b8ae0f86c20abe335b881117294f93215,1196,211,1407
83b784cbb14b39c4ef129170145e4c1b3a0c09f3c2d26b11cc8b638d9225582b,1459,204,1663
a4c845dc40ed7e4233b0f251ee7c155f4748f89447df4d80931570e0665bf2b8,1153,324,1477
764cfd4b882cccc736ca4362096d111c5211d11d68b02690cf4594a668799d00,1534,284,1818
19c631cf4d65b8c7c4fc433603d5f660408ebbdde5391a7538c14935f8746390,1189,302,1491
a1a65baf55003d6c6ee9fb2881e8fef40b8e209f87755d11ad2bf9ddb2b68c7e,1148,208,1356
854ab29b6a475b80503c9d4f4d1e6a1949e6ce7d3f563a88abd71b1e50a562a2,1516,208,1724
a52601ffd72f0ca39c0260ae163a6aba99e4194147a80e1b4a63d87162ab227e,1398,207,1605
eff10a8f87282598c17360eec5726d5bcb9eddfae992cc65e8b082d78848ac62,1128,205,1333
2a412bbaaa06e52988a26cb847e2459e8b1ccd65266473a83c569495a708552e,1128,205,1333
d3fa3280fa0a6f8492377ad6f3577e34c373d23b57d24085ea07a70ea25be8ec,1156,323,1479
466ed44eaba1fa7f873815374f5773ab22ab0cc6dee251781063e49c47f7672c,1012,211,1223
01178f25a59c0243231300da4d41e96f68dcf7b639c2cd293294df53d1468ff7,1406,217,1623
975135122da78d305b53c9ae2d0611f2812ea0cab816ce7ef9a92aed3b533d4b,1419,206,1625
a9e12d33b47ce60eb0699c2feb39bf843fe8cd343bbf421b7825604a0622b80b,1566,208,1774
50a14061a83fdb471696cd6e5df17e7f15fc9e990a93511a372b1c2b26fdec1c,1637,832,2469
934b9ec987ba92207aa5fef597f64f976d607f6fc8760db1a89fcc57804a7d6e,1438,224,1662
6e9ba8d17f4a6efe29edfd251a40f4902501bd8e9af93183d165d028dc3b1b70,1558,206,1764
c7399efe96cfe849025271c429a00d4b6e1fb3ec8611bcd4b32e368e094c24fa,1445,211,1656
e33cf83f4c99a04798ef4b4b831bed95238f196990a477842f9e4e67057879d6,1619,315,1934
2dd9a93c92c208ba072712e9464cc88ea150bd7ae32db0e1533098478d478940,1423,218,1641
c0daf02af7f4943522dbd1d743560e16b743cd486b67f68a8df08e7f48c15d5b,1142,328,1470
e471ff4d9ec0a8fe88b2bdd9841de941503afa598660baf78e5378df9dde302d,1632,321,1953
d5ab8ff7fa47bfb9f313d18d191b0c5b07eadf1aa306c2b89a6067ab599ee2a0,1137,213,1350
cc37e1f11edbd558d261b615d1ce809fb00b8c3d813b7d250e5d46657e7bb2d9,1525,356,1881
580f1565ffe1a9e1feb1f85958a26c0bba77c81c7c7419deb2f0c73454ec4d66,1127,205,1332
4a5d71086d931489adf005e23bcbb1fa7bdb21235b31f05e0473a5d0a4dc4e0f,1570,207,1777
42d1bd6eee71992aa94a6fe0e0b3cb57333fa0b45651fd86b8fca85191549f3e,1128,204,1332
3ababc1003280b10e5d8186f72b13ad6a2c931f3760e3b23a6e31be606ffe360,1128,205,1333
e35702b72583bd00e882a8e177a4e66c2c24a492f498c6715bd4faaf88c2b769,1623,323,1946
0bb19de20654a02299564d42eaf6de1bc383dd600389953090f130041a572547,1403,210,1613
06af8d52d708bc21262950f87bf3546be55e32a9057370c614f438b2c26a994c,1568,288,1856
048d01e242f355ed034e9bc39ad98aa616643008675cde15e95fae2b7d7eea8c,1820,460,2280
4ba2492746b4fe8539c93b0bab0fe612a8b73c3cdd32e68f856404c62078d081,1128,205,1333
74cd61660b2dd7923d4fad9747cdf33121ff548dbabea04e566e1a9835d58a95,1386,210,1596
48d1f690a1dbb138b39b49db9dd4af540af9ec6fd164e17f283570061deedf57,1552,207,1759
bcc4a3ebfefa3e9e743b502789c59bc3a8f460d04cefc2ffa02e0d68947a9b69,982,212,1194
59ccc4085fe4d728eddcadae91e6dfa6929ebd0c6231ff7a1f8d4e88aa487799,1195,303,1498
b5087f3bcd83384d20f6cb3b92badfe764777aa6a8f3bff72e63356e4f251a62,1808,317,2125
380657d3d75f4b2224c48d17c53969bab390ed97483b8934c843456eb0b14875,1442,427,1869
d82b38507a46fbd62be5f9dc795eb87b6321cec0c153ec2f5b2d936ec576b3a6,1603,295,1898
e9d7e747ac9764c370dbf3140422fb908e1f0c84e44bac7238f9c5a3990a5678,1234,580,1814
eef8e0acbcddde4738bc1e6466c5326e7d198bd268746236bb49e2541e47c8d3,1557,511,2068
2e0f075ebed1b5e61dae6a789fdc3d1862a59d3c3d2b8920e4c3f5a8fd0d43e3,1075,283,1358
baef68b57c008a8b57ed55b0fe2c0c43e590bb7bbe4d8e172c4b7a0069131dd3,1467,227,1694
766405521f47ec05b062f1db2a48e98022a89be4aa606fcf67af1ffb45a66b53,1034,359,1393
5c743c9bf1e75db51b5ea607a205f3f767a0a3f3f53900a50d2259415892d505,1523,592,2115
7cbc112e3ee18d504a5b2239e6842752cafb386b1cda57985e796d0856012c6d,1143,237,1380
09c4f9b5a77d2c3f4d7c6974a6ec97c0dc025793d39f77f49bf9727bb46f47c6,1128,205,1333
e5507dbf48950d3340fdbb838f0eaf43b75496a4e9945c594d80f10b6e732f5f,1510,585,2095
bc718885fa43f8c4c86589bbc229e62d763cd48821d53a18560729c8518b7bfa,983,212,1195
73cfddba46632ef84957f287276e09ee80d42e59fc23f0e6837fe1a1e1a5c035,1247,206,1453
6fae96d9fa0ce92176aac8694a84097c97af645faf5e99dca19ad7b72dfd22bf,1549,350,1899
b587bf92ad25820d44d9b117deec542aab020b1ac856974fdef7174920454e6a,1145,301,1446
80135cc5bcded03083db7345e66472c2c2b3b8e927732991828bfcce74bd4884,1128,204,1332
f3ddc49ceb4dceb941f8f87606594f76201c41ec8f85c4d1d6e08b70c31d3be5,1560,212,1772
9d8cfd04aa6c04884605d7d1cca5246fc5865c7a83d61aa1d45ed14cf7748ede,1390,211,1601
e5db6dd01b45c31c7e57f1e2c558eda5bba91ae804e88bd08a1c017e064cc7e7,1179,763,1942
8756a75c0e00880a67a2f5e8a0e319d85f80245f1a8bce8a881c359b6ca4cb17,1017,439,1456
e67a12a2493cbb083863191f627dc477ce15c689bbc82625a1f9eb12ad011b23,1237,217,1454
35be188ea77447ba2df55dba25bc26e3258582a298b801f19b3ef7375e83b7b5,1448,357,1805
ca6cf902eddf7556253bc91cc8767161f21cc751d2f85c17449c6e673c207e89,1518,510,2028
c7541acf074094139310439b53fab830be7d1f2f2cdbe0b5b36e35ea37399490,1723,805,2528
23dabaa856170d083be3590d19cdeae9f87b201e43b1fdc292dc3f89a617185a,1132,224,1356
c8c688207a7d0217cef4103fec49094071a8cfb4e4acf5b04992bf7bc9cf1144,997,210,1207
e851a348edcbc327e902dca934e5b1fa8efd38d7f457c7bf72bf94aa849ce064,1128,204,1332
db95e7a29d186078fe3283b1cd47bbd7a9a5dcdf799c08322d0f8483e3174bc5,1456,505,1961
e1e181e3aff2e3f5af8506df3caa20b0fbc34dacd9fef67bc01f82d9c58ba3c0,1196,367,1563
fe2a0defb59d906cf49dc4bdd7d11e72312469280eefb8b2796714eda973dd32,1118,211,1329
2851cf2c1c67e715a890ef4e4b7964abfe9ff2c3b80053d65fd9a49399436b34,1571,206,1777
f0370b90ccf13f0dae73dc1cda05d9ade84502ddbffba02a7f039f381b2a6743,1069,516,1585
6075f0a427d4638783f0fa9223750ebd826a87b46c4699892b64dc9e13f5a2bd,1275,555,1830
71ef4b9b4c02e886d0bca40c096c195c76749fe88200fa5bedf21ab3ca3dd87f,1514,631,2145
c90e964fa719bec2446d50da68670940578828a163c846e04af26448915ef2dd,1099,232,1331
6a0f73f1c7446cf1092f8624f66a803277b5c49e1715cccb46f035f6ac0653b4,1187,747,1934
c5dd4d157d8e98dbd64f7bbf3f7be61f2617075ad9aa4ec7dbae722a202d5577,1313,440,1753
374f31a7f2f3e507badaa97462325b6ceb5094c3881e4c9e683aa0bffd48829d,1461,500,1961
c46b5b8fed22afa4c7b2090a2efcd09cf668888d04a2ca2219667a12de3f815a,1140,628,1768
3f8c5f923f44576af23a00845c7b5c6abbef94c63d4cdedebfee897125c47b54,1401,211,1612
3000b17afa070b5a1e476f365ad26eeb2082d1c3bab4863c7a68e3669f8f8a64,990,214,1204
8f0241b4b8f595626944fcda750ee6ddb0929d8a4bc94a7a77aaa7140f028800,1123,210,1333
5c72b756dc4a52d8249c0735f7430922342c783d199fddc11cc96fa6a19a7c7d,1793,1517,3310
9ec973be4d2e60c6e9754b76c781b2345b4f362cd6632e4830d6ad7a120f5123,1562,207,1769
ff8e67d4768de3391cd52400a45efe423682069f731a2cc1dd5d5e1e7c80e99e,1401,209,1610
00e3ac20511a8fb8815734b6099b59e24ca655018bdbc623e9b1ef980094137d,1020,205,1225
81ee4afbc24fc70e4fef52622675814439bf8a92a6a603a0ee9cc4dcf2808e90,1128,205,1333
0a62605ab76bfab59cc8bf2d699e9c6b5a777041ed920aaa57218240f6dbd415,1514,429,1943
1dbe2bf3f1a6a0d4ca0cd7aa387e57066c41731773304a80a3d4a718422aea3d,1275,216,1491
bcf7be67d78efc771205001fe9fbdf1d310774b5c689ce6054bee04e4edfd172,1253,286,1539
0f7e510b5e7d533bd3cfc0f07d46eb458ec21b4af10d2cb61ae41f8a1d11f1a8,1486,270,1756
a8f45ec313bbcd580aa3004730a21e936dcae117b503bf11eada8a5e8e5928e4,1128,205,1333
a2524a38d669630bb33d416da5a335a7825fc8644ec26ad555801ca2e54364a0,1476,281,1757
ab4433ba02e449188b6beaeff8ef51e156334f4b5e30b6786857f9d19056d211,1848,1512,3360
9a36c89bfbbd11112537b98086f68fa126d52c020381d5fa61a299b99f1aa8df,1434,223,1657
16775dcfd0dee26d4a88ea26d2b6f11e9eda3fc0ed40d5b17868c0b2249c71fb,1568,288,1856
19697eeedee20af19ff4d40a45187db599161d261e1967fe30e1745b3be50b89,1142,228,1370
74e5c49607d6a3f022dca7b417fb6dbb188fb9175b5ebe180cf90d590358c8ac,1465,227,1692
268646038bcaa3a788d08a412f21eb77b51889e296af7daed5f07f7ff1db4bc8,1403,209,1612
2fcb0253df6340d619aaa616913fe2a259d23a2adb1ac7f1da39ad6cf15b160a,2133,2108,4241
822bf36274b6606fa870476267a47f152bfb15496231af8218b1c1f8d3eb483b,1389,210,1599
8399752872d0273dd1d0041f4572e899d11066e0e861fc0e3104c83294609dde,1128,205,1333
949648703e66581bf4dd16b8292f16c98f725d92e5318ba817b0719ca38fe42b,1128,205,1333
a2f2fb9cd080f13e666e991ab40f0325fedacfce2c6b48321bc0909d56308f56,1264,212,1476
72a95dde5a15bcf951e9f89750aebdaf609b6ce04cc07e1be13cfb3e982bec15,1579,206,1785
7dd675102f1a80f0f5b712d37121a49f6e84926c54ae80f7566ceb4d49fe203c,1593,326,1919
e824f11e16c7ca5d6c88eceafd8819d9dcc68b25d0d3a517d3c997b0bfffd592,1561,211,1772
bf03cf1eb270a21a9654edaafc20f6b015623e6327a2799e4ecc21282f554a67,1218,290,1508
7ba8ff9ae23a38d59165f85c7d615d3e4c71fb47b82a020d2591b94c44993765,1418,361,1779
7f140b30360326aa76787565e5e4dbfc3fc8cfbb99458eadf0c32b5c03e86b22,1575,206,1781
4133209fc57cdf89d51b09fad30a599a33d016be9e4e0817e387dbc685c84e65,1582,207,1789
1e331d11ed061677c93ffe6962d330a6affc44a43762a2ac0084a24dfc679c4b,1128,205,1333
ef0d8e7d2129419c5a36ce0dea4b2ae6915ef9e82574bf1fb560177753ff07d6,1146,378,1524
4803361a29ff4c8de76930c375dfcc1c71b28ae2c1110aece9ea16c126144991,1118,211,1329
ad6713b5bac8d50ebfd2ff691cae2a93c00cd56174e25057afc3bec0d5d187b4,1096,216,1312
1d330704c55d663dc14da5d2d8295145cc5ecff7517027161d90f02cf3534c68,1847,1519,3366
c5f9adf7899cd3ab134a81ddcba2e8778ef876720f26b15e649a97ff93913685,1128,205,1333
ec9123bdce311adc56999e83f010b5893f035e0697a3230eb1c8f638bc9109d9,1282,221,1503
7f39d49c8f6b3fbb00c60f5b9f8d732bfcb8d6012a37d17d96be9efb05f57e42,1397,218,1615
ecfdd90cbb331b7b0bf8660be517e4474ce4f8932deb0e00f0281f658ab91dcb,1247,218,1465
adceba1e7eaa82f515c7d780c24881d820dd0eb74639ccba80ed896835f87722,1435,223,1658
01c40cac3afc5ca61f0bf33f56a430d20022c335499db7bc470e28bd769d8ed8,1253,288,1541
0dc390618c5d3fd85f16808ce571fa8f7741c694de50b74fa269c6ccfa15eb28,1555,358,1913
ef9cb1fe5be518c6b79168368cf75403bdb10b8368e9263999ee38d721da7672,1623,442,2065
667b66233fe127788f78feb896ebf81b687c7462ac7a9d91c992461759603d6a,1262,211,1473
bd354a06a09ca1a6f287ddf9d11cf85c352d2a584fadd4c990c6c279f663e655,1114,556,1670
1667fdc34355db2ac9c98c43b65dc0a9c255bd4ff059848e881bbf1f61cb63b7,1608,287,1895
f0aa09cee9ffa23890f86b9a34b1f5e5f6d8e6f1a7e302af9d5648bedb6b58ee,1508,355,1863
3c385304ea336c77e5c0224d77ef4e8795b2a02b9836fb131e59c0613c5f0e67,1132,332,1464
d54328eeeb8ffeb8461da5923a52672e73a3a9841bd89fcfb2f1a45315c0830d,1403,210,1613
79484d551d2c35109317a9e96d5ddfca833741fcd4c3e27bef584151f64b5808,1128,309,1437
bca1e83d9a879cdb8bc721ee7fdaddf226c56b97671d2c9cf70a1cda5284b792,1253,225,1478
641997b3cfcfc0ca2372017dbe3f9576e5d730b998b7e72e2b1b1d715423349c,1505,288,1793
9a12beea5960ad59ab76aa1429c358a965400b395c5ba4c9d3b75047b95a1ec6,1120,556,1676
7156aea4117353b8ed2355832de75556cce21b995853d9c1d047b78525536124,1198,332,1530
0acb04d3fdbc562371c31906d5eb06e798354ea21d41aff5df1dca33654bd0c7,1390,211,1601
363fdcb20a4243f54c1c90705b4426860a66910746595a9c44b02549d043efba,1100,225,1325
572cea0bb9c54470bd2ee4ab53a3017ec5be3d362f6e04fc026578e99b87b3f9,934,210,1144
b7fe677b3539ddbd7a8fd32e011958180528040ab5753ab53208713764ca7f7c,1161,218,1379
0db0656eba55b0227ff18ba66f2af44ea9d82213996f2af84cb7dfba4468942e,1235,219,1454
212fffe0673f41de17b7a5db763e6b952e0cb1e02dcf9d004a2ace8ab3655cf2,1403,210,1613
9b5b785049e57dcca16185251548b1d2730f9f4a36856b2fe86795cf74702a61,1128,205,1333
480ca97622601e0334e8162a3982a95f5417e414f82b30782357f25e13f36d9b,1796,1492,3288
dd455933c15d30be364cb8930b76187c15aa4ec577a05cd51f2ec2119936337d,1127,205,1332
ec753951f144276cc453488d4971dac5ffe61837b4492301d9336db6a6eccf36,1298,224,1522
025cdd8a964f46bb515f1c2853df650aa06ef8c328bd0a02736b6744b1b37ffd,1170,226,1396
6c904e6b6897adf7d3a9f05e582a44042ab697bb87471ebcf4dba1ea3b2451bc,1540,430,1970
bd13e740332e10916ddbd649d277a65a26606e0bfa824268e830337cb4dc7aca,1178,319,1497
c645ba50cbdcb399a8dac609c23782db9f71f468bf8cc492a8d14e83a5465b9a,1596,366,1962
422b6db057b2ac05353bae137eb94eb5c04629b74a7e61d52a2d3d78013e01a3,1141,431,1572
3f58ce51bc122351c3b3685e96643e3b0530e1c4d72bf533a320825b961b89fa,1403,211,1614
d3241dd8a6cd38a9ee48a36a690d51e09aad7ddb1a5ef3c498f9514d88a0b271,976,207,1183
5810895f0943eea1e9a3ac6d893930def9657dfa133e767c6df5a76a0c9dc745,1127,205,1332
c8884b4e00d6d6c6355915659fd28c0fbabecf1b15be8915525bd100c7a3c6e2,1252,647,1899
3c2a570792b01c75b3ff3a027304baf99998854cc17a63c40b89b4e84c1e1e80,976,207,1183
5b21e1baba3dd9bfcea54b5dfdb81a746b77467782f23eb2711cb8b01e8402c6,1610,284,1894
e3d03992a554178313db7d4fffb960497ec6d395a7347c8e2fd08f10c325692b,1403,211,1614
0138ad2d64ba3a878fde800ec1ebaf9984387c7b341e237b2d6e87a7869b37dd,1267,217,1484
07ed8781a93ec0ded971a9640e2e722861a081d8e63072fc5b350e85232c4938,1128,204,1332
67795dcafa94216eeda03e89f50d2a1737e7f9a57eb23ae3cf03910dd9fc1e98,1389,210,1599
4430db535b96c136690b7786eab0a40b9cd454c69efe0a40dc3ff670954aebc9,1128,205,1333
40b93081d1501a75329d4a81150ee8492cb3d16d287fc11f404f0d9909668593,1128,205,1333
31030ec6d1e1fbe0a3de237c584679cbe79b7aa39f35ebcbac739c7f7cb0d2bb,1628,312,1940
663387e951647ba103cc3e831ec9eaa305df2abee378f356aa74188a8cb4b739,1556,397,1953
8eb0d16cb25583cf131e131d4c3cfeb131b7b923452ec3bbbbc5ea3dffc72409,1419,219,1638
4389be2b81300cbe1ce312c5456e4ab4658e1eb03ff2f9f194ed358dd1e168cb,1128,309,1437
5c53275723b4b4b1970e456b5596c3ab94858adeba73a22e70fa2c7200fbf38c,1480,223,1703
ff2e8c8a871541f18b61f490c24aaa77ef64f0e02440505298423d03b6d02632,1468,503,1971
f86fc467a2ec22fae5c43f52eada8f93cc39294bc17eedd221636ca67cb86677,1431,444,1875
9e2e803b83a96be38715d6de3fc3b00d7b3f466870360d0ff21a4baf44066fed,1588,362,1950
81c047a5579c47c01156ba275000b84411ecd7b18dd5db1e92e30f64f1b2b497,1315,221,1536
b10ffd67686a7d4c197dfb062fa46f9d58f86f3217c22105e84997a84d8c856f,1318,646,1964
45d14ce1fbffd16c0b6e2caa97d03477510a2c66add3fff1d5c19aed862597d3,1277,216,1493
ff4f7e7dc9cf27db8d5dc48843b9ae4904a540451fba5edc02ad502135e2b57f,1266,280,1546
71401335f9085a5d833b7c4b1f1befdeeb9590f79aa8629b55a8e9b28172eb60,1263,285,1548
0a467c620f766d0fffc12651ec24504fa61cf177ed57acf1d1246120af2cebc6,1215,200,1415
45df6ff64224f972b96826fd283868d2c4e6f4a4cb9c3e166c1b3653da95a5f4,1592,206,1798
cae960aa7c68cff9f3b458b9e23ae1f712e58e92bdee40fe748f7c86aef31e06,1566,432,1998
fd03885c84f5041f086a6cd61477f2287d93bdb4628fbba3f9a116389200b172,1175,325,1500
92fc012331066bb91a10a80078f355854134cabccc08fea58fc51c0af47dca4d,1127,205,1332
fdd55b6dc5a8a0bdcf3973a2a254ceb5df8225d36dc8d35e2890f776366ccda7,1258,218,1476
272ee73d6392a4df6218cd8f0602c69c53af13258284b045deab2926681ba02f,1319,249,1568
6cf2370324490fcf3b748313255dd3aab28e7154cc59b233cdd41b46faaecd4f,1289,221,1510
6281f5f2ca8b3c3d7235b4939adfa3f825781e733b19475304192a278a02f1f9,1106,216,1322
794105dcd76910732ffed4df8ad87de607818e84a45812a7dccbb9e938d9fd4a,1586,253,1839
0abe2e237109c2879c8e450482deddba8415791961bb0f2e2ca7e5ea0dae5ff7,1302,220,1522
e007c29d29c445ddeceee49fb26992d1c0907385e8100da6c66154966a65328b,1567,372,1939
7053b8872a24ed8ff4ad293fbdea7a835815a1351dbf550c96fec20f1c9f6046,1587,279,1866
0ae36e2c0b1ac5f9fb67e6f800ce900d23cb7b5245af084f084ddc123ef52768,1515,376,1891
22b459baa7e0de78680a3706d4dfd3ffb07dd8cbfcc9b70e0d103d87d842eb39,1602,207,1809
1e4fd14da85b247b3033712721d4d6690db696b62d19b5dfd7ba454c80d2b482,1586,507,2093
fc4224073b1a4a8906672f8d0ce17b849b3591521282956afd895c3fa1b7f640,1243,215,1458
af5a013c46032f1509a25036f10169ace330877edb7fc35b7cdee7ae026f08de,1258,218,1476
de08936f19428f55ed802556e40de8ab840dc8eaf374b86ef7062e75240295ad,1537,301,1838
d6d510eec319ef6d40ec3756acd2e1bbc72d12c3eb69f1541e750413051be0f5,1387,210,1597
120774f321b4fdbea7f7f97d7eeb328a5cad54b5305751cc36f53d0af8785751,1518,355,1873
95a1223b0cbbee698fec2f7d83f94b2b885ba0642dc4a122f8ab4dd4316b2e8a,1403,211,1614
12cbf4db73e1037d86cbc8dded0092f235b6260ba0fb19abc6f6f764c906e7f2,1478,363,1841
79462dbcf82369b19d625201e9b9e13b6d69dbf1c52c4f8789b95b0dd77338a5,1411,215,1626
387531bbe095b26f0344f792732adde6abf270da556b1fe3e2a2392275816443,1501,289,1790
f64c8d998c776a9a8e99d468146c15a6edb3d9347051b7ead270bcf50c57bfe0,1345,285,1630
b186d248a05de9b4b481975e54cee88e98c85aa25fbe598b097012c8462509e0,1597,513,2110
390a4d14ec53bd2fd84900b579a243414b1e4772d9269b644cde7e4f79d88968,1268,221,1489
2617cbfc84d6c6ebfb922e6bdc1e0c899ca86afa5d814b15dc2762a2ac823f50,1589,532,2121
33e5ebd9f0d8455f796833ceb1071830f0622b3f1a209a4e1bb212f5446def73,1128,205,1333
54e817ac74ac0cb17e1e4852086b858f663269d55f88963bc8eb388b6d2991bb,1629,314,1943
e1e34518f5c6f8b9b009de88e17177d8d9bae3dbf399a404e09c2b8ef708b721,1505,389,1894
0d06536de7cba95f3b6a6a4da1c1e43e7f83394e2ace8dd0771249ee1c4328d7,1494,505,1999
e67b57b189e503a70a4ce9cf38130cf335daf44883615fbdb5c006b9da32ee9a,1485,368,1853
a8f80cc09867f025454a30c0354b26da654c84776356500c1a9a0ac91dc93784,1263,210,1473
b7a14869689ddece55de1ef22ecd07a3faed99b7b5bffee4ba9fc723023e30d0,1592,228,1820
d1fa69a31c58c8df73932c2b3efe72406d7d5b7a9f3c771dbf0a0283674e7aed,1128,205,1333
e5d758c99c76b8006e905b474f004a70263331978c6fd166497e41a25239f0df,1128,205,1333
f918f882f0017bb5edc2a7e74ae3461f6f4b34d2e6a3080bf105aa410a1054d6,1560,282,1842
2354cd9a05dfe7a934986865020dc5d7a2cda33a738047a511d795d898d2768b,1440,435,1875
21f5dadb888227355d53552b642fcf9925dd49ec02b741e2def0856596e08d92,1589,209,1798
f130907f4a8cb37cd974b77429e69f6cf277d289b1b1ee4adf910229bc285ad1,1389,211,1600
548277c978422dd42df200e242e34d373f55cb48c1dacd39a95a8cc1dc027b14,1382,213,1595
12f3b7887ca85d46e2439a35b33cca02cd0c993d39924983686aa671fb6cb955,1472,227,1699
732092ae501622175e55dea668e15cbb16d6d96d8eeb669d00dce0b155119f09,1395,290,1685
bc544897efe6166bcb9d02d0f25fa378464ffc5b531ba14b436b3af92325c75e,1475,284,1759
8b10996980795a9c5e7d81434a7a881590befad454b05764fa8f9f7672169fcb,1414,214,1628
4a18a53cfd862e1d3508b7a661525e6680092515481cb2799d30efde07f0aaf7,1548,511,2059
ff9b968fbe4696e31b28f2ca5f7cfa06198ae28a8416fec7e8e8245e90360e92,1128,205,1333
750661ce73a7835d3b35f49dad59d0bb52358c5683bda900377fe0057405883e,1472,228,1700
a956276d24398ed023a9d2472acdd7a97a63754bf1586544f7043f6a491d0b9e,1405,219,1624
28db256d87d9da98edd17c54bf21772549711b3cb42f46320adbfb073c0c29e0,1128,205,1333
35b3eeda48bacd055cd4ca83b3baea7ad93b93ada66b834defd2cfa47a781b48,1128,205,1333
6614bf7074db3ea41f91be980231a37e762812f3751e9c6d98cf48fce0b7a0a0,1401,211,1612
ad6803cabf9e1b981fd3d54b7a992522a481d8eda8b11770689535272bb70708,1303,220,1523
d1b9258c97832ab608f9073aa5e7b5eb3c59bca090e68ebded7c090b06b3e9cd,1128,204,1332
7ed32ea4ea8910c0c12edee79093a3fc4213063e21c6676a63765a23c4ec656e,1253,288,1541
83ea0d0782179d9807c1595c5924dce9fc60c555d719f88d5358e90308c74134,1280,219,1499
547c0b395c1d8d12f5e18bc0377b428b542467d0662da79639f07db5e40dcfec,1574,284,1858
8731aef53d81e68a905b2503026b8970c3c441f2f24e882f8852c181c58b05c6,1390,210,1600
f9e725e9ba5b35be50fbabac82edb823f4717b444c62be47bebf57118305fbfc,1613,737,2350
46ae545a8af7e125e78ef6f63063bb90a71b22e25fc03fd70e97034ba37c0fab,1470,215,1685
40d8ca6a68b3a2e019c818860641e1216008feceeaaf200904137c0cee73500e,1658,427,2085
0b4b57ff78d351d07ebb772bc865451092c0771c4208b5d5a6fd973b1defee24,1282,225,1507
cc49244f2249744a54098cd6dbad6f73fef1f375067f4f41ac357b4b0c522b8b,1485,207,1692
e9b774138df11281bd9b13ec04dabead4cc19fb05a2cb3ff33ea55af9f6fd20e,1978,312,2290
562abedeab6c05e1d0854b0df19335dcd834b80ef87de33797ab3f9fa48291d4,1128,309,1437
99dda119a6a956347f30c427ecb5a9e9b9325e95cce81efc89bcbfca130ed55e,1758,1563,3321
e2fec5966102baf87962e2e6ff7416313652adca2f8c913a53a0667e7c456f70,1487,222,1709
8184e93b5ca01e76e076e54b0b7734d67ec6be160772bfd285fa5fd094b9e157,1478,434,1912
dbb87bca189008fe983ce24dbf163182ed239a318226d4193910f4ae51acec2e,1426,218,1644
a5516642af78226be854e84e37ad2ee464b84b228ccca489d7713a4a2ae02872,1741,998,2739
90165e31a715955a3ec4d0eb647ab33db82b21d4503ccf786150ada3a60f5ffb,1814,1520,3334
b5909d6c7c3eaeb389c7977af0303da4e3818f0e66e3e5f4afd896cd780aedf7,1282,287,1569
851bbb0630a9c8be445a36fd9137fe95c95cdde9d7d7fea62116ec5db5aa7a7f,1927,700,2627
8b89276a3d942e4c05400b58d44f554b2e0d1199fcb6a24f5877eb5b05a6b3bd,1536,666,2202
a3edd3e0b9c6a4690f9ddf6c20dd9679a97d7b4bd4a8e43595cb42c7e4ecb9e6,1400,681,2081
d926c514464190754d33a1ce95e65ac763875957dc7f154b4f412bce5fe420f6,1876,1512,3388
12e7f31326e4e2547a672333d0088e658421055ea73f450006fa9e752de16cc4,1822,1529,3351
b34955dd4bd162b19aea46cd2eff6179e488ce228bf8de9a2e10c157a710ed48,1890,1528,3418
